1 0.061390625000000004 0.4816481481481481 0.014661458333333328 0.051305555555555576
1 0.37909375 0.6798611111111111 0.021614583333333333 0.07399074074074082
1 0.48825520833333336 0.6058148148148148 0.018593750000000023 0.0702499999999999
1 0.441265625 0.5284074074074073 0.019156249999999986 0.0716574074074075
1 0.41084895833333335 0.45120370370370366 0.015046875000000052 0.05368518518518515
1 0.30440625000000004 0.3815092592592592 0.013505208333333367 0.0507407407407407
1 0.4581145833333334 0.4263888888888889 0.013927083333333338 0.05745370370370366
1 0.5013802083333333 0.29589814814814813 0.013697916666666643 0.041675925925925915
1 0.5906614583333333 0.3976203703703704 0.010953125000000103 0.05133333333333328
1 0.60990625 0.40938888888888886 0.011619791666666638 0.05311111111111112
1 0.6432135416666667 0.42856481481481484 0.01261458333333323 0.0558703703703704
1 0.6281979166666667 0.556787037037037 0.015953125000000058 0.06512962962962955
1 0.6471614583333333 0.6930092592592593 0.017171874999999896 0.06469444444444435
1 0.7738437499999999 0.6677037037037037 0.023604166666666752 0.0694537037037037
1 0.8495885416666666 0.6396296296296295 0.017140624999999923 0.06866666666666674
1 0.8241145833333333 0.5150648148148148 0.012916666666666762 0.06475000000000006
1 0.7558802083333334 0.4315277777777778 0.015041666666666724 0.05785185185185187
1 0.7214010416666666 0.38408333333333333 0.01548958333333322 0.04995370370370374
1 0.7074427083333333 0.3900092592592592 0.013156250000000114 0.05390740740740743
1 0.68403125 0.3378148148148148 0.011937500000000038 0.044435185185185196
1 0.6597864583333333 0.33485185185185184 0.012390624999999982 0.04245370370370372
2 0.5513437499999999 0.36085185185185187 0.011291666666666582 0.04897222222222221
2 0.35592708333333334 0.25378703703703703 0.00977083333333333 0.03852777777777779
0 0.3664479166666667 0.7020740740740741 0.008276041666666718 0.015814814814814747
2 0.9472760416666667 0.7329259259259259 0.025411458333333314 0.08362037037037032