1 0.06467708333333334 0.47512037037037036 0.01499479166666667 0.050379629629629656
1 0.38988020833333337 0.6794907407407408 0.02265625 0.07152777777777777
1 0.4923489583333333 0.6020740740740741 0.016776041666666686 0.06843518518518527
1 0.4458697916666667 0.5246574074074074 0.01842708333333339 0.06535185185185179
1 0.30046875 0.391037037037037 0.011458333333333333 0.0503981481481481
1 0.4238645833333334 0.4510833333333334 0.011437500000000019 0.05165740740740743
1 0.46355729166666665 0.4240277777777778 0.012666666666666633 0.056055555555555525
1 0.4954739583333333 0.3026944444444445 0.009427083333333286 0.04309259259259256
1 0.5930520833333334 0.4011111111111111 0.011020833333333258 0.05057407407407408
1 0.611390625 0.41658333333333336 0.012197916666666704 0.05447222222222226
1 0.6413125 0.42514814814814816 0.011177083333333353 0.050564814814814826
1 0.6301979166666667 0.5569166666666667 0.02191666666666663 0.06465740740740734
1 0.655046875 0.6922962962962963 0.02765624999999995 0.07395370370370381
1 0.7763072916666667 0.6634537037037037 0.019984374999999943 0.07035185185185187
1 0.8428645833333334 0.6388796296296296 0.015322916666666705 0.06780555555555558
1 0.8185260416666666 0.5126759259259259 0.02073437499999997 0.06182407407407406
1 0.7461770833333333 0.43357407407407406 0.01466145833333338 0.05538888888888893
1 0.6991822916666667 0.39075 0.011968750000000009 0.05088888888888892
1 0.7123697916666667 0.3830092592592592 0.01128645833333337 0.0459351851851852
1 0.6780520833333333 0.3410925925925926 0.010281249999999886 0.04324074074074078
1 0.6438229166666667 0.33778703703703705 0.011130208333333277 0.036629629629629686
2 0.353640625 0.26212962962962966 0.00977083333333333 0.03559259259259264
2 0.5457656249999999 0.366787037037037 0.011958333333333352 0.04653703703703703
2 0.9348333333333334 0.7237870370370371 0.026484374999999952 0.0768240740740741
0 0.37171875000000004 0.696 0.007682291666666666 0.01551851851851851