1 0.05181770833333333 0.494037037037037 0.014052083333333328 0.06856481481481477
1 0.37529687500000003 0.4455462962962963 0.01548437500000001 0.0654074074074074
1 0.3589895833333333 0.6964259259259259 0.02211979166666668 0.08359259259259257
1 0.4321979166666667 0.5368796296296297 0.01967187499999999 0.07725000000000005
1 0.4848385416666667 0.5989629629629629 0.01939062500000001 0.07632407407407413
1 0.45344270833333333 0.43424074074074076 0.01615104166666666 0.06684259259259265
1 0.3263125 0.35085185185185186 0.014953125000000018 0.05645370370370373
1 0.6313177083333333 0.7173703703703703 0.02410416666666677 0.09178703703703714
1 0.63490625 0.5527592592592593 0.01909895833333337 0.0801481481481481
1 0.6607500000000001 0.43700925925925926 0.019364583333333248 0.06516666666666666
1 0.5934322916666667 0.3894722222222222 0.013286458333333447 0.05430555555555554
1 0.6147447916666666 0.38430555555555557 0.013958333333333428 0.060805555555555516
1 0.5221875 0.27035185185185184 0.012890625 0.05183333333333335
1 0.7875624999999999 0.6782592592592592 0.027302083333333373 0.08220370370370368
1 0.8843489583333334 0.6364166666666667 0.02194270833333339 0.08218518518518518
1 0.8548281249999999 0.5246759259259259 0.022802083333333438 0.07736111111111107
1 0.785421875 0.4267314814814815 0.01875 0.06780555555555558
1 0.7400260416666666 0.38003703703703706 0.014583333333333334 0.056175925925925886
1 0.7492760416666666 0.37689814814814815 0.014906249999999944 0.05940740740740738
1 0.7087968750000001 0.32439814814814816 0.012026041666666742 0.04568518518518522
1 0.716125 0.32212037037037033 0.012770833333333323 0.04872222222222223
2 0.5754791666666667 0.34402777777777777 0.012760416666666666 0.054518518518518515
2 0.36993229166666663 0.22858333333333333 0.012369791666666666 0.04037962962962964
2 0.986421875 0.7581388888888888 0.027156249999999934 0.09556481481481485
0 0.4285729166666667 0.5878518518518518 0.007489583333333391 0.013824074074074133