1 0.006833333333333333 0.40546296296296297 0.01265625 0.06109259259259261
1 0.3080208333333333 0.4052407407407408 0.014041666666666685 0.06034259259259255
1 0.4873541666666667 0.6601574074074075 0.021083333333333343 0.0772777777777778
1 0.48752604166666663 0.6396481481481482 0.01804166666666672 0.0798425925925926
1 0.4668177083333333 0.5015648148148149 0.015510416666666653 0.06515740740740736
1 0.4607291666666667 0.4444722222222222 0.01686458333333339 0.06516666666666672
1 0.4523645833333333 0.39549074074074075 0.013989583333333281 0.06938888888888894
1 0.649296875 0.46746296296296297 0.016999999999999935 0.06606481481481478
1 0.406640625 0.2971944444444445 0.015182291666666714 0.05162037037037037
1 0.49935416666666665 0.36774074074074076 0.012968750000000048 0.05596296296296291
1 0.5525208333333332 0.3179351851851852 0.012791666666666639 0.05101851851851854
1 0.5845104166666667 0.2250740740740741 0.011687500000000028 0.04562962962962966
1 0.60546875 0.37983333333333336 0.01438541666666661 0.05460185185185188
1 0.6864114583333334 0.3006574074074074 0.011776041666666733 0.04951851851851854
1 0.7006927083333333 0.2743611111111111 0.008223958333333314 0.04802777777777778
1 0.7437552083333333 0.3328055555555556 0.014046874999999896 0.059722222222222225
1 0.7607031249999999 0.35488888888888886 0.020046874999999888 0.0588148148148148
1 0.7846197916666667 0.3789351851851852 0.015479166666666563 0.0588148148148148
1 0.8494166666666667 0.47187962962962965 0.01743750000000001 0.07489814814814819
1 0.8115520833333334 0.6067222222222222 0.026234374999999942 0.07561111111111118
1 0.8493333333333334 0.6302407407407407 0.02098958333333343 0.07906481481481491
2 0.3530833333333333 0.21508333333333332 0.01204166666666661 0.04367592592592594
2 0.6005364583333334 0.3149444444444444 0.012463541666666581 0.0555648148148148
0 0.41703645833333336 0.3151111111111111 0.004411458333333348 0.009944444444444454