1 0.19861979166666668 0.3838425925925926 0.02265625 0.06887962962962961
1 0.87409375 0.6884166666666667 0.031994791666666585 0.08925925925925934
1 0.6222604166666666 0.4108055555555556 0.021296874999999934 0.07110185185185182
1 0.8229635416666666 0.4297222222222222 0.028510416666666552 0.07572222222222219
1 0.8919270833333334 0.5877407407407408 0.028000000000000115 0.07997222222222213
1 0.249421875 0.2752685185185185 0.017124999999999998 0.056287037037037004
1 0.48473958333333333 0.2692407407407407 0.020229166666666624 0.05647222222222223
1 0.5701041666666666 0.3135 0.020119791666666723 0.05663888888888885
1 0.3753958333333333 0.4928240740740741 0.019291666666666648 0.075787037037037
1 0.5551197916666666 0.6586574074074074 0.028854166666666715 0.09025925925925928
1 0.38673437499999996 0.30521296296296296 0.019572916666666627 0.06017592592592593
1 0.44415625 0.3931296296296296 0.01606249999999996 0.07189814814814813
1 0.7691510416666667 0.36348148148148146 0.02418229166666658 0.070537037037037
1 0.657671875 0.23635185185185184 0.017932291666666583 0.04718518518518519
1 0.7908645833333333 0.33075 0.020156249999999907 0.06509259259259255
1 0.6696927083333333 0.23875000000000002 0.022421875000000095 0.04708333333333335
2 0.23041145833333332 0.2095 0.013026041666666661 0.05393518518518518
1 0.3616979166666667 0.6245 0.021442708333333373 0.08718518518518525
1 0.5413385416666666 0.22032407407407406 0.01874479166666661 0.03340740740740739
1 0.351171875 0.37230555555555556 0.017848958333333324 0.0705185185185185
2 0.5502239583333334 0.3054074074074074 0.017911458333333265 0.06260185185185187
1 0.48946354166666667 0.21075000000000002 0.01865104166666664 0.050722222222222196
0 0.49555208333333334 0.2283425925925926 0.0050677083333333425 0.008509259259259256