1 0.5262499999999999 0.6777500000000001 0.028843749999999998 0.08548148148148142
1 0.8614947916666666 0.6776574074074074 0.02952083333333325 0.08970370370370359
1 0.8354427083333333 0.44460185185185186 0.026265624999999914 0.08039814814814819
1 0.45545833333333335 0.41330555555555554 0.024807291666666724 0.06928703703703708
1 0.8842864583333333 0.6016111111111111 0.026546874999999897 0.081175925925926
1 0.6315364583333333 0.4344351851851852 0.022776041666666677 0.07016666666666664
1 0.6141927083333333 0.23247222222222222 0.017135416666666715 0.043824074074074085
1 0.32081770833333334 0.28199074074074076 0.0203125 0.05643518518518523
1 0.22674479166666667 0.38705555555555554 0.018380208333333314 0.06809259259259257
1 0.7737499999999999 0.33608333333333335 0.020697916666666552 0.06418518518518512
1 0.628109375 0.2606851851851852 0.020598958333333427 0.04675000000000001
1 0.7304010416666666 0.3378333333333333 0.029354166666666733 0.0544074074074074
1 0.46493749999999995 0.2784537037037037 0.022317708333333287 0.05227777777777781
1 0.6690625 0.27051851851851855 0.01832812500000003 0.05569444444444442
1 0.5518125 0.33143518518518517 0.022994791666666715 0.05701851851851856
1 0.43482291666666667 0.3231203703703704 0.01782291666666668 0.06337962962962967
1 0.40099479166666663 0.49520370370370376 0.020864583333333304 0.07214814814814817
1 0.38644270833333333 0.37282407407407403 0.01952083333333334 0.06915740740740746
1 0.3988697916666667 0.6461944444444444 0.025979166666666723 0.08885185185185189
1 0.4949010416666667 0.20195370370370372 0.02091666666666671 0.04962962962962965
2 0.5602291666666667 0.30067592592592596 0.017520833333333267 0.05544444444444444
0 0.4955989583333333 0.22728703703703704 0.005723958333333338 0.009000000000000025
2 0.26555208333333336 0.20030555555555557 0.011854166666666662 0.04859259259259261