1 0.2963229166666667 0.5037592592592592 0.027145833333333275 0.07338888888888888
1 0.7763489583333333 0.5963425925925926 0.03114062499999998 0.07206481481481475
1 0.7024114583333334 0.6058611111111112 0.027281250000000055 0.0667962962962964
1 0.6297864583333334 0.5232777777777777 0.02684895833333343 0.07348148148148138
1 0.6027604166666667 0.46147222222222223 0.028166666666666628 0.06810185185185182
1 0.2697083333333333 0.38904629629629633 0.02709895833333332 0.06447222222222222
1 0.1965625 0.3204814814814815 0.020973958333333324 0.05624074074074075
1 0.33618750000000003 0.3249166666666667 0.02233333333333339 0.06158333333333332
1 0.7504010416666667 0.4280925925925926 0.02538020833333334 0.08131481481481487
1 0.7207760416666668 0.3789444444444444 0.02202604166666665 0.06766666666666671
1 0.6846614583333334 0.41520370370370374 0.025927083333333437 0.0709537037037037
1 0.077671875 0.4181666666666667 0.023817708333333337 0.07050925925925924
1 0.5355729166666666 0.22531481481481483 0.019244791666666632 0.04799999999999998
1 0.47884895833333335 0.23955555555555558 0.01832812500000003 0.049935185185185166
1 0.3892083333333333 0.3973611111111111 0.021677083333333277 0.06609259259259259
1 0.49409895833333334 0.35562037037037036 0.020406250000000032 0.06374074074074076
2 0.454234375 0.33287962962962964 0.02614062500000003 0.05808333333333335
1 0.20857291666666666 0.5895370370370371 0.03277604166666664 0.0816111111111112
2 0.092140625 0.21064814814814814 0.020609374999999996 0.04658333333333334
1 0.12013020833333334 0.28637962962962965 0.018119791666666676 0.048398148148148135
1 0.6043697916666667 0.2801574074074074 0.017770833333333277 0.05667592592592596
1 0.30149479166666665 0.23116666666666666 0.02058854166666665 0.05246296296296299
0 0.4374427083333333 0.5348518518518518 0.011515624999999948 0.017324074074074106