1 0.05560416666666667 0.4876481481481481 0.018666666666666668 0.07120370370370374
1 0.36641666666666667 0.6877222222222222 0.02517708333333329 0.07784259259259253
1 0.4848645833333334 0.6051388888888889 0.019598958333333392 0.0768055555555556
1 0.432203125 0.5326481481481481 0.019942708333333316 0.07617592592592591
1 0.38799479166666667 0.44531481481481483 0.01939062500000001 0.06563888888888887
1 0.3185364583333333 0.36312962962962964 0.015067708333333367 0.05749074074074077
1 0.454171875 0.4309722222222222 0.01604687499999997 0.06266666666666662
1 0.5150625 0.2814351851851852 0.014364583333333295 0.048342592592592624
1 0.5924427083333333 0.391712962962963 0.014510416666666732 0.05730555555555554
1 0.6128489583333334 0.39260185185185187 0.011953124999999905 0.057111111111111064
1 0.6531145833333334 0.4315648148148148 0.012390624999999982 0.05990740740740745
1 0.6313124999999999 0.5509444444444445 0.01328125 0.07915740740740741
1 0.6373177083333333 0.7116574074074075 0.029739583333333285 0.09012037037037031
1 0.7806302083333333 0.6756574074074074 0.026046875000000115 0.08139814814814822
1 0.8715520833333333 0.6360925925925927 0.01769270833333323 0.07346296296296288
1 0.8408541666666667 0.5203796296296296 0.018588541666666694 0.0753796296296297
1 0.7750677083333334 0.4235555555555556 0.014927083333333258 0.06167592592592594
1 0.728796875 0.3843981481481481 0.015822916666666725 0.054537037037037016
1 0.7388645833333333 0.3780648148148148 0.012598958333333361 0.0576944444444445
1 0.6949322916666667 0.3241666666666667 0.011489583333333305 0.03887962962962964
1 0.7011614583333333 0.33167592592592593 0.010598958333333287 0.04599999999999995
2 0.9711614583333333 0.7454814814814815 0.026708333333333438 0.09053703703703701
2 0.5660937500000001 0.3482962962962963 0.012984374999999914 0.0555092592592593
2 0.3656510416666666 0.23637037037037037 0.012520833333333314 0.03730555555555558
0 0.40368750000000003 0.6321574074074074 0.008510416666666624 0.01812962962962956