1 0.35042708333333333 0.3267777777777778 0.026901041666666715 0.06468518518518519
1 0.40416145833333333 0.7078518518518518 0.031026041666666632 0.0794629629629629
2 0.36228125 0.38864814814814813 0.026151041666666687 0.06825000000000003
1 0.7875624999999999 0.4442037037037037 0.025624999999999905 0.06572222222222224
1 0.14744791666666668 0.6325277777777778 0.04139583333333334 0.08322222222222211
1 0.07951562499999999 0.7188425925925926 0.049088541666666666 0.10095370370370368
1 0.278328125 0.5651944444444444 0.037208333333333364 0.09259259259259259
1 0.8969479166666667 0.5099814814814815 0.027744791666666657 0.0885740740740741
1 0.5528333333333334 0.4295462962962963 0.026942708333333343 0.07069444444444446
1 0.8208385416666667 0.4236111111111111 0.024505208333333427 0.07921296296296292
1 0.3497395833333333 0.8794814814814815 0.043411458333333285 0.11167592592592583
1 0.0515 0.5169444444444444 0.028458333333333325 0.08179629629629621
1 0.302859375 0.2806388888888889 0.01917187499999997 0.05829629629629633
1 0.6258541666666667 0.5962500000000001 0.026473958333333294 0.087175925925926
1 0.09589583333333333 0.4160462962962963 0.02560416666666665 0.07155555555555553
1 0.6564635416666668 0.6017592592592592 0.025333333333333267 0.08279629629629637
1 0.19267708333333333 0.39866666666666667 0.02297916666666667 0.07643518518518515
1 0.7188385416666667 0.26107407407407407 0.019968750000000077 0.05796296296296299
1 0.11934895833333334 0.43624999999999997 0.03733854166666666 0.07554629629629632
1 0.5082916666666667 0.2414351851851852 0.018312500000000044 0.05104629629629629
1 0.7784270833333333 0.3113611111111111 0.02307812499999997 0.06163888888888883
0 0.3400885416666667 0.9144907407407408 0.011510416666666618 0.020379629629629623
2 0.17821875 0.17931481481481482 0.015890624999999995 0.0511111111111111