1 0.07403124999999999 0.3998425925925926 0.017677083333333333 0.0728333333333333
1 0.21630729166666668 0.6041666666666666 0.027671875 0.09747222222222221
1 0.291515625 0.48059259259259257 0.02714062499999995 0.0816666666666667
1 0.27648958333333334 0.37207407407407406 0.018687500000000058 0.0728148148148148
1 0.20128125 0.3072777777777778 0.017135416666666656 0.0635277777777778
1 0.12607812499999999 0.27325925925925926 0.01766666666666666 0.05563888888888892
1 0.3266458333333333 0.3209351851851852 0.024531249999999952 0.06769444444444446
1 0.3926145833333334 0.37010185185185185 0.01853645833333329 0.07119444444444444
1 0.4786197916666667 0.34314814814814815 0.016177083333333304 0.0658611111111111
1 0.5709322916666667 0.4343148148148148 0.019937500000000104 0.07238888888888884
1 0.61321875 0.5338148148148149 0.03424479166666667 0.07706481481481484
1 0.680359375 0.4007685185185185 0.017578125 0.07468518518518516
1 0.3144166666666666 0.22374074074074074 0.017765624999999948 0.058388888888888865
1 0.47256770833333334 0.2353148148148148 0.015791666666666634 0.05376851851851854
1 0.5127760416666667 0.21472222222222223 0.01552083333333331 0.05421296296296298
1 0.5838802083333333 0.267712962962963 0.01590104166666677 0.06303703703703704
1 0.7023697916666667 0.36327777777777776 0.01995312499999997 0.0783611111111111
1 0.7425104166666666 0.4116388888888889 0.01877604166666676 0.07791666666666665
1 0.7706770833333334 0.5748888888888889 0.029052083333333437 0.08287037037037037
1 0.805546875 0.5925925925925926 0.02279687499999999 0.0882037037037037
0 0.6624895833333333 0.5303333333333333 0.014364583333333295 0.023842592592592592
2 0.4654947916666667 0.31803703703703706 0.02116145833333339 0.05959259259259261
2 0.09314583333333333 0.21000000000000002 0.01765104166666666 0.0540277777777778