1 0.5974427083333332 0.5930185185185185 0.021531250000000075 0.08092592592592601
1 0.3576875 0.35318518518518516 0.023479166666666627 0.06574074074074074
1 0.3459583333333333 0.5872962962962963 0.02958333333333331 0.08750925925925924
2 0.5466041666666667 0.3021203703703704 0.020859375000000093 0.06015740740740743
1 0.8842135416666667 0.5676666666666667 0.024375000000000095 0.08103703703703702
1 0.8937916666666667 0.65225 0.02826041666666678 0.08804629629629622
1 0.17111458333333335 0.36830555555555555 0.02084374999999999 0.06452777777777782
1 0.348515625 0.4692222222222222 0.024203125000000013 0.0741944444444445
1 0.437171875 0.3552592592592593 0.018583333333333365 0.06587037037037036
1 0.77709375 0.33220370370370367 0.022369791666666573 0.06308333333333332
1 0.8038854166666667 0.3705740740740741 0.020656249999999925 0.06832407407407404
1 0.6494270833333334 0.22762962962962965 0.017411458333333248 0.047472222222222235
1 0.21491666666666667 0.2583611111111111 0.015901041666666654 0.05410185185185183
1 0.8169062500000001 0.41344444444444445 0.02190624999999997 0.0728333333333333
1 0.3412135416666667 0.2794074074074074 0.016380208333333358 0.050555555555555576
1 0.6039166666666667 0.38437037037037036 0.022385416666666675 0.06857407407407402
1 0.46118750000000003 0.26078703703703704 0.0198854166666667 0.04628703703703704
1 0.46829166666666666 0.22189814814814815 0.01824999999999998 0.04033333333333333
1 0.6123333333333334 0.21487962962962961 0.01711979166666661 0.03550000000000003
2 0.18666145833333334 0.21334259259259256 0.01335416666666666 0.05263888888888888
0 0.36413541666666666 0.2920740740740741 0.006312499999999943 0.01228703703703702
1 0.44928125 0.21167592592592593 0.014031250000000028 0.05187037037037035
1 0.5653489583333333 0.2924537037037037 0.012796875000000086 0.05286111111111114