1 0.3706041666666666 0.714787037037037 0.02681770833333334 0.0760833333333334
2 0.35912499999999997 0.39460185185185187 0.02559375000000005 0.06717592592592589
1 0.8983229166666666 0.5164537037037037 0.029739583333333285 0.08909259259259261
1 0.117890625 0.4428796296296297 0.033552083333333343 0.07480555555555557
1 0.5516458333333334 0.43607407407407406 0.026286458333333228 0.06931481481481483
1 0.20985416666666667 0.4066574074074074 0.02893750000000003 0.0728518518518518
1 0.11086458333333334 0.6464351851851852 0.043739583333333346 0.08481481481481473
1 0.627171875 0.6042314814814815 0.026026041666666562 0.0838333333333333
1 0.3060625 0.29005555555555557 0.02120312500000002 0.0587962962962963
1 0.5109322916666666 0.24414814814814814 0.019406249999999996 0.0483425925925926
1 0.054963541666666664 0.5200185185185185 0.027708333333333328 0.0786111111111112
1 0.8179583333333333 0.42941666666666667 0.02180729166666661 0.07292592592592592
1 0.726171875 0.27044444444444443 0.018807291666666733 0.0514444444444445
1 0.7803333333333333 0.31839814814814815 0.025697916666666744 0.06277777777777774
1 0.792296875 0.45311111111111113 0.020453124999999992 0.06966666666666667
1 0.35827604166666666 0.3317037037037037 0.02387499999999996 0.06361111111111116
1 0.09698958333333334 0.4292407407407407 0.02532291666666667 0.07419444444444444
1 0.6666822916666667 0.6161296296296296 0.025395833333333447 0.09262962962962959
1 0.26947916666666666 0.5713425925925926 0.028505208333333344 0.0793703703703704
1 0.3560625 0.8561111111111112 0.032296874999999996 0.10566666666666677
1 0.05396875 0.7234351851851851 0.04816666666666668 0.09877777777777784
2 0.19394791666666666 0.18625925925925926 0.018510416666666647 0.04871296296296298
0 0.3386875 0.8943240740740741 0.009979166666666709 0.019249999999999965