1 0.7307239583333334 0.6005092592592592 0.03654687500000004 0.07328703703703712
1 0.6295416666666667 0.5263518518518518 0.030463541666666552 0.07188888888888899
1 0.5854427083333333 0.6393703703703704 0.0319583333333334 0.06963888888888892
1 0.12771354166666665 0.4401018518518518 0.030135416666666658 0.0706018518518518
1 0.5382083333333333 0.37989814814814815 0.02486458333333328 0.065462962962963
1 0.2903958333333333 0.5783518518518519 0.03179166666666665 0.0655185185185185
1 0.32607291666666666 0.24498148148148147 0.021552083333333392 0.05028703703703707
2 0.44937499999999997 0.342787037037037 0.02829687499999996 0.06198148148148143
1 0.36113541666666665 0.33149074074074075 0.02617708333333333 0.06249074074074075
1 0.4020208333333333 0.43917592592592586 0.025421874999999972 0.07174999999999995
1 0.608984375 0.4820925925925926 0.0312656250000001 0.07219444444444446
1 0.7883281249999999 0.43926851851851856 0.026338541666666753 0.07993518518518522
1 0.7036874999999999 0.42512037037037037 0.028807291666666637 0.07630555555555553
1 0.22357291666666665 0.33666666666666667 0.022317708333333346 0.0636018518518519
1 0.32301562500000003 0.5180555555555556 0.022916666666666665 0.0746574074074075
1 0.5948072916666667 0.24050000000000002 0.018307291666666715 0.04942592592592592
1 0.2586145833333333 0.40681481481481485 0.024604166666666642 0.07123148148148153
1 0.14244270833333333 0.3180648148148148 0.02442708333333332 0.0602777777777778
1 0.7577812500000001 0.39346296296296296 0.021562500000000047 0.07445370370370367
1 0.5093593750000001 0.24041666666666664 0.021791666666666622 0.048398148148148135
1 0.6655052083333334 0.2949259259259259 0.018921874999999963 0.057768518518518504
2 0.124671875 0.20662962962962964 0.02015104166666668 0.04977777777777777
0 0.36027604166666666 0.5373703703703704 0.00869791666666669 0.017638888888888846