1 0.21008333333333334 0.38484259259259257 0.014776041666666668 0.07092592592592595
1 0.2938385416666666 0.27355555555555555 0.016718749999999952 0.06226851851851852
1 0.373171875 0.3715833333333333 0.01598437500000003 0.07549074074074072
1 0.386953125 0.4921018518518519 0.01885937500000002 0.07884259259259263
1 0.38551562500000003 0.6430648148148148 0.024208333333333342 0.09739814814814819
1 0.5311718750000001 0.6730555555555555 0.02243750000000002 0.0915648148148149
1 0.45050520833333335 0.4045 0.018437500000000048 0.07550925925925922
1 0.4192916666666667 0.31461111111111106 0.01669791666666664 0.0694166666666667
1 0.4645364583333333 0.2719166666666667 0.020802083333333363 0.055314814814814824
1 0.54778125 0.32128703703703704 0.015541666666666742 0.059000000000000025
1 0.4835625 0.2000462962962963 0.015656249999999972 0.05417592592592592
1 0.5917916666666667 0.22235185185185183 0.013067708333333409 0.05492592592592595
1 0.6235416666666667 0.25013888888888886 0.02000000000000005 0.05199999999999997
1 0.6623072916666667 0.25690740740740736 0.01732291666666678 0.06187962962962964
1 0.6306875000000001 0.42406481481481484 0.018869791666666677 0.08171296296296296
1 0.7361406250000001 0.3360925925925926 0.025124999999999887 0.06301851851851847
1 0.7697135416666666 0.33179629629629626 0.021312500000000036 0.06722222222222224
1 0.8312083333333333 0.43997222222222226 0.020890625000000065 0.08062962962962966
1 0.869046875 0.6846574074074073 0.026645833333333258 0.09465740740740743
1 0.8934166666666666 0.5983425925925926 0.02396874999999999 0.09022222222222227
2 0.251984375 0.19803703703703704 0.016307291666666637 0.05565740740740742
2 0.5556979166666667 0.29697222222222225 0.01594791666666661 0.059731481481481476
0 0.49651562499999996 0.2186759259259259 0.005661458333333276 0.011953703703703727