1 0.07764062499999999 0.6484074074074074 0.044572916666666657 0.08008333333333334
1 0.34542187500000004 0.735111111111111 0.03660937499999998 0.08136111111111122
1 0.5744218750000001 0.45080555555555557 0.027890625000000096 0.07105555555555557
1 0.28915624999999995 0.6003240740740741 0.0390260416666667 0.07867592592592595
1 0.3913645833333333 0.8224074074074075 0.04397395833333337 0.09586111111111109
1 0.037619791666666666 0.7123518518518519 0.04505729166666668 0.09249074074074083
1 0.08871875 0.5181296296296297 0.025286458333333338 0.074962962962963
1 0.7140520833333334 0.64825 0.027614583333333324 0.08946296296296308
1 0.4058333333333334 0.34225925925925926 0.022854166666666724 0.05964814814814811
1 0.6569531249999999 0.6147962962962963 0.02628125000000002 0.0764629629629629
1 0.8097552083333334 0.3350648148148148 0.025557291666666752 0.05939814814814813
1 0.8450520833333334 0.4456296296296296 0.022322916666666734 0.06341666666666668
1 0.14575 0.4411296296296296 0.02913020833333332 0.07012037037037033
1 0.8315520833333333 0.47611111111111115 0.022203125000000056 0.071712962962963
1 0.7703385416666666 0.29247222222222224 0.017625000000000075 0.04747222222222221
1 0.26833333333333337 0.4176759259259259 0.02230729166666666 0.06676851851851853
1 0.16777604166666665 0.4583240740740741 0.026427083333333337 0.07531481481481479
1 0.35116145833333334 0.3044351851851852 0.024270833333333287 0.05813888888888886
1 0.9268541666666666 0.5366666666666667 0.026432291666666666 0.08722222222222227
2 0.385484375 0.4073981481481482 0.02454166666666661 0.0628611111111111
1 0.5428541666666666 0.25625925925925924 0.01726562500000005 0.04297222222222219
2 0.2601927083333333 0.1980925925925926 0.015885416666666638 0.046000000000000006
0 0.3759166666666667 0.8507037037037037 0.010041666666666652 0.017268518518518603