1 0.10648437499999999 0.471787037037037 0.011052083333333348 0.04492592592592591
1 0.27457291666666667 0.4136944444444445 0.011020833333333376 0.0430092592592593
1 0.4492864583333333 0.6631111111111111 0.018312500000000044 0.06016666666666668
1 0.46814062500000003 0.578037037037037 0.015479166666666681 0.0587777777777778
1 0.45059375 0.5094907407407407 0.014989583333333318 0.05527777777777782
1 0.47046875 0.45139814814814816 0.013203124999999953 0.0463333333333333
1 0.4891041666666667 0.4126388888888889 0.009937499999999962 0.04089814814814811
1 0.6290625 0.5426203703703704 0.013968750000000085 0.05649999999999998
1 0.6728645833333334 0.6559907407407408 0.016531249999999886 0.06877777777777776
1 0.777390625 0.6224259259259259 0.012984374999999914 0.05612962962962953
1 0.8317708333333333 0.6559907407407408 0.014953125000000018 0.06349999999999993
1 0.7619635416666667 0.500175925925926 0.013776041666666572 0.055981481481481514
1 0.6123177083333334 0.4391851851851852 0.010145833333333344 0.050027777777777754
1 0.6826666666666666 0.434787037037037 0.013395833333333228 0.04475925925925929
1 0.6690208333333333 0.39594444444444443 0.012208333333333361 0.04089814814814811
1 0.6093020833333332 0.41712037037037036 0.0090572916666666 0.03931481481481485
1 0.6203749999999999 0.4154537037037037 0.011427083333333362 0.04124074074074071
1 0.6509791666666668 0.3813518518518519 0.014291666666666696 0.03633333333333334
1 0.6484062500000001 0.35367592592592595 0.009151041666666752 0.03546296296296292
1 0.5751875 0.3604351851851852 0.014005208333333267 0.03317592592592596
1 0.45891145833333336 0.3297685185185185 0.010859374999999952 0.036870370370370414
1 0.9575625 0.4151944444444445 0.021296874999999934 0.04775000000000005
2 0.333015625 0.29126851851851854 0.009244791666666667 0.026685185185185232
2 0.5139635416666667 0.3795462962962963 0.00987500000000002 0.039249999999999986
0 0.43261458333333336 0.6635092592592593 0.006802083333333305 0.013314814814814916
2 0.8597135416666667 0.6939722222222222 0.026624999999999944 0.06955555555555545