1 0.884390625 0.6572685185185185 0.03060416666666678 0.08676851851851855
1 0.5903697916666667 0.6042222222222222 0.024312499999999914 0.08022222222222232
2 0.5431302083333333 0.3025925925925926 0.01909895833333337 0.059814814814814835
1 0.8773385416666667 0.5677592592592592 0.02566666666666677 0.08278703703703712
1 0.43381770833333333 0.36212962962962963 0.02112499999999997 0.06626851851851846
1 0.33623958333333337 0.589675925925926 0.02442187500000005 0.0837777777777778
1 0.16863020833333334 0.36912962962962964 0.021541666666666674 0.06243518518518514
1 0.33853645833333335 0.28273148148148153 0.018828125000000046 0.055203703703703706
1 0.6103541666666668 0.3858240740740741 0.022385416666666675 0.06924074074074071
1 0.5720104166666666 0.29160185185185183 0.01702083333333325 0.051666666666666625
1 0.35089583333333335 0.4713425925925926 0.02279687499999999 0.07462962962962966
1 0.8160885416666667 0.41188888888888886 0.022359374999999914 0.07270370370370369
1 0.6605208333333333 0.22582407407407407 0.017625000000000075 0.045231481481481504
1 0.8050625 0.3684074074074074 0.02170833333333325 0.06299074074074072
1 0.34355729166666665 0.35589814814814813 0.024671874999999944 0.06461111111111109
1 0.4705416666666667 0.2611296296296296 0.018911458333333304 0.041824074074074034
1 0.213734375 0.2566759259259259 0.01618750000000002 0.055342592592592575
1 0.4476822916666666 0.21737962962962962 0.01721874999999997 0.04407407407407407
1 0.7819583333333333 0.33075 0.018703124999999925 0.06631481481481481
1 0.6246875000000001 0.21250925925925926 0.022182291666666742 0.04083333333333335
2 0.18871354166666665 0.21233333333333332 0.016999999999999994 0.052046296296296306
1 0.4662239583333333 0.22047222222222224 0.012468750000000028 0.04609259259259257
1 0.384125 0.27740740740740744 0.005968750000000019 0.010925925925925884