1 0.4003072916666667 0.35988888888888887 0.021864583333333344 0.06623148148148146
1 0.24266666666666667 0.602111111111111 0.032083333333333346 0.08874074074074066
1 0.28751041666666666 0.3649444444444444 0.022781250000000006 0.07151851851851852
1 0.8331770833333334 0.6056481481481482 0.03651041666666662 0.06712962962962964
1 0.08321354166666667 0.3911203703703704 0.02059375000000001 0.06373148148148151
1 0.5563854166666666 0.42239814814814813 0.026385416666666592 0.06768518518518521
1 0.6016302083333334 0.5276851851851851 0.024026041666666723 0.07499074074074075
1 0.5088333333333334 0.21206481481481482 0.021510416666666643 0.04746296296296296
1 0.7005572916666666 0.3579259259259259 0.021947916666666602 0.07132407407407405
1 0.32653125000000005 0.31958333333333333 0.020369791666666616 0.061287037037037084
2 0.473296875 0.31849074074074074 0.019578124999999957 0.0727962962962963
1 0.2143020833333333 0.30825 0.019692708333333364 0.06111111111111111
1 0.3076458333333333 0.4653981481481481 0.023843749999999986 0.07733333333333332
1 0.471984375 0.23562962962962963 0.02138020833333331 0.049203703703703715
1 0.7422864583333334 0.4104907407407407 0.02405208333333325 0.076537037037037
1 0.13995833333333335 0.26773148148148146 0.018822916666666658 0.04786111111111116
1 0.8016302083333334 0.5654444444444444 0.031510416666666666 0.06691666666666665
1 0.6815625 0.39620370370370367 0.021973958333333363 0.06553703703703702
1 0.5803177083333334 0.2679166666666667 0.020010416666666704 0.057555555555555526
1 0.3283229166666667 0.22023148148148147 0.019583333333333286 0.05026851851851854
1 0.47805729166666666 0.339 0.02296874999999995 0.056564814814814846
2 0.10052083333333334 0.2077037037037037 0.01334895833333333 0.05133333333333333