1 0.6662239583333334 0.40232407407407406 0.01228645833333341 0.03362037037037032
1 0.44126041666666665 0.5059166666666667 0.016307291666666637 0.046037037037037064
1 0.44573437499999996 0.3509907407407407 0.012598958333333361 0.02817592592592588
1 0.9208854166666666 0.4238425925925926 0.014765624999999952 0.03816666666666669
1 0.4414166666666667 0.6425092592592593 0.018026041666666614 0.05358333333333323
1 0.25958333333333333 0.43147222222222226 0.013739583333333331 0.036194444444444474
1 0.6217291666666667 0.46894444444444444 0.014041666666666685 0.03967592592592595
1 0.7187552083333333 0.49200925925925926 0.017447916666666667 0.044083333333333294
1 0.6575364583333333 0.43824074074074076 0.013119791666666695 0.037037037037037035
1 0.5453229166666667 0.38491666666666663 0.011312499999999896 0.0293888888888889
1 0.630109375 0.5278240740740741 0.02009895833333341 0.04640740740740731
1 0.7799479166666666 0.5980185185185185 0.019442708333333295 0.04653703703703703
2 0.33263020833333334 0.31218518518518523 0.009036458333333285 0.02736111111111107
1 0.844890625 0.661787037037037 0.01608333333333339 0.05218518518518509
1 0.49680729166666665 0.45870370370370367 0.012906249999999985 0.03732407407407402
1 0.42097395833333334 0.5506481481481482 0.01470312500000001 0.0429537037037038
1 0.6133697916666667 0.4157037037037037 0.01204166666666661 0.037027777777777784
1 0.6857604166666668 0.6265185185185185 0.0164791666666666 0.05734259259259265
1 0.515671875 0.4167777777777778 0.01309895833333338 0.03361111111111107
1 0.14965625 0.4835833333333333 0.012380208333333325 0.04257407407407409
1 0.6396510416666668 0.384712962962963 0.01204166666666661 0.03342592592592595
1 0.6288541666666667 0.43171296296296297 0.010354166666666723 0.041009259259259224
1 0.6342708333333333 0.3657685185185185 0.012421874999999952 0.03421296296296301
2 0.4979427083333333 0.39225 0.009505208333333333 0.035703703703703654
2 0.8366354166666666 0.6795092592592593 0.014557291666666573 0.05994444444444445
0 0.3658854166666667 0.6228796296296296 0.006927083333333309 0.013296296296296204