2 0.5943333333333333 0.31015740740740744 0.014953125000000018 0.051259259259259275
1 0.8281562499999999 0.603 0.02688541666666661 0.07350925925925936
1 0.64896875 0.4634907407407407 0.021718749999999905 0.07010185185185183
1 0.29603125 0.3998888888888889 0.019687499999999976 0.05838888888888884
1 0.7844635416666667 0.3726666666666667 0.022083333333333382 0.057694444444444395
1 0.5954895833333332 0.3688333333333333 0.01732812499999999 0.0540277777777778
1 0.8483489583333333 0.6355462962962963 0.023244791666666723 0.07671296296296289
1 0.8470416666666666 0.46462037037037046 0.022651041666666552 0.0706203703703704
1 0.45702604166666666 0.49995370370370373 0.02202604166666665 0.06750925925925928
1 0.5384114583333334 0.3099166666666667 0.01888541666666672 0.053009259259259256
1 0.441015625 0.3897314814814815 0.01981249999999998 0.06479629629629631
1 0.7627239583333334 0.35044444444444445 0.016994791666666724 0.05936111111111112
1 0.697359375 0.2718518518518519 0.015072916666666695 0.043861111111111115
1 0.4720833333333333 0.6393425925925926 0.022828124999999963 0.08144444444444447
1 0.395125 0.2927314814814815 0.021968750000000033 0.04805555555555553
1 0.488171875 0.3598518518518518 0.020250000000000056 0.05731481481481479
1 0.6773802083333333 0.2913611111111111 0.015536458333333296 0.048407407407407385
1 0.7326354166666668 0.31605555555555553 0.017098958333333296 0.05281481481481478
1 0.46438541666666666 0.43892592592592594 0.021119791666666644 0.059842592592592586
1 0.49248958333333337 0.6620370370370371 0.030411458333333384 0.08107407407407402
2 0.33974479166666666 0.20982407407407408 0.013145833333333337 0.04050925925925926
1 0.569875 0.21893518518518518 0.017911458333333265 0.04369444444444442
0 0.41152083333333334 0.3101759259259259 0.004578124999999981 0.008499999999999954