1 0.19064062499999998 0.3572037037037037 0.015104166666666667 0.06739814814814811
1 0.232515625 0.2426851851851852 0.013208333333333341 0.055861111111111125
1 0.34518229166666664 0.2792777777777778 0.013854166666666619 0.05390740740740743
1 0.3485729166666667 0.4458240740740741 0.01952604166666667 0.07852777777777772
1 0.3773229166666667 0.5694444444444444 0.026973958333333315 0.09243518518518512
1 0.6034947916666666 0.5510555555555555 0.02215624999999998 0.10706481481481471
1 0.4042395833333333 0.33366666666666667 0.018515624999999977 0.07174074074074076
1 0.45311979166666666 0.33119444444444446 0.019510416666666686 0.0687685185185185
1 0.4312083333333333 0.26661111111111113 0.013505208333333367 0.052314814814814814
1 0.45267708333333334 0.20430555555555557 0.01417187500000002 0.058212962962962966
1 0.4937708333333333 0.214 0.017390625000000052 0.04991666666666664
1 0.5542760416666667 0.2913425925925926 0.013822916666666648 0.05826851851851847
1 0.5797447916666666 0.3655185185185185 0.018041666666666602 0.06819444444444442
1 0.5958177083333334 0.19718518518518519 0.013479166666666724 0.05187962962962966
1 0.6248489583333333 0.22705555555555554 0.015921875000000085 0.052296296296296285
2 0.5625625 0.29787037037037034 0.015932291666666744 0.06737037037037036
2 0.19758854166666667 0.2041111111111111 0.014546874999999975 0.053861111111111123
0 0.34506770833333333 0.3101203703703704 0.006958333333333281 0.012777777777777735
1 0.7605208333333333 0.3264351851851852 0.01697395833333341 0.07110185185185182
1 0.785765625 0.37103703703703705 0.01630208333333343 0.07527777777777774
1 0.8191875 0.4035740740740741 0.022416666666666647 0.07510185185185186
1 0.8999375000000001 0.5553888888888889 0.016619791666666592 0.08803703703703697
1 0.9160625 0.6338148148148148 0.02529166666666664 0.09262962962962959