1 0.9277656249999999 0.5519722222222222 0.028895833333333343 0.07701851851851858
1 0.38117708333333333 0.7034074074074074 0.02431770833333336 0.08055555555555556
1 0.8114218750000001 0.5020185185185184 0.023093750000000076 0.06513888888888886
1 0.3825677083333333 0.5540555555555555 0.02385416666666664 0.07390740740740735
1 0.64559375 0.5867777777777778 0.022927083333333324 0.06846296296296302
1 0.7224166666666666 0.6705462962962964 0.03082812500000003 0.08553703703703713
1 0.11978645833333333 0.6492314814814815 0.02620833333333333 0.07586111111111117
1 0.5998697916666667 0.47970370370370374 0.024843749999999904 0.060703703703703656
1 0.8454322916666667 0.45717592592592593 0.02240104166666678 0.06736111111111111
1 0.47377604166666665 0.3665277777777778 0.018124999999999978 0.052064814814814835
1 0.08605729166666666 0.6137592592592592 0.026963541666666656 0.07411111111111107
1 0.19954687499999998 0.49415740740740743 0.023942708333333347 0.0650648148148148
2 0.353390625 0.22725925925925924 0.012666666666666633 0.037842592592592594
1 0.7764791666666666 0.3348888888888889 0.01754166666666658 0.046481481481481526
1 0.47278125 0.7674907407407408 0.033093749999999984 0.0812685185185185
1 0.4142395833333333 0.33083333333333337 0.02192187499999996 0.04999074074074075
1 0.281359375 0.4830277777777777 0.02091145833333338 0.07343518518518513
1 0.37976041666666666 0.43136111111111114 0.018479166666666675 0.062018518518518535
1 0.23595312499999999 0.44512962962962965 0.02013541666666665 0.061064814814814856
1 0.8074427083333333 0.3583148148148148 0.01618229166666675 0.053157407407407375
2 0.401390625 0.4249907407407407 0.019458333333333282 0.059185185185185146
1 0.5450989583333333 0.2734814814814815 0.015312500000000047 0.03780555555555559
0 0.55325 0.5503981481481481 0.007484374999999943 0.017055555555555622