1 0.06857291666666666 0.43548148148148147 0.017166666666666663 0.06778703703703708
1 0.33497916666666666 0.4221759259259259 0.015171875000000057 0.06662037037037041
1 0.4628802083333333 0.6772962962962963 0.023734374999999967 0.08411111111111104
1 0.560921875 0.6776481481481481 0.02332812499999998 0.09637962962962955
1 0.5046458333333333 0.5282777777777777 0.016182291666666633 0.07292592592592592
1 0.4366614583333333 0.4803796296296296 0.017885416666666622 0.07428703703703705
1 0.4911770833333333 0.42530555555555555 0.018135416666666633 0.06592592592592597
1 0.435359375 0.30589814814814814 0.01424479166666662 0.049203703703703694
1 0.5656041666666667 0.40448148148148144 0.01708333333333343 0.06128703703703698
1 0.6045104166666667 0.3605092592592593 0.014213541666666647 0.05663888888888885
1 0.6051614583333333 0.2505925925925926 0.012911458333333315 0.04500925925925927
1 0.6530416666666666 0.42183333333333334 0.014989583333333438 0.06361111111111116
1 0.6608489583333333 0.5065277777777777 0.020192708333333323 0.07569444444444444
1 0.779578125 0.6427685185185186 0.02056770833333322 0.07323148148148141
1 0.8824010416666667 0.6219722222222223 0.017979166666666657 0.0823518518518519
1 0.8767916666666667 0.5093611111111112 0.02007291666666665 0.08025925925925932
1 0.8206041666666667 0.41197222222222224 0.016088541666666602 0.06126851851851848
1 0.7980729166666667 0.37325 0.014760416666666743 0.061592592592592574
1 0.7684114583333332 0.3709722222222222 0.016286458333333323 0.06209259259259254
1 0.7376979166666667 0.3299722222222222 0.017625000000000075 0.056157407407407385
1 0.7437395833333333 0.29812962962962963 0.011635416666666742 0.0533240740740741
2 0.6279375 0.32678703703703704 0.012036458333333399 0.05824074074074072
2 0.396265625 0.21961111111111112 0.011729166666666657 0.04502777777777777
0 0.41993749999999996 0.3852129629629629 0.007734374999999952 0.012824074074074095