1 0.2255625 0.4662222222222222 0.008385416666666678 0.042472222222222175
1 0.14734895833333334 0.49849074074074073 0.009750000000000014 0.03888888888888889
1 0.40578125000000004 0.5178703703703703 0.016395833333333342 0.048249999999999904
1 0.3909114583333333 0.5344444444444445 0.011447916666666676 0.049333333333333305
1 0.45714583333333336 0.6155555555555555 0.015421874999999948 0.04858333333333336
1 0.50303125 0.4745092592592593 0.010255208333333361 0.04036111111111109
1 0.532859375 0.4202592592592593 0.014307291666666682 0.03872222222222227
1 0.4846197916666667 0.42727777777777776 0.011010416666666719 0.035388888888888914
1 0.4565208333333333 0.3808425925925926 0.011916666666666723 0.03201851851851856
1 0.6214479166666667 0.424 0.009635416666666667 0.03551851851851853
1 0.6311770833333333 0.5105277777777778 0.011812499999999915 0.04424999999999996
1 0.6652864583333333 0.524824074074074 0.016916666666666677 0.04880555555555559
1 0.6369635416666667 0.4588148148148148 0.009859374999999915 0.03967592592592589
1 0.6416197916666667 0.4473240740740741 0.010161458333333448 0.03807407407407408
1 0.6305 0.40322222222222226 0.008958333333333238 0.03537037037037041
1 0.6250885416666667 0.3811759259259259 0.010161458333333448 0.03135185185185187
1 0.6756979166666667 0.4191944444444445 0.009927083333333305 0.03658333333333332
1 0.7057291666666666 0.48159259259259257 0.00912499999999999 0.04248148148148153
1 0.7061041666666666 0.6082685185185185 0.01438541666666661 0.050037037037037005
1 0.8222291666666667 0.5947037037037036 0.018947916666666724 0.04829629629629637
1 0.8883593750000001 0.4298796296296296 0.013697916666666761 0.040601851851851875
1 0.8632239583333334 0.645824074074074 0.012270833333333305 0.050342592592592494
0 0.14920833333333333 0.5184722222222222 0.004395833333333362 0.007944444444444377
2 0.45317708333333334 0.4090740740740741 0.009302083333333282 0.031601851851851846
2 0.8559114583333333 0.663962962962963 0.014489583333333418 0.05483333333333336
2 0.31909375 0.3306481481481482 0.005739583333333324 0.026944444444444465