1 0.39600520833333336 0.40919444444444447 0.023927083333333363 0.06751851851851848
1 0.6701666666666667 0.6171111111111112 0.037843749999999926 0.07369444444444437
2 0.45328124999999997 0.33440740740740743 0.02606249999999998 0.061212962962962976
1 0.23434375 0.5781203703703703 0.0293958333333333 0.0673240740740741
1 0.7657447916666666 0.5990092592592592 0.03653124999999993 0.07319444444444441
1 0.6137135416666666 0.4736944444444444 0.03307812500000011 0.07020370370370375
1 0.5080260416666667 0.3651296296296296 0.023838541666666657 0.06335185185185181
1 0.4899270833333333 0.24274074074074076 0.02201041666666666 0.04573148148148147
1 0.20816666666666667 0.32355555555555554 0.021458333333333357 0.059027777777777776
1 0.09621875 0.42160185185185184 0.023942708333333347 0.07112037037037043
1 0.7640677083333334 0.42974074074074076 0.024765625000000093 0.07972222222222225
1 0.30546875 0.5077037037037038 0.030203125000000004 0.07232407407407404
1 0.6355572916666666 0.5283148148148149 0.03723437499999989 0.06654629629629641
1 0.34334895833333334 0.32582407407407404 0.020260416666666715 0.06083333333333338
1 0.12641145833333334 0.2939259259259259 0.02261979166666667 0.05045370370370371
1 0.6229895833333334 0.2852962962962963 0.01814583333333341 0.055750000000000036
0 0.36978125 0.5335648148148148 0.010671875000000004 0.01487037037037032
1 0.73209375 0.38483333333333336 0.021859374999999896 0.07167592592592589
1 0.55303125 0.22957407407407407 0.01906249999999995 0.04792592592592592
1 0.30812500000000004 0.23543518518518522 0.020552083333333353 0.054638888888888903
1 0.26457291666666666 0.39875925925925926 0.03011979166666666 0.06488888888888893
1 0.6937395833333333 0.4183888888888889 0.024953124999999923 0.07554629629629632
2 0.10031770833333334 0.20789814814814814 0.017604166666666674 0.05139814814814814