1 0.8214947916666666 0.4051574074074074 0.025229166666666695 0.07418518518518519
1 0.927734375 0.6346944444444444 0.029625000000000058 0.0863796296296296
1 0.41533854166666667 0.3365185185185185 0.02592708333333332 0.06250925925925925
1 0.35321354166666663 0.4378796296296297 0.0214479166666667 0.07150000000000002
1 0.9065989583333334 0.5586481481481482 0.026557291666666552 0.08103703703703702
1 0.24071875 0.24391666666666667 0.01963541666666669 0.05270370370370369
1 0.19500520833333335 0.3588888888888889 0.019770833333333352 0.06904629629629623
1 0.5752604166666667 0.3667222222222222 0.021770833333333427 0.06635185185185183
1 0.38540625 0.5681759259259259 0.03658854166666667 0.08806481481481472
1 0.42253124999999997 0.2734537037037037 0.01796875 0.05237037037037043
1 0.345328125 0.29182407407407407 0.020552083333333353 0.059898148148148096
1 0.6277916666666666 0.23137037037037037 0.02195312500000005 0.050712962962962946
1 0.463375 0.328537037037037 0.017979166666666657 0.06588888888888886
1 0.5024375 0.2178240740740741 0.019682291666666647 0.042805555555555576
1 0.5542812500000001 0.29512037037037037 0.016651041666666564 0.05596296296296301
1 0.7592031250000001 0.33149999999999996 0.01980729166666677 0.06262962962962962
1 0.5977552083333334 0.19658333333333333 0.016395833333333342 0.04698148148148149
1 0.7782812499999999 0.3706111111111111 0.01756770833333334 0.06729629629629635
1 0.6019739583333333 0.5483333333333333 0.0242916666666666 0.10212962962962958
2 0.5690416666666667 0.29540740740740745 0.015614583333333343 0.06007407407407407
1 0.4531458333333333 0.20692592592592593 0.02081250000000002 0.052018518518518526
2 0.20420312499999999 0.20337037037037037 0.017395833333333322 0.050833333333333314
0 0.34147916666666667 0.31457407407407406 0.006114583333333338 0.010166666666666683