1 0.16616145833333332 0.3739351851851852 0.017317708333333334 0.07514814814814812
1 0.21131770833333335 0.26187962962962963 0.014197916666666663 0.05867592592592593
1 0.33866666666666667 0.28997222222222224 0.01662500000000004 0.05948148148148149
1 0.3283802083333333 0.3608796296296296 0.015848958333333368 0.06486111111111106
1 0.350734375 0.47590740740740745 0.022739583333333376 0.08331481481481483
1 0.3288229166666667 0.5950833333333334 0.021187500000000033 0.09822222222222216
1 0.5765729166666667 0.6128796296296296 0.019473958333333267 0.0863611111111111
1 0.42731250000000004 0.36750925925925926 0.018166666666666723 0.07218518518518521
1 0.4758020833333333 0.2588148148148148 0.018156249999999947 0.050564814814814826
1 0.44666145833333337 0.2124351851851852 0.01771874999999999 0.05469444444444446
1 0.4692395833333334 0.21875925925925926 0.011708333333333343 0.051527777777777756
1 0.5781822916666666 0.29382407407407407 0.017140624999999923 0.05335185185185186
1 0.61321875 0.3876851851851852 0.01824479166666677 0.07298148148148152
1 0.6393177083333333 0.21244444444444444 0.018171874999999935 0.04877777777777778
1 0.6701302083333334 0.22510185185185186 0.015276041666666629 0.05037037037037035
1 0.78490625 0.3289537037037037 0.01792708333333337 0.07218518518518521
1 0.7993125 0.37049074074074073 0.021145833333333287 0.06825000000000003
1 0.813828125 0.40846296296296297 0.017921874999999924 0.07301851851851852
1 0.8716770833333333 0.5698148148148148 0.022390624999999886 0.08327777777777783
1 0.8746822916666667 0.6588240740740741 0.021723958333333352 0.08727777777777777
2 0.5353125 0.3043240740740741 0.01704687500000001 0.07038888888888888
2 0.18969270833333332 0.2135277777777778 0.014322916666666666 0.05095370370370368
0 0.4125260416666666 0.2565462962962963 0.006166666666666624 0.013388888888888922