1 0.2888854166666667 0.5788703703703704 0.03564583333333336 0.07928703703703693
1 0.22817708333333334 0.6422314814814815 0.03848958333333332 0.08283333333333337
1 0.5967604166666667 0.6699351851851851 0.028203125000000048 0.08504629629629622
1 0.44320312500000003 0.8374537037037038 0.04190104166666669 0.1029444444444445
1 0.11637499999999999 0.48980555555555555 0.030541666666666658 0.07809259259259257
0 0.4198385416666667 0.8869074074074074 0.013510416666666695 0.019999999999999917
2 0.4190260416666666 0.3629537037037037 0.029635416666666713 0.06975925925925928
1 0.37332291666666667 0.3222685185185185 0.025156249999999977 0.06492592592592593
1 0.8150989583333333 0.41108333333333336 0.0234375 0.07515740740740737
1 0.36265624999999996 0.5064537037037037 0.032239583333333384 0.08185185185185188
1 0.6422083333333333 0.5593425925925927 0.01909895833333337 0.07896296296296294
1 0.22353125000000001 0.36960185185185185 0.02266145833333333 0.06881481481481486
1 0.14172395833333334 0.36912962962962964 0.022046875000000007 0.06683333333333329
1 0.8793489583333333 0.4751388888888889 0.027078124999999887 0.08764814814814817
1 0.7703125 0.42986111111111114 0.023130208333333256 0.07685185185185185
1 0.6920052083333333 0.25028703703703703 0.018739583333333344 0.053185185185185155
1 0.7646197916666666 0.303037037037037 0.020354166666666628 0.06300925925925922
1 0.5286354166666667 0.237712962962963 0.01790104166666661 0.04571296296296297
1 0.5766979166666667 0.4053425925925926 0.024125000000000084 0.06977777777777779
1 0.3289479166666667 0.25911111111111107 0.020572916666666666 0.05496296296296298
2 0.1728333333333333 0.18326851851851853 0.01801041666666669 0.04737037037037034
1 0.19753645833333333 0.41955555555555557 0.030005208333333342 0.07293518518518517
1 0.6333697916666666 0.5457222222222222 0.018510416666666647 0.08254629629629638