1 0.5994218750000001 0.5362685185185185 0.022848958333333277 0.06154629629629632
1 0.10206770833333333 0.5723518518518519 0.021875 0.07330555555555562
1 0.33608854166666663 0.6636388888888889 0.026963541666666656 0.07679629629629635
1 0.7255208333333333 0.47185185185185186 0.022036458333333304 0.06408333333333337
1 0.8953645833333332 0.5369351851851851 0.030317708333333353 0.07655555555555561
1 0.6737395833333333 0.6425648148148149 0.025843749999999943 0.08425925925925926
1 0.22430208333333335 0.46890740740740744 0.02136979166666665 0.06418518518518523
1 0.27697916666666667 0.48657407407407405 0.02421354166666667 0.07052777777777779
2 0.34986979166666665 0.4098981481481481 0.020703125 0.057398148148148156
1 0.15248958333333332 0.5941018518518518 0.020453124999999992 0.07412037037037032
1 0.45295312499999996 0.7457592592592592 0.02733333333333334 0.08214814814814818
1 0.5807916666666666 0.46662962962962956 0.021380208333333428 0.05878703703703699
1 0.7170625 0.32805555555555554 0.019776041666666563 0.05261111111111116
1 0.3744479166666667 0.5046388888888889 0.0191770833333333 0.0738425925925926
1 0.7701718750000001 0.3517962962962963 0.019411458333333322 0.052351851851851816
1 0.37745833333333334 0.4093333333333333 0.01825520833333331 0.059546296296296354
1 0.48256770833333335 0.3493148148148148 0.015041666666666724 0.05077777777777781
1 0.3902760416666667 0.302462962962963 0.014989583333333318 0.04983333333333338
1 0.8041874999999999 0.44440740740740736 0.019942708333333316 0.06465740740740744
1 0.23741666666666666 0.41385185185185186 0.02123437499999999 0.06094444444444449
1 0.46417708333333335 0.25622222222222224 0.018557291666666722 0.037731481481481484
2 0.36949479166666666 0.21360185185185185 0.010385416666666696 0.043925925925925924
0 0.5659322916666666 0.47958333333333336 0.008640625000000075 0.013916666666666641
2 0.9859375 0.7986111111111112 0.028125 0.09907407407407408