1 0.11030729166666667 0.42676851851851855 0.022541666666666682 0.07549074074074072
1 0.13303645833333333 0.30533333333333335 0.019864583333333328 0.06268518518518523
1 0.21516666666666667 0.32862962962962966 0.021562499999999988 0.061749999999999944
1 0.2605104166666667 0.40166666666666667 0.02240625000000002 0.0709166666666667
1 0.26767708333333334 0.5720740740740741 0.030322916666666682 0.07709259259259259
1 0.31655208333333335 0.5074074074074074 0.027531249999999948 0.07705555555555559
1 0.3535520833333334 0.3293888888888889 0.024531249999999952 0.06326851851851856
1 0.31473437499999996 0.23724074074074078 0.01747916666666664 0.05579629629629629
1 0.39916666666666667 0.4199259259259259 0.020567708333333337 0.07700925925925922
1 0.5227395833333334 0.3707592592592593 0.01637500000000003 0.06424074074074074
1 0.49504166666666666 0.24085185185185184 0.018734375000000015 0.05162037037037037
1 0.5720416666666667 0.2358148148148148 0.014442708333333342 0.05104629629629629
1 0.6297604166666667 0.6273888888888889 0.03363020833333342 0.0793518518518519
1 0.6100833333333333 0.4766666666666666 0.028499999999999897 0.06880555555555551
1 0.6320625 0.5249722222222223 0.026468750000000086 0.07415740740740732
1 0.7483645833333333 0.5961018518518518 0.03340104166666672 0.07951851851851861
1 0.698953125 0.4208425925925926 0.02528124999999998 0.07695370370370372
1 0.744140625 0.388037037037037 0.0196041666666666 0.07408333333333332
1 0.7729635416666666 0.4316851851851852 0.02184375000000003 0.07962037037037038
1 0.6427552083333333 0.28847222222222224 0.013630208333333371 0.06318518518518519
2 0.4504375 0.3388981481481481 0.02258333333333328 0.06897222222222223
2 0.11110416666666666 0.20880555555555555 0.021994791666666676 0.052157407407407395
2 0.3321145833333333 0.5129722222222222 0.009671874999999967 0.017833333333333326