1 0.5024166666666666 0.4736296296296296 0.01555208333333328 0.036722222222222246
1 0.6563177083333334 0.5220648148148148 0.014416666666666581 0.043361111111111045
1 0.702296875 0.4804629629629629 0.015177083333333266 0.044361111111111136
1 0.6269843749999999 0.5024351851851852 0.013447916666666752 0.038990740740740645
1 0.39738541666666666 0.5309722222222223 0.014786458333333386 0.04162037037037041
1 0.449109375 0.6169259259259259 0.01810937499999999 0.0481388888888889
1 0.6993125 0.6120462962962963 0.018213541666666562 0.04870370370370362
1 0.5299843750000001 0.4196018518518519 0.009375000000000059 0.03716666666666665
1 0.15732291666666667 0.5021944444444445 0.015156250000000012 0.038999999999999896
1 0.8088385416666667 0.5924444444444444 0.016234375000000037 0.04588888888888884
1 0.41408854166666664 0.5124074074074074 0.013010416666666675 0.042101851851851876
1 0.6722812499999999 0.415425925925926 0.014515624999999944 0.03408333333333339
1 0.23130208333333335 0.4583333333333333 0.014291666666666696 0.03597222222222219
1 0.8890208333333334 0.42962962962962964 0.012088541666666685 0.038490740740740784
1 0.617328125 0.4209722222222222 0.010697916666666647 0.03170370370370371
1 0.6288020833333333 0.3991851851851852 0.008697916666666573 0.030953703703703657
2 0.3222864583333333 0.329 0.008677083333333375 0.026296296296296276
1 0.45021354166666666 0.37589814814814815 0.012692708333333276 0.02925000000000003
1 0.6342760416666666 0.4521111111111111 0.009609374999999904 0.03374074074074079
1 0.8589791666666666 0.6510555555555555 0.013760416666666704 0.04951851851851854
1 0.49770833333333336 0.42094444444444445 0.010895833333333372 0.029138888888888916
2 0.4633645833333333 0.4062037037037037 0.009723958333333371 0.031444444444444476
1 0.64090625 0.4453796296296296 0.007161458333333333 0.03782407407407409
1 0.6242916666666667 0.37778703703703703 0.007052083333333315 0.032564814814814776
2 0.8479947916666667 0.6646481481481482 0.00962500000000001 0.057083333333333416
0 0.15491145833333334 0.5184166666666666 0.005260416666666679 0.009175925925926002