1 0.06930729166666666 0.4524537037037037 0.012916666666666672 0.05940740740740743
1 0.34140625 0.43487962962962967 0.013250000000000029 0.06482407407407406
1 0.43134374999999997 0.5029814814814815 0.018177083333333382 0.06919444444444446
1 0.4434166666666667 0.6895740740740741 0.017604166666666643 0.08401851851851852
1 0.42982291666666667 0.31504629629629627 0.015135416666666639 0.051666666666666625
1 0.49090625 0.4352129629629629 0.014651041666666724 0.0655
1 0.5089010416666667 0.5463425925925925 0.014505208333333287 0.07308333333333339
1 0.5804427083333333 0.69625 0.023526041666666705 0.09231481481481486
1 0.7773854166666666 0.6582314814814815 0.02663020833333339 0.0804907407407408
1 0.6585885416666667 0.5160925925925925 0.020093749999999962 0.07005555555555563
1 0.5816302083333333 0.40725 0.013541666666666667 0.06197222222222218
1 0.6579739583333333 0.4336203703703704 0.012197916666666704 0.06061111111111114
1 0.613765625 0.3730277777777778 0.013156250000000114 0.056064814814814776
1 0.5907083333333334 0.25607407407407407 0.00983333333333339 0.04527777777777776
1 0.7467239583333334 0.3308611111111111 0.011901041666666619 0.05117592592592591
1 0.7572760416666667 0.3066111111111111 0.012088541666666685 0.04830555555555552
1 0.76678125 0.3762407407407407 0.012088541666666685 0.05910185185185189
1 0.7972552083333333 0.3780925925925926 0.011223958333333428 0.05944444444444449
1 0.8264114583333334 0.41916666666666663 0.013250000000000029 0.06721296296296299
1 0.8848333333333334 0.5224351851851852 0.021895833333333316 0.07428703703703705
1 0.8927708333333333 0.6261203703703704 0.019703124999999964 0.07375000000000008
2 0.6232708333333333 0.32839814814814816 0.01126041666666661 0.05132407407407403
2 0.40475 0.22049074074074074 0.012531249999999971 0.040027777777777794
0 0.422140625 0.4713888888888889 0.0075677083333333195 0.012768518518518485