1 0.06961979166666667 0.44269444444444445 0.01221354166666666 0.0643611111111111
1 0.33666145833333333 0.43142592592592593 0.014619791666666633 0.061601851851851824
1 0.453 0.6834166666666667 0.02038541666666672 0.08110185185185177
1 0.43214583333333334 0.4928148148148148 0.017604166666666643 0.0716666666666667
1 0.5063333333333333 0.5377037037037037 0.016927083333333332 0.07046296296296288
1 0.4912604166666667 0.4343888888888889 0.016817708333333313 0.06357407407407405
1 0.43420312499999997 0.31121296296296297 0.011708333333333343 0.050555555555555576
1 0.5755677083333333 0.40700925925925924 0.017249999999999942 0.059824074074074085
1 0.57046875 0.687675925925926 0.023958333333333335 0.08962037037037034
1 0.7765625 0.6508981481481482 0.020140625000000037 0.07934259259259265
1 0.6629479166666666 0.5125 0.01871354166666658 0.07147222222222227
1 0.6560520833333333 0.4270833333333333 0.013822916666666648 0.05884259259259255
1 0.6092291666666667 0.36668518518518517 0.011380208333333286 0.05471296296296299
1 0.5971614583333333 0.25211111111111106 0.010604166666666732 0.04505555555555553
1 0.74175 0.3298055555555556 0.010583333333333418 0.054129629629629666
1 0.751203125 0.3023240740740741 0.013916666666666562 0.04266666666666671
1 0.7681666666666668 0.3721203703703704 0.011135416666666724 0.05964814814814811
1 0.7983802083333333 0.37389814814814815 0.013718750000000076 0.05727777777777779
1 0.8252916666666666 0.4152222222222222 0.014156249999999915 0.06477777777777781
1 0.88190625 0.5170462962962963 0.018375000000000103 0.0746388888888888
1 0.8884687499999999 0.625 0.020374999999999942 0.07698148148148157
2 0.39995312499999996 0.21907407407407406 0.01128645833333337 0.04125925925925926
2 0.62525 0.32779629629629625 0.013354166666666601 0.05389814814814818
0 0.4171875 0.41059259259259256 0.006807291666666633 0.013083333333333329