2 0.33109375 0.41830555555555554 0.018484375000000004 0.06522222222222228
1 0.18057291666666667 0.5059351851851852 0.023739583333333356 0.06317592592592594
1 0.29923958333333334 0.6096111111111111 0.024098958333333323 0.07304629629629639
1 0.61771875 0.4247962962962963 0.021552083333333392 0.061601851851851824
1 0.8741249999999999 0.5298148148148148 0.030130208333333287 0.0764259259259259
1 0.46026041666666667 0.7163333333333333 0.039682291666666696 0.08030555555555557
1 0.265078125 0.37184259259259256 0.021640625000000007 0.05674074074074072
1 0.5417864583333334 0.42338888888888887 0.020546874999999964 0.05722222222222218
1 0.3672552083333333 0.443537037037037 0.02017708333333334 0.06303703703703702
1 0.22472395833333333 0.4723333333333333 0.02645312499999998 0.06272222222222223
1 0.2193854166666667 0.4275925925925926 0.02113020833333336 0.05015740740740737
1 0.5503020833333333 0.4872592592592593 0.021932291666666732 0.06408333333333337
1 0.4352239583333333 0.36508333333333337 0.019223958333333378 0.058212962962962966
1 0.6263229166666666 0.3292407407407407 0.022296874999999973 0.04706481481481485
1 0.14705729166666667 0.5069907407407407 0.018869791666666677 0.06968518518518518
1 0.7597916666666666 0.42575 0.020156249999999907 0.06195370370370368
1 0.7346927083333333 0.34082407407407406 0.02105208333333337 0.05420370370370367
1 0.6569427083333333 0.5805555555555556 0.022661458333333447 0.06912962962962971
1 0.35733333333333334 0.24902777777777776 0.01704687500000001 0.03536111111111108
1 0.37663541666666667 0.2869537037037037 0.017020833333333367 0.04995370370370374
1 0.516 0.33217592592592593 0.016963541666666634 0.057685185185185145
2 0.960953125 0.8052777777777779 0.031515625000000116 0.10005555555555551
2 0.3738072916666667 0.21310185185185185 0.01005208333333331 0.03729629629629632
0 0.521875 0.3584629629629629 0.006380208333333333 0.010907407407407381