1 0.12251041666666666 0.4738611111111111 0.011557291666666665 0.04430555555555552
1 0.270078125 0.41854629629629625 0.012546874999999987 0.0418703703703704
1 0.45071354166666666 0.654462962962963 0.01626562500000001 0.05387037037037043
0 0.4448802083333333 0.6656481481481481 0.006296874999999957 0.008638888888888821
1 0.45197916666666665 0.5688611111111112 0.013734374999999943 0.05548148148148155
1 0.44821875 0.5087314814814814 0.013817708333333319 0.055444444444444546
1 0.4799583333333333 0.45432407407407405 0.013895833333333366 0.04880555555555554
1 0.49690104166666665 0.4121574074074074 0.013130208333333353 0.04412037037037035
1 0.4559947916666667 0.33504629629629634 0.009083333333333362 0.031148148148148137
1 0.5646875 0.36653703703703705 0.010078124999999953 0.03552777777777778
1 0.6276145833333333 0.5348888888888889 0.009984375000000038 0.05365740740740745
1 0.6786354166666667 0.6456666666666667 0.01989062500000003 0.06333333333333342
1 0.777734375 0.6124444444444445 0.0143802083333334 0.053999999999999944
1 0.616890625 0.4475555555555556 0.012208333333333361 0.04578703703703708
1 0.6444895833333334 0.356462962962963 0.009078124999999914 0.03190740740740744
1 0.64465625 0.38036111111111115 0.012796875000000086 0.03462962962962961
1 0.6661666666666667 0.3966018518518518 0.011015625000000048 0.037046296296296286
1 0.6730989583333333 0.4353796296296296 0.014734374999999982 0.042472222222222224
1 0.7460364583333334 0.49677777777777776 0.016921874999999885 0.05558333333333331
1 0.8354322916666667 0.6601018518518518 0.01820833333333335 0.05914814814814825
1 0.9449687499999999 0.4169722222222222 0.017515625000000055 0.046231481481481436
1 0.6170208333333334 0.42224999999999996 0.011619791666666638 0.03424074074074076
1 0.6176510416666667 0.4132314814814815 0.010348958333333276 0.03424074074074076
2 0.5106510416666666 0.3832407407407407 0.009354166666666686 0.03887962962962964
2 0.8478489583333333 0.6894166666666667 0.02276041666666657 0.06518518518518526
2 0.33259375 0.29880555555555555 0.008249999999999957 0.032287037037037045