2 0.5777395833333333 0.3071111111111111 0.013697916666666761 0.05420370370370367
1 0.3844375 0.2910092592592593 0.017593749999999984 0.049157407407407434
1 0.503671875 0.6689814814814815 0.02887500000000003 0.08706481481481479
1 0.847765625 0.6476481481481482 0.025755208333333238 0.0768055555555556
1 0.4197239583333333 0.3850555555555556 0.01604166666666664 0.06009259259259257
1 0.8529114583333333 0.5926018518518519 0.020781250000000046 0.05676851851851847
1 0.7784531250000001 0.35838888888888887 0.02008854166666675 0.05887962962962966
1 0.569796875 0.35514814814814816 0.01943229166666664 0.0555648148148148
1 0.7530052083333333 0.34547222222222224 0.016890624999999916 0.06081481481481488
1 0.7049895833333333 0.29821296296296296 0.017781249999999933 0.049731481481481515
1 0.64325 0.4505648148148148 0.016885416666666705 0.0698240740740741
1 0.8429947916666667 0.4584537037037037 0.014755208333333296 0.07362037037037036
1 0.27109375 0.396 0.018796874999999987 0.06419444444444448
1 0.439 0.4966111111111111 0.021208333333333346 0.07077777777777783
1 0.49621875 0.29539814814814813 0.016541666666666663 0.05377777777777781
1 0.4648125 0.3433703703703703 0.01864062499999998 0.05596296296296291
1 0.46416666666666667 0.4288703703703704 0.019369791666666695 0.06458333333333334
1 0.6585104166666667 0.2800740740740741 0.017062500000000112 0.04913888888888893
1 0.4451145833333333 0.6398055555555555 0.02247395833333338 0.08587962962962963
1 0.6729375 0.2580740740740741 0.015348958333333228 0.04211111111111113
1 0.531078125 0.21144444444444446 0.016182291666666633 0.045398148148148125
2 0.3115572916666667 0.2065648148148148 0.012171874999999943 0.04501851851851852
0 0.43784375 0.28682407407407406 0.005458333333333343 0.00705555555555556