1 0.4186510416666666 0.30050925925925925 0.013395833333333348 0.05459259259259262
1 0.32125 0.4109814814814815 0.015151041666666623 0.06262037037037037
1 0.45745833333333336 0.4522777777777778 0.016953124999999975 0.06719444444444449
1 0.46431770833333336 0.40041666666666664 0.014213541666666647 0.06424074074074074
1 0.47583333333333333 0.5049537037037037 0.01896354166666671 0.06851851851851852
1 0.036375000000000005 0.41324074074074074 0.015885416666666666 0.060629629629629644
1 0.4834270833333333 0.6594259259259259 0.018609375000000008 0.07841666666666672
1 0.5039947916666666 0.6445462962962963 0.01768750000000002 0.08604629629629636
1 0.6492552083333333 0.4764444444444444 0.017484375000000087 0.0683981481481481
1 0.61771875 0.38864814814814813 0.014744791666666639 0.055342592592592575
1 0.5663385416666666 0.3273611111111111 0.01438541666666661 0.053027777777777764
1 0.5115833333333334 0.3756481481481481 0.01640625 0.055333333333333325
1 0.5982604166666667 0.23390740740740742 0.014234374999999962 0.04489814814814816
1 0.6962604166666666 0.3098240740740741 0.01275520833333322 0.05047222222222222
1 0.707046875 0.28170370370370373 0.01238541666666677 0.04948148148148153
1 0.7567760416666667 0.34023148148148147 0.013109375000000038 0.04950925925925929
1 0.759703125 0.3590925925925926 0.01530208333333339 0.05472222222222224
1 0.7874947916666667 0.3865648148148148 0.016031250000000104 0.06091666666666663
1 0.851484375 0.47744444444444445 0.016020833333333446 0.07039814814814813
1 0.8014791666666666 0.6082407407407407 0.023890624999999943 0.07030555555555562
1 0.85203125 0.6234351851851851 0.02223437500000003 0.07502777777777775
2 0.3665 0.2209166666666667 0.012395833333333309 0.04492592592592594
2 0.6072864583333334 0.31960185185185186 0.01491145833333339 0.0544074074074074
0 0.4228229166666667 0.32246296296296295 0.004963541666666653 0.010194444444444437