1 0.8691197916666666 0.6147314814814815 0.038442708333333304 0.07906481481481491
1 0.5492552083333333 0.41262037037037036 0.028604166666666705 0.06523148148148153
1 0.8512500000000001 0.5691203703703703 0.03295833333333344 0.07613888888888891
1 0.33452604166666666 0.4598055555555555 0.02671354166666665 0.07072222222222221
1 0.7504375 0.41107407407407404 0.028395833333333325 0.07779629629629628
1 0.41170833333333334 0.353787037037037 0.023453124999999984 0.06599074074074072
1 0.10351041666666667 0.3870092592592593 0.02244791666666668 0.06671296296296292
1 0.3026875 0.3605277777777778 0.021895833333333316 0.06934259259259258
1 0.5887291666666666 0.5271666666666667 0.02872916666666659 0.0705740740740741
2 0.48972916666666666 0.30994444444444447 0.018020833333333285 0.06239814814814813
1 0.5862239583333333 0.2613611111111111 0.02038020833333339 0.055972222222222236
1 0.687234375 0.39349074074074075 0.025348958333333373 0.06757407407407409
1 0.23308854166666665 0.30377777777777776 0.019145833333333327 0.06229629629629627
1 0.270296875 0.5994351851851851 0.026796875000000022 0.09195370370370365
1 0.7010208333333333 0.35307407407407404 0.019619791666666705 0.06263888888888887
1 0.51609375 0.20969444444444443 0.020505208333333278 0.04464814814814812
1 0.332625 0.3143240740740741 0.019187499999999958 0.061064814814814856
1 0.480609375 0.2326388888888889 0.020609374999999968 0.048638888888888863
1 0.4822552083333333 0.3337685185185185 0.022750000000000034 0.05927777777777776
1 0.34605729166666666 0.21786111111111112 0.01878124999999997 0.049824074074074076
0 0.7235416666666666 0.5306666666666666 0.011203125000000114 0.014675925925925842
1 0.15229166666666666 0.26099074074074075 0.014583333333333334 0.055185185185185205
2 0.11641145833333333 0.20751851851851852 0.016874999999999987 0.04902777777777777