1 0.13775 0.47709259259259257 0.011244791666666669 0.0551111111111111
1 0.4434166666666667 0.6453796296296296 0.019468750000000055 0.06086111111111113
1 0.43366666666666664 0.5584444444444444 0.016218750000000053 0.047370370370370445
1 0.4443125 0.5054722222222222 0.013125000000000024 0.04690740740740748
1 0.26316666666666666 0.4239537037037037 0.013317708333333329 0.03992592592592593
1 0.48957812500000003 0.4577777777777778 0.014255208333333276 0.04399074074074073
1 0.5055885416666667 0.4130462962962963 0.012140624999999971 0.039777777777777815
1 0.6293593749999999 0.5311944444444445 0.014234374999999962 0.05212962962962959
1 0.6836614583333334 0.636287037037037 0.015546874999999953 0.0629166666666667
1 0.7769166666666667 0.6002962962962963 0.01431250000000001 0.05162037037037037
1 0.7311197916666666 0.4932037037037037 0.01619270833333341 0.05416666666666667
1 0.6635052083333334 0.43538888888888894 0.014250000000000066 0.04257407407407409
1 0.66415625 0.39911111111111114 0.012302083333333276 0.042259259259259246
1 0.6402604166666667 0.3812685185185185 0.010031250000000113 0.034009259259259274
1 0.6392864583333334 0.3625462962962963 0.011328125 0.03559259259259254
1 0.6144583333333333 0.41624074074074074 0.00962500000000001 0.04038888888888889
1 0.6231979166666667 0.42577777777777776 0.011656250000000057 0.04212962962962963
1 0.6195364583333334 0.45764814814814814 0.012468750000000028 0.04662962962962959
1 0.5523281250000001 0.3751203703703704 0.012968750000000048 0.034731481481481474
1 0.44928125 0.3444814814814815 0.011687500000000028 0.03125
2 0.5047447916666666 0.38964814814814813 0.01452083333333339 0.039222222222222235
0 0.405234375 0.6406203703703703 0.008119791666666624 0.013777777777777878
2 0.33142187500000003 0.3058425925925926 0.010859374999999952 0.030555555555555555
2 0.837765625 0.6836851851851852 0.016536458333333334 0.06378703703703713
1 0.8404062499999999 0.6620092592592592 0.019057291666666743 0.06088888888888888
1 0.9310208333333333 0.4184722222222222 0.01530208333333339 0.044851851851851796