2 0.5519895833333333 0.2995277777777778 0.019078125000000057 0.05961111111111111
1 0.571265625 0.5393796296296296 0.031624999999999896 0.07450000000000004
1 0.9089583333333333 0.550787037037037 0.03302604166666659 0.07375925925925933
1 0.38617708333333334 0.3396111111111111 0.02365625000000004 0.06023148148148144
1 0.9251770833333333 0.6263148148148148 0.03230208333333332 0.08877777777777766
1 0.37602083333333336 0.29379629629629633 0.020223958333333295 0.05481481481481486
1 0.31450520833333334 0.29996296296296293 0.025239583333333353 0.059842592592592586
1 0.6221927083333333 0.2416296296296296 0.018593749999999905 0.054518518518518515
1 0.55365625 0.37978703703703703 0.02202604166666665 0.05912037037037039
1 0.7334635416666667 0.37653703703703706 0.024869791666666665 0.06670370370370367
1 0.22578125 0.2441574074074074 0.02030729166666667 0.05551851851851852
1 0.5195000000000001 0.3098888888888889 0.022276041666666656 0.06153703703703707
1 0.17633333333333334 0.3663796296296296 0.02130729166666665 0.06807407407407405
1 0.4581875 0.3263888888888889 0.01917187499999997 0.06612037037037034
1 0.508765625 0.221962962962963 0.019765625000000023 0.045259259259259284
1 0.36811979166666664 0.43437037037037035 0.024624999999999987 0.07003703703703702
1 0.7391614583333334 0.32944444444444443 0.020645833333333266 0.04748148148148146
1 0.574140625 0.2013611111111111 0.018156250000000065 0.044472222222222246
1 0.35456770833333334 0.5763055555555555 0.024489583333333325 0.08843518518518517
1 0.7945625 0.40097222222222223 0.0211666666666666 0.07789814814814815
1 0.42600520833333333 0.21035185185185185 0.018343750000000013 0.04659259259259259
2 0.18453645833333335 0.20171296296296296 0.013276041666666672 0.05318518518518518
2 0.39040104166666667 0.31892592592592595 0.006864583333333367 0.012629629629629617