1 0.8999479166666667 0.5541759259259259 0.029067708333333307 0.07733333333333332
1 0.360328125 0.44157407407407406 0.025098958333333362 0.07279629629629636
1 0.5643333333333334 0.5236574074074074 0.03653124999999993 0.06494444444444454
1 0.14088541666666668 0.37295370370370373 0.023104166666666672 0.06899999999999998
1 0.27537500000000004 0.30337037037037035 0.020994791666666637 0.06207407407407404
1 0.7656875 0.40205555555555555 0.025833333333333285 0.07775000000000003
1 0.9024635416666666 0.6270277777777779 0.030880208333333315 0.08538888888888892
1 0.4356041666666667 0.33955555555555555 0.021390624999999965 0.06463888888888884
1 0.5425989583333333 0.3932037037037037 0.027281250000000055 0.06109259259259261
2 0.5178802083333334 0.3030277777777778 0.017135416666666715 0.06193518518518517
1 0.7004895833333333 0.3864351851851852 0.03141666666666675 0.06607407407407409
1 0.6026875 0.2546111111111111 0.020526041666666592 0.057546296296296276
1 0.312359375 0.5868055555555556 0.024552083333333384 0.09242592592592587
1 0.7113906249999999 0.3398611111111111 0.020994791666666637 0.05559259259259256
1 0.4928489583333333 0.32301851851851854 0.023145833333333362 0.06151851851851857
1 0.18921875000000002 0.2521203703703704 0.01668229166666665 0.05560185185185183
1 0.3453072916666667 0.30277777777777776 0.020682291666666686 0.052731481481481525
1 0.34011979166666667 0.34761111111111115 0.021359374999999996 0.05537037037037033
1 0.5411041666666667 0.20450925925925925 0.01956770833333336 0.04315740740740742
1 0.49250520833333333 0.22665740740740736 0.019692708333333305 0.04432407407407405
1 0.387515625 0.21061111111111114 0.0183958333333333 0.056027777777777794
0 0.55084375 0.44628703703703704 0.013901041666666695 0.01610185185185184
2 0.15122916666666666 0.2038425925925926 0.02009895833333335 0.05262037037037036