2 0.5857447916666667 0.31098148148148147 0.014937499999999914 0.056305555555555505
1 0.7567395833333334 0.3515185185185185 0.015619791666666553 0.062185185185185156
1 0.4590885416666667 0.6407592592592593 0.022093750000000037 0.09021296296296302
1 0.7213854166666667 0.31242592592592594 0.019260416666666676 0.05242592592592593
1 0.843421875 0.4643703703703704 0.023640624999999933 0.07143518518518521
1 0.5814739583333334 0.3660555555555555 0.019046875000000085 0.0529444444444444
1 0.6480052083333334 0.45867592592592593 0.02053125000000004 0.06887037037037032
1 0.8385885416666666 0.604787037037037 0.027546874999999933 0.07487962962962974
1 0.44869270833333336 0.4991759259259259 0.02353645833333336 0.07049074074074069
1 0.4321041666666667 0.3923148148148148 0.019333333333333275 0.0628425925925926
1 0.49688541666666663 0.6649074074074074 0.02872395833333338 0.07766666666666655
1 0.2841510416666667 0.39934259259259264 0.019562499999999972 0.0666018518518518
1 0.39539583333333334 0.29127777777777775 0.023807291666666685 0.0481759259259259
1 0.6675625000000001 0.2859629629629629 0.014874999999999972 0.04737037037037034
1 0.46506770833333333 0.43806481481481485 0.019343750000000052 0.06476851851851856
1 0.5158385416666667 0.3005277777777778 0.01715625000000003 0.04911111111111108
1 0.7823333333333333 0.36376851851851855 0.01839583333333342 0.06074074074074076
1 0.479984375 0.3521574074074074 0.01836458333333333 0.05728703703703704
1 0.8484739583333333 0.6421944444444445 0.020963541666666665 0.0794629629629629
1 0.6853593750000001 0.26678703703703704 0.014484374999999971 0.04654629629629628
2 0.3267916666666667 0.2106296296296296 0.01381249999999999 0.042333333333333306
1 0.5517968750000001 0.21463888888888888 0.013041666666666648 0.04546296296296298
0 0.4039114583333333 0.3110462962962963 0.005098958333333315 0.009009259259259276