1 0.4532083333333333 0.513824074074074 0.018489583333333334 0.05320370370370374
1 0.43843229166666664 0.6621759259259259 0.02147395833333334 0.062537037037037
1 0.09091666666666667 0.47184259259259254 0.016203125000000006 0.04624999999999999
1 0.4877083333333333 0.5948981481481481 0.021098958333333327 0.053157407407407486
1 0.8300520833333334 0.6481481481481481 0.02072916666666676 0.0598796296296297
1 0.977171875 0.41328703703703706 0.02513541666666678 0.0470740740740741
1 0.6696041666666667 0.6650925925925926 0.027057291666666573 0.07014814814814814
1 0.7814947916666667 0.5061203703703704 0.02086979166666675 0.054037037037036946
1 0.45934375000000005 0.4530833333333333 0.019140625 0.04371296296296295
2 0.5213645833333334 0.3768240740740741 0.016437499999999973 0.040601851851851875
1 0.7009010416666667 0.43492592592592594 0.015208333333333239 0.04090740740740736
1 0.6558854166666667 0.35053703703703704 0.013677083333333447 0.03434259259259262
1 0.6253020833333333 0.4161944444444445 0.015197916666666582 0.043027777777777804
1 0.4835364583333333 0.4164629629629629 0.01758333333333333 0.04366666666666664
1 0.6309270833333334 0.5551666666666667 0.018625000000000114 0.054342592592592644
1 0.4671927083333333 0.3236481481481482 0.012473958333333358 0.03763888888888887
1 0.5915208333333334 0.3536574074074074 0.016802083333333447 0.03352777777777781
1 0.2810416666666667 0.41003703703703703 0.015510416666666653 0.04424999999999996
1 0.6029791666666667 0.41126851851851853 0.010510416666666581 0.038574074074074045
1 0.677046875 0.3951388888888889 0.012281249999999962 0.03900000000000001
1 0.7784479166666666 0.636 0.018802083333333285 0.06049999999999992
2 0.8794322916666667 0.7039074074074074 0.033114583333333295 0.06882407407407401
1 0.609484375 0.4346111111111111 0.015989583333333238 0.044277777777777826
2 0.3365885416666667 0.28329629629629627 0.008151041666666714 0.029527777777777764
1 0.6635052083333334 0.3793888888888889 0.015177083333333266 0.03821296296296295
0 0.4047604166666667 0.672611111111111 0.007223958333333277 0.012620370370370471