0 0.482875 0.6572314814814815 0.010281250000000004 0.017055555555555622
1 0.23472395833333334 0.47235185185185186 0.02329687500000001 0.0694907407407407
2 0.40492187500000004 0.4129259259259259 0.018828125000000046 0.062175925925925905
1 0.4507291666666667 0.783175925925926 0.043359375 0.08437037037037048
1 0.13863020833333334 0.512925925925926 0.02866145833333332 0.06686111111111115
1 0.8633020833333334 0.4537407407407407 0.0254635416666666 0.07220370370370367
1 0.5975520833333333 0.4696018518518519 0.0265625 0.06381481481481478
1 0.3743177083333334 0.7240277777777778 0.02527604166666665 0.0881851851851852
1 0.7374010416666666 0.6687407407407407 0.026286458333333228 0.08669444444444455
1 0.194609375 0.4507222222222222 0.02432291666666669 0.0669259259259259
1 0.9452395833333332 0.5512962962962963 0.020921875000000038 0.08072222222222228
1 0.8409739583333333 0.4959722222222222 0.022005208333333335 0.0680092592592593
1 0.39609375 0.3182037037037037 0.02514583333333332 0.057787037037037005
1 0.341203125 0.43380555555555556 0.024593750000000015 0.06059259259259264
1 0.8228333333333333 0.3528888888888889 0.0234375 0.05822222222222222
1 0.7927604166666666 0.31583333333333335 0.018421874999999942 0.04876851851851848
1 0.6656875 0.6135462962962963 0.024593749999999897 0.07761111111111105
1 0.3466510416666667 0.5805092592592593 0.023770833333333387 0.07916666666666666
2 0.31420312499999997 0.21550925925925926 0.015359375000000005 0.041425925925925935
1 0.07579166666666667 0.6904722222222223 0.026572916666666665 0.08994444444444454
1 0.060953125000000004 0.64025 0.028270833333333342 0.0783425925925925
1 0.5609895833333333 0.2633611111111111 0.018229166666666668 0.04418518518518521
1 0.45167708333333334 0.35700925925925925 0.021578125000000035 0.057361111111111154