1 0.3716041666666667 0.6880925925925926 0.023661458333333368 0.06198148148148153
1 0.061119791666666666 0.4868611111111111 0.02007291666666667 0.05422222222222217
1 0.4371145833333333 0.5326851851851852 0.022000000000000006 0.06388888888888888
1 0.7789895833333333 0.6697592592592593 0.02272395833333339 0.07113888888888882
1 0.833125 0.5225092592592592 0.021677083333333277 0.06480555555555556
1 0.6483541666666667 0.4321759259259259 0.014000000000000058 0.052981481481481504
1 0.45409895833333336 0.4275648148148148 0.018124999999999978 0.05781481481481487
1 0.85846875 0.6385277777777778 0.02366145833333325 0.06830555555555554
1 0.5081354166666666 0.2900925925925926 0.014432291666666685 0.040999999999999974
1 0.6282916666666666 0.5569074074074074 0.02127083333333341 0.06834259259259254
1 0.610890625 0.4005 0.013880208333333382 0.05213888888888894
1 0.48680729166666664 0.6046296296296296 0.018984375000000022 0.07081481481481483
1 0.7183958333333333 0.3846759259259259 0.015520833333333428 0.0492962962962963
1 0.399171875 0.44872222222222224 0.01658333333333329 0.04985185185185188
2 0.5599062499999999 0.3543888888888889 0.015817708333333277 0.04814814814814815
1 0.7678072916666667 0.42916666666666664 0.017421874999999906 0.05838888888888884
1 0.7304479166666666 0.38258333333333333 0.015395833333333305 0.04714814814814811
1 0.31320833333333337 0.36976851851851855 0.011812500000000033 0.051120370370370406
1 0.6784895833333333 0.33139814814814816 0.017234375000000076 0.03866666666666666
1 0.6943802083333334 0.3339444444444445 0.013661458333333343 0.03943518518518521
2 0.9580104166666668 0.7399537037037037 0.027510416666666752 0.08308333333333336
1 0.5934166666666666 0.39632407407407405 0.016630208333333247 0.04683333333333337
1 0.6444479166666667 0.7034907407407407 0.019406250000000114 0.08146296296296297
2 0.3602135416666667 0.24568518518518517 0.010640625000000034 0.03543518518518517