2 0.4584322916666667 0.3234814814814815 0.020864583333333304 0.05823148148148147
1 0.7394322916666667 0.5925092592592592 0.03265104166666669 0.07037037037037037
1 0.6807864583333333 0.4079814814814815 0.022640624999999897 0.0713333333333333
1 0.5889947916666666 0.44913888888888887 0.029489583333333277 0.06697222222222227
1 0.071375 0.40872222222222226 0.02255208333333334 0.06956481481481482
1 0.196671875 0.6015 0.03196354166666667 0.08318518518518511
1 0.6268541666666666 0.5263518518518518 0.028953125000000076 0.07003703703703713
1 0.786125 0.5917592592592593 0.03021354166666678 0.07939814814814815
1 0.19569270833333335 0.31510185185185186 0.019624999999999972 0.05505555555555559
1 0.7126041666666667 0.37007407407407406 0.021312500000000036 0.06525000000000003
1 0.5198333333333334 0.22208333333333335 0.01756770833333334 0.048972222222222236
1 0.47115104166666666 0.23569444444444446 0.017708333333333333 0.052148148148148166
1 0.2719010416666666 0.38239814814814815 0.023468749999999972 0.06858333333333327
1 0.48597395833333334 0.34802777777777777 0.01999479166666672 0.06191666666666667
1 0.33039583333333333 0.32102777777777775 0.02201041666666666 0.06264814814814812
1 0.7423593749999999 0.4178055555555556 0.021994791666666676 0.07749074074074079
1 0.12102604166666667 0.2788981481481481 0.018796875000000015 0.048361111111111126
1 0.38985416666666667 0.3855277777777778 0.022458333333333278 0.0654444444444445
1 0.30379687499999997 0.2261203703703704 0.01942187499999998 0.05191666666666666
2 0.08963020833333334 0.212 0.018296874999999997 0.04204629629629632
1 0.5926822916666666 0.2755092592592593 0.01743229166666656 0.056175925925925886
1 0.28310416666666666 0.4910555555555556 0.023557291666666678 0.07702777777777783
2 0.5336041666666667 0.5136018518518519 0.011875000000000035 0.015814814814814747