1 0.256484375 0.3912685185185185 0.018265625000000025 0.07631481481481478
1 0.42851041666666667 0.6399814814814815 0.020640625000000058 0.09249074074074083
1 0.5116354166666667 0.6703611111111111 0.025682291666666638 0.0933703703703703
1 0.42748437499999997 0.493537037037037 0.019802083333333324 0.07550925925925922
1 0.40757812499999996 0.37832407407407403 0.017276041666666703 0.06967592592592593
1 0.36715625 0.29114814814814816 0.018244791666666652 0.05572222222222217
1 0.48144270833333336 0.2893240740740741 0.015822916666666725 0.05422222222222217
1 0.4564166666666667 0.33308333333333334 0.0187135416666667 0.06259259259259262
1 0.46351562500000004 0.42464814814814816 0.020874999999999963 0.06606481481481484
1 0.5607135416666666 0.3455925925925926 0.017973958333333446 0.059814814814814835
1 0.518734375 0.20813888888888887 0.01821875000000001 0.052250000000000005
1 0.64775 0.27231481481481484 0.01519270833333337 0.05228703703703706
1 0.6387864583333334 0.44475925925925924 0.022531250000000114 0.07206481481481486
1 0.6580989583333333 0.24878703703703703 0.016635416666666694 0.04799074074074075
1 0.6887135416666667 0.2892222222222222 0.01891666666666675 0.056148148148148135
1 0.7442291666666667 0.34035185185185185 0.020468750000000095 0.06858333333333338
1 0.7767083333333333 0.3477314814814815 0.018057291666666704 0.06409259259259262
1 0.839703125 0.44913888888888887 0.020124999999999935 0.08296296296296299
1 0.848484375 0.6526944444444445 0.025661458333333324 0.081574074074074
1 0.8604531249999999 0.600925925925926 0.021927083333333285 0.08068518518518528
2 0.29802083333333335 0.20394444444444443 0.015171875000000057 0.046935185185185184
0 0.46807291666666667 0.26135185185185184 0.00703125 0.011490740740740711
2 0.5713333333333334 0.3040462962962963 0.014072916666666657 0.05480555555555561