1 0.06508854166666667 0.4235648148148148 0.015822916666666666 0.06061111111111114
1 0.3337864583333333 0.4175277777777778 0.014749999999999966 0.05950925925925924
1 0.44885416666666667 0.4635 0.01822395833333334 0.06553703703703706
1 0.47775 0.6656759259259258 0.02048437499999996 0.0749814814814815
1 0.5372864583333333 0.6585462962962964 0.01821354166666662 0.09362962962962953
1 0.49327604166666666 0.5145925925925926 0.016572916666666635 0.06716666666666664
1 0.48422916666666665 0.412962962962963 0.014932291666666705 0.061342592592592594
1 0.4326041666666667 0.30126851851851855 0.014526041666666718 0.04638888888888891
1 0.5398072916666667 0.3945 0.01399479166666661 0.05732407407407404
1 0.5899583333333334 0.34367592592592594 0.011458333333333333 0.05259259259259255
1 0.6411666666666667 0.4043703703703704 0.015156249999999953 0.056962962962962944
1 0.6570572916666666 0.49567592592592596 0.017104166666666743 0.06588888888888891
1 0.7898645833333333 0.6211666666666666 0.020473958333333306 0.07371296296296287
1 0.61078125 0.24286111111111114 0.010942708333333447 0.04658333333333336
1 0.7205052083333333 0.3232037037037037 0.010307291666666647 0.048203703703703756
1 0.7265208333333334 0.2911203703703704 0.013083333333333277 0.04803703703703703
1 0.7636927083333334 0.36497222222222225 0.014411458333333372 0.05678703703703707
1 0.7843072916666666 0.36187037037037034 0.013484374999999934 0.054231481481481526
1 0.8046197916666666 0.3985185185185185 0.01399479166666661 0.05988888888888895
1 0.8664895833333334 0.4935833333333334 0.017416666666666695 0.07085185185185183
1 0.8672083333333334 0.6221851851851852 0.016802083333333447 0.07392592592592585
2 0.3869739583333333 0.22003703703703703 0.008177083333333357 0.040999999999999974
2 0.6218802083333334 0.32239814814814816 0.012281249999999962 0.053537037037037084
0 0.4266770833333334 0.3433425925925926 0.005484374999999986 0.011638888888888935