2 0.4068333333333333 0.4214537037037037 0.022536458333333325 0.062166666666666655
1 0.8302656249999999 0.5005277777777778 0.026374999999999933 0.07007407407407414
2 0.3335208333333333 0.22275 0.01317708333333331 0.04177777777777778
1 0.379578125 0.7189074074074073 0.03096875000000002 0.08225925925925918
1 0.2608697916666667 0.47797222222222224 0.022036458333333304 0.0709444444444444
1 0.463875 0.7759074074074074 0.029354166666666615 0.08707407407407404
1 0.941046875 0.5520648148148148 0.027921875000000065 0.0820092592592592
1 0.17339583333333333 0.49959259259259253 0.025484374999999972 0.06803703703703705
1 0.8582916666666667 0.45741666666666664 0.023916666666666704 0.06996296296296291
1 0.0690625 0.6284351851851853 0.02946874999999999 0.07248148148148145
1 0.21971875000000002 0.4481944444444445 0.023817708333333344 0.06553703703703706
1 0.3693489583333333 0.5630925925925926 0.026265625000000032 0.08084259259259254
1 0.3665677083333333 0.4322962962962963 0.022963541666666625 0.06408333333333337
1 0.7328125 0.6735092592592592 0.023854166666666763 0.08826851851851845
1 0.6570416666666666 0.6031018518518518 0.02230208333333342 0.07329629629629637
1 0.7883072916666667 0.32537037037037037 0.019333333333333275 0.04805555555555553
1 0.5572760416666667 0.26769444444444446 0.018187500000000037 0.040620370370370376
1 0.4065364583333333 0.3196851851851852 0.017869791666666638 0.05480555555555561
1 0.8171927083333334 0.3534907407407407 0.01857812500000004 0.053546296296296335
1 0.10013541666666666 0.6704259259259259 0.027494791666666678 0.08566666666666665
1 0.46367708333333335 0.35750925925925925 0.01864583333333331 0.051333333333333384
1 0.5999375 0.4721296296296296 0.01623958333333325 0.061601851851851824
0 0.5244739583333333 0.5928425925925925 0.009531249999999976 0.01499074074074079