1 0.4448125 0.7210925925925926 0.047505208333333354 0.08236111111111115
2 0.3146979166666667 0.4181388888888889 0.019447916666666624 0.06624999999999996
1 0.12536458333333333 0.5201666666666667 0.02189583333333333 0.07092592592592584
1 0.3480416666666667 0.45364814814814813 0.020963541666666665 0.06237037037037038
1 0.7257395833333333 0.34135185185185185 0.021109375000000104 0.05459259259259262
1 0.7485989583333333 0.431462962962963 0.022067708333333276 0.06393518518518514
1 0.16734375 0.5245000000000001 0.023265624999999977 0.06561111111111102
1 0.6309010416666666 0.3303333333333333 0.022786458333333332 0.04746296296296296
1 0.49166145833333336 0.3326203703703704 0.018067708333333363 0.05401851851851855
1 0.40645312499999997 0.3744074074074074 0.020984374999999982 0.05637037037037037
1 0.24367708333333335 0.3799444444444444 0.019333333333333334 0.056694444444444464
1 0.645625 0.5940555555555556 0.021156249999999942 0.07009259259259264
1 0.21296874999999998 0.4359537037037037 0.023343750000000028 0.054916666666666725
1 0.2940260416666666 0.6219259259259259 0.024520833333333294 0.07304629629629639
1 0.6192864583333333 0.43241666666666667 0.022187499999999954 0.06498148148148154
1 0.8597187500000001 0.5281666666666667 0.01822395833333322 0.07898148148148144
1 0.5432239583333334 0.4949814814814815 0.019223958333333256 0.06343518518518518
1 0.21948958333333335 0.4779444444444444 0.017322916666666664 0.06058333333333339
1 0.3608177083333333 0.29035185185185186 0.016744791666666713 0.04733333333333334
1 0.3539322916666666 0.24625925925925923 0.018739583333333344 0.03561111111111112
1 0.534359375 0.4278240740740741 0.01669270833333337 0.05644444444444448