1 0.8111614583333334 0.5038425925925926 0.01229166666666662 0.055722222222222284
1 0.8435520833333333 0.4480462962962963 0.010645833333333361 0.026092592592592546
1 0.7335677083333334 0.477787037037037 0.011833333333333229 0.052240740740740754
1 0.7415364583333334 0.45909259259259266 0.012145833333333418 0.04958333333333335
1 0.7357552083333334 0.43533333333333335 0.016208333333333276 0.03262037037037039
1 0.6918385416666666 0.4035092592592593 0.009651041666666771 0.043999999999999984
0 0.647453125 0.4208703703703704 0.005286458333333381 0.00926851851851851
1 0.5780208333333333 0.4527037037037038 0.014124999999999943 0.04791666666666672
1 0.647609375 0.5098888888888888 0.014973958333333334 0.0580925925925926
1 0.5456302083333333 0.3861296296296296 0.009520833333333438 0.03425925925925926
1 0.5653645833333333 0.4228240740740741 0.01068749999999999 0.04095370370370372
2 0.5460208333333333 0.4490925925925926 0.008739583333333438 0.04625000000000004
1 0.5048802083333334 0.5708333333333333 0.014765624999999952 0.06187962962962956
1 0.40420833333333334 0.5000092592592592 0.012697916666666724 0.05777777777777781
1 0.416046875 0.4183611111111111 0.01215104166666663 0.04313888888888892
1 0.36196875 0.45629629629629637 0.013406250000000005 0.04955555555555559
1 0.30746875 0.45546296296296296 0.013026041666666661 0.04788888888888891
1 0.347515625 0.5716481481481481 0.020442708333333334 0.06350925925925918
1 0.22803645833333333 0.5644166666666667 0.014369791666666683 0.06573148148148149
1 0.26214583333333336 0.42544444444444446 0.009911458333333348 0.0434259259259259
1 0.19150520833333334 0.4460185185185185 0.009296875000000012 0.04565740740740746
1 0.19833854166666667 0.46019444444444446 0.011250000000000012 0.046222222222222234
1 0.166671875 0.48116666666666663 0.014338541666666652 0.04788888888888891
2 0.17679166666666665 0.39973148148148147 0.010348958333333335 0.03505555555555557