0 0.6211875 0.4525740740740741 0.0057604166666666385 0.010055555555555568
1 0.4486041666666667 0.39700925925925923 0.009557291666666618 0.03946296296296297
1 0.43792187499999996 0.5592314814814815 0.02401041666666662 0.06305555555555548
2 0.404265625 0.43500925925925926 0.009812499999999957 0.0451944444444445
1 0.5024583333333333 0.4232037037037037 0.013500000000000038 0.03804629629629633
1 0.5059791666666666 0.43566666666666665 0.011895833333333291 0.037731481481481484
1 0.5257395833333333 0.43671296296296297 0.011890624999999962 0.04091666666666672
1 0.5694635416666666 0.42391666666666666 0.012874999999999895 0.03837962962962967
1 0.5803645833333333 0.4278703703703704 0.014291666666666696 0.0375
1 0.5939531250000001 0.43901851851851853 0.009348958333333239 0.03893518518518514
1 0.601671875 0.4405 0.011203125000000114 0.03861111111111115
1 0.6117083333333333 0.4482962962962963 0.013359375000000047 0.043222222222222176
1 0.8175260416666668 0.4226574074074074 0.013046875000000095 0.034768518518518476
1 0.28421875 0.5299814814814815 0.021182291666666703 0.05813888888888886
1 0.281484375 0.4396203703703704 0.012281249999999962 0.04636111111111116
1 0.29081250000000003 0.4077962962962963 0.012109375 0.04056481481481487
1 0.20461458333333335 0.47626851851851854 0.011234375000000026 0.04812962962962965
1 0.20242708333333334 0.4213148148148148 0.013109374999999979 0.04053703703703701
1 0.17815625 0.41830555555555554 0.012114583333333328 0.0412037037037037
1 0.10068229166666667 0.44277777777777777 0.015442708333333322 0.04566666666666671
1 0.05611458333333333 0.4976851851851852 0.01451041666666666 0.05425925925925923
1 0.07065625 0.5634907407407408 0.017947916666666664 0.057962962962962876
1 0.029567708333333335 0.44884259259259257 0.012999999999999996 0.04789814814814816
2 0.060093749999999994 0.3981018518518518 0.011609374999999996 0.03584259259259263