1 0.19423437500000001 0.4366759259259259 0.01746354166666665 0.051518518518518505
1 0.23302604166666668 0.4419166666666666 0.011375000000000017 0.0518611111111111
1 0.2539375 0.5235833333333334 0.022776041666666677 0.06306481481481473
1 0.342640625 0.5641666666666666 0.01572916666666669 0.0698518518518519
1 0.2920625 0.39643518518518517 0.013453124999999962 0.045416666666666626
1 0.32106250000000003 0.42687037037037034 0.0125 0.04542592592592588
1 0.32505208333333335 0.38832407407407404 0.012880208333333342 0.035944444444444494
1 0.39160416666666664 0.4282222222222222 0.012869791666666686 0.0481388888888889
1 0.4269739583333333 0.46880555555555553 0.018947916666666724 0.054925925925925975
1 0.46875520833333334 0.380712962962963 0.012187500000000047 0.04438888888888883
1 0.5193854166666667 0.5516574074074073 0.017411458333333366 0.07187037037037027
2 0.5336458333333333 0.4409074074074074 0.015505208333333324 0.04983333333333338
2 0.213390625 0.3752962962962963 0.011088541666666648 0.03356481481481482
1 0.5677083333333334 0.4147222222222222 0.010421875000000113 0.04311111111111106
1 0.5725572916666667 0.39849074074074076 0.01061458333333339 0.0444537037037037
1 0.5816822916666666 0.36383333333333334 0.009848958333333258 0.039370370370370354
1 0.6948697916666667 0.3807407407407407 0.010880208333333268 0.046138888888888924
1 0.6615468750000001 0.492 0.013640625000000028 0.05904629629629628
1 0.7087968750000001 0.45437962962962963 0.018765625000000105 0.053111111111111074
1 0.7981197916666667 0.4463425925925926 0.011999999999999981 0.05563888888888892
1 0.8311562499999999 0.41717592592592595 0.010567708333333314 0.04632407407407405
1 0.8918125 0.4248703703703704 0.013984374999999953 0.049879629629629635
1 0.8370989583333334 0.518962962962963 0.017697916666666678 0.06058333333333339
0 0.5893854166666667 0.3790462962962963 0.004333333333333419 0.008944444444444415