1 0.24127083333333335 0.5716759259259259 0.01747916666666664 0.08965740740740734
1 0.20496875 0.38708333333333333 0.018416666666666675 0.06310185185185183
1 0.2899114583333333 0.36897222222222226 0.014177083333333347 0.0584351851851852
1 0.253484375 0.3526666666666667 0.014010416666666655 0.057370370370370405
1 0.31827083333333334 0.3480092592592593 0.014255208333333276 0.05706481481481481
1 0.3760364583333333 0.34462037037037035 0.012302083333333276 0.0518055555555556
1 0.35490625 0.4238425925925926 0.01399479166666661 0.06297222222222221
1 0.38258854166666667 0.2941944444444445 0.012723958333333367 0.0456111111111111
1 0.4511354166666666 0.3058425925925926 0.012880208333333342 0.05238888888888893
1 0.4832916666666666 0.33575925925925926 0.012114583333333328 0.04909259259259258
1 0.5210729166666667 0.3179444444444444 0.011598958333333324 0.04502777777777777
1 0.5395 0.40414814814814815 0.018020833333333285 0.06265740740740737
1 0.5731770833333333 0.35604629629629625 0.016916666666666677 0.05662037037037035
1 0.6149322916666667 0.42691666666666667 0.015895833333333324 0.061620370370370325
1 0.6142552083333332 0.27991666666666665 0.011161458333333247 0.04410185185185185
2 0.6331666666666667 0.36274999999999996 0.01264062499999999 0.05799999999999999
1 0.6546770833333333 0.35906481481481484 0.017625000000000075 0.05213888888888894
1 0.6900937500000001 0.3732685185185185 0.01576041666666678 0.05499999999999998
1 0.7323072916666666 0.29307407407407404 0.01651562500000002 0.04337962962962965
1 0.7697916666666667 0.31908333333333333 0.011182291666666563 0.050305555555555596
1 0.8355937499999999 0.344712962962963 0.01683333333333342 0.05799074074074074
1 0.731421875 0.48104629629629625 0.01896354166666659 0.07520370370370373
2 0.45379166666666665 0.24876851851851853 0.00834374999999999 0.03384259259259258
0 0.37127604166666667 0.3208240740740741 0.004250000000000043 0.006925925925925943