1 0.10572395833333334 0.36565740740740743 0.019046874999999998 0.05582407407407404
1 0.11990625 0.412287037037037 0.013807291666666662 0.06155555555555557
1 0.24497395833333335 0.3477314814814815 0.009958333333333336 0.050537037037037075
1 0.248453125 0.35598148148148145 0.01512499999999998 0.05382407407407407
1 0.3145625 0.30367592592592596 0.013932291666666667 0.04856481481481486
1 0.34140625 0.3407777777777778 0.012130208333333314 0.05331481481481485
1 0.32010937500000003 0.4323611111111111 0.017213541666666644 0.06142592592592595
1 0.26638541666666665 0.6026111111111112 0.02464583333333336 0.08791666666666671
1 0.408890625 0.31043518518518515 0.016598958333333278 0.04957407407407404
1 0.43483854166666663 0.3298148148148148 0.01221875000000002 0.050833333333333314
1 0.45875 0.30035185185185187 0.010026041666666667 0.0419259259259259
1 0.5409947916666666 0.2693611111111111 0.01118750000000001 0.043851851851851864
2 0.5527552083333334 0.35935185185185187 0.00891666666666661 0.058490740740740704
1 0.5699947916666667 0.40444444444444444 0.01839583333333342 0.06115740740740737
1 0.5877760416666666 0.35191666666666666 0.014093749999999971 0.056129629629629633
1 0.659546875 0.28325925925925927 0.009937499999999962 0.046638888888888896
1 0.646109375 0.3580277777777778 0.014317708333333219 0.05168518518518523
1 0.6731458333333333 0.4352962962962963 0.021500000000000106 0.06173148148148144
1 0.7096770833333333 0.46948148148148144 0.017197916666666656 0.07453703703703699
1 0.717375 0.31105555555555553 0.009932291666666752 0.0466574074074074
1 0.7327395833333333 0.3684537037037037 0.014093749999999971 0.05725000000000004
1 0.7621249999999999 0.3236296296296296 0.01033854166666662 0.05236111111111107
2 0.37118749999999995 0.2527037037037037 0.008401041666666723 0.03413888888888889
0 0.31863541666666667 0.3214166666666667 0.004109375000000052 0.009027777777777777