1 0.752109375 0.4449166666666667 0.019260416666666676 0.021472222222222274
1 0.7679479166666667 0.4241111111111111 0.01438541666666661 0.03851851851851854
1 0.7205364583333334 0.42185185185185187 0.0089114583333334 0.03941666666666671
1 0.7166822916666666 0.45642592592592596 0.009317708333333266 0.045398148148148174
1 0.6920625 0.45778703703703705 0.01185937499999999 0.04269444444444446
1 0.6609427083333334 0.4455092592592592 0.011562499999999904 0.047018518518518494
1 0.6136354166666667 0.4612592592592593 0.012380208333333325 0.05235185185185187
1 0.57828125 0.45455555555555555 0.016312500000000084 0.052231481481481455
1 0.5813906249999999 0.42341666666666666 0.012161458333333286 0.04529629629629626
1 0.5507864583333333 0.40162037037037035 0.013203124999999953 0.04090740740740736
2 0.5363906249999999 0.4337962962962963 0.012947916666666674 0.047611111111111076
1 0.5005625 0.5513148148148148 0.017166666666666684 0.06359259259259264
1 0.4098072916666667 0.41118518518518515 0.011411458333333376 0.04390740740740737
1 0.4007135416666667 0.5414907407407407 0.013328124999999958 0.0566296296296297
1 0.3658541666666667 0.453212962962963 0.010416666666666666 0.04954629629629629
1 0.30457291666666664 0.48348148148148146 0.01366666666666667 0.053601851851851894
1 0.2797395833333333 0.43365740740740744 0.011984374999999995 0.041583333333333306
1 0.23580208333333333 0.4224722222222222 0.009072916666666646 0.039962962962962936
1 0.19771875 0.5600462962962963 0.01527083333333336 0.06607407407407398
1 0.14902083333333332 0.498462962962963 0.012557291666666673 0.05358333333333328
1 0.17745833333333336 0.4511759259259259 0.011708333333333343 0.04663888888888884
1 0.1113125 0.45654629629629623 0.01171875 0.051601851851851815
2 0.12106770833333333 0.40114814814814814 0.01047916666666667 0.03189814814814819