1 0.21326562500000001 0.3784722222222222 0.02254687499999998 0.07037037037037037
1 0.288734375 0.4156574074074074 0.021088541666666672 0.08147222222222224
1 0.31676041666666666 0.38846296296296295 0.019302083333333307 0.08046296296296294
1 0.3854479166666666 0.4574722222222223 0.018598958333333353 0.08567592592592595
1 0.35506770833333334 0.3864814814814815 0.015645833333333314 0.07044444444444448
1 0.3460104166666667 0.38019444444444445 0.02194270833333339 0.06016666666666668
1 0.38342187499999997 0.3569537037037037 0.013906250000000024 0.0673425925925926
1 0.40066666666666667 0.35598148148148145 0.0194947916666667 0.0665462962962963
1 0.4168854166666666 0.35221296296296295 0.015317708333333376 0.056722222222222216
1 0.4306302083333333 0.34347222222222223 0.01711458333333328 0.06323148148148144
1 0.44896874999999997 0.39075925925925925 0.01845833333333336 0.061879629629629666
1 0.4574479166666666 0.3453611111111111 0.014859374999999985 0.06585185185185186
1 0.4758802083333334 0.32799074074074075 0.01704166666666668 0.06310185185185183
1 0.505296875 0.38875925925925925 0.01934895833333338 0.07044444444444448
1 0.5646145833333333 0.37539814814814815 0.020432291666666675 0.06426851851851849
1 0.5885677083333333 0.346212962962963 0.02081770833333323 0.059574074074074106
1 0.614875 0.3462777777777778 0.01433854166666677 0.06998148148148152
1 0.622359375 0.2821944444444444 0.015812500000000066 0.05829629629629633
1 0.68675 0.4469074074074074 0.02061979166666674 0.08624999999999998
2 0.5873541666666667 0.25415740740740744 0.013890625000000038 0.055879629629629654
2 0.6740312500000001 0.3944814814814815 0.018312499999999923 0.07502777777777775
0 0.5194322916666666 0.3674537037037037 0.008442708333333352 0.012990740740740716
1 0.74325 0.3446944444444444 0.016557291666666647 0.06930555555555558
1 0.7710989583333333 0.34962037037037036 0.018125000000000096 0.07189814814814813