1 0.20236458333333335 0.3495925925925926 0.018505208333333318 0.07470370370370366
1 0.21873958333333335 0.4264074074074074 0.019562499999999972 0.0679537037037037
1 0.23889583333333334 0.34467592592592594 0.01760937500000003 0.07643518518518515
1 0.27908333333333335 0.32357407407407407 0.022395833333333334 0.07469444444444441
1 0.292328125 0.34149999999999997 0.0180052083333333 0.07007407407407402
1 0.33190625 0.31251851851851853 0.014260416666666723 0.06558333333333337
1 0.40439583333333334 0.29337037037037034 0.012947916666666615 0.06918518518518521
1 0.4142291666666667 0.30095370370370367 0.017984374999999986 0.05978703703703698
1 0.42398437499999997 0.32162962962962965 0.017984374999999986 0.06934259259259258
1 0.4044375 0.3633981481481482 0.015468750000000024 0.0690740740740741
1 0.3779427083333333 0.41232407407407407 0.030749999999999982 0.07878703703703707
1 0.457546875 0.32328703703703704 0.015213541666666686 0.06254629629629625
1 0.467625 0.35299074074074077 0.01911458333333336 0.07137962962962965
1 0.48818750000000005 0.32552777777777775 0.016348958333333385 0.0742592592592593
1 0.5158958333333333 0.2694537037037037 0.018130208333333304 0.05457407407407412
1 0.5114270833333333 0.3611574074074074 0.017317708333333334 0.06892592592592588
1 0.6222604166666666 0.32053703703703706 0.019536458333333447 0.07005555555555552
2 0.6349791666666668 0.35335185185185186 0.014901041666666733 0.07499074074074075
1 0.6740677083333334 0.2632314814814815 0.016682291666666772 0.06092592592592591
1 0.7488333333333334 0.29618518518518516 0.019921875 0.06903703703703698
1 0.6913385416666666 0.42156481481481484 0.02440104166666662 0.08427777777777776
2 0.5073854166666666 0.20541666666666666 0.013296874999999986 0.043546296296296326
1 0.8191145833333333 0.3065925925925926 0.020786458333333258 0.07238888888888895
0 0.29304166666666664 0.32971296296296293 0.009494791666666676 0.016453703703703686