1 0.038046875 0.7960138888888889 0.0395703125 0.18123611111111113
1 0.084609375 0.600736111111111 0.03231249999999999 0.15749999999999997
1 0.2063828125 0.8217916666666667 0.037453124999999976 0.17329166666666665
1 0.360359375 0.5942916666666667 0.03171093750000002 0.15651388888888895
1 0.369 0.4203194444444444 0.04341406250000004 0.13374999999999998
1 0.432640625 0.3239166666666667 0.0298828125 0.10454166666666669
1 0.45487500000000003 0.30780555555555555 0.03113281249999993 0.10701388888888887
1 0.6347109375 0.3236666666666666 0.03946874999999998 0.10899999999999999
1 0.69403125 0.32131944444444444 0.031234375000000016 0.10180555555555557
1 0.713359375 0.7561249999999999 0.03783593750000005 0.1634166666666667
1 0.7080625 0.6633194444444445 0.04954687500000006 0.14881944444444442
1 0.8248906249999999 0.42651388888888886 0.032242187499999984 0.14863888888888888
1 0.86978125 0.414125 0.0383671875000001 0.11394444444444439
2 0.5709609375 0.7179583333333333 0.036046875000000075 0.16638888888888884
2 0.5547187499999999 0.25501388888888893 0.03284374999999997 0.1109722222222222