1 0.16421875 0.8096527777777779 0.02840625000000001 0.1316666666666666
1 0.17815625 0.23395833333333332 0.017249999999999988 0.0758194444444445
1 0.3786953125 0.35105555555555557 0.020976562500000018 0.07950000000000002
1 0.398140625 0.2829027777777778 0.016656249999999994 0.0770416666666667
1 0.4721640625 0.34375 0.016921875000000065 0.08222222222222225
1 0.52103125 0.5504305555555555 0.0240234375 0.10893055555555549
1 0.5870390624999999 0.5394027777777778 0.01801562499999996 0.0992777777777778
1 0.687828125 0.5662916666666666 0.02162500000000005 0.11091666666666669
1 0.5633359375 0.07866666666666666 0.014031250000000028 0.05375000000000001
1 0.7342187499999999 0.1579861111111111 0.014515624999999944 0.06748611111111114
1 0.6990703125 0.2632777777777778 0.015539062500000079 0.07705555555555559
1 0.7151171875 0.30266666666666664 0.0201171875 0.07795833333333332
1 0.79115625 0.25231944444444443 0.016335937500000064 0.07869444444444448
1 0.8223750000000001 0.2651805555555556 0.024789062500000014 0.08629166666666666
1 0.86134375 0.33770833333333333 0.024273437500000127 0.09188888888888892
1 0.911875 0.552875 0.023468749999999972 0.11291666666666661
1 0.9299531249999999 0.6698472222222223 0.02397656250000004 0.12230555555555564
1 0.9857265625 0.8017638888888888 0.02854687499999997 0.13077777777777788
2 0.0466875 0.05991666666666667 0.016765624999999996 0.057902777777777775
2 0.6304609375 0.3386388888888889 0.019914062500000006 0.08106944444444444
0 0.2017421875 0.8649027777777778 0.01107031249999999 0.02159722222222216