1 0.0901171875 0.8354444444444444 0.027992187499999988 0.13368055555555555
1 0.2346171875 0.4777083333333333 0.020015625000000002 0.08000000000000003
1 0.17153125 0.269 0.02351562500000002 0.07895833333333337
1 0.32829687500000004 0.2797777777777778 0.0177734375 0.07326388888888889
1 0.31456249999999997 0.44481944444444443 0.030742187500000018 0.08609722222222224
1 0.4760703125 0.08684722222222223 0.012171874999999943 0.05670833333333332
1 0.544234375 0.43293055555555554 0.01746093749999993 0.09205555555555552
1 0.5683515625 0.47641666666666665 0.018289062500000064 0.09229166666666673
1 0.6801875 0.5179583333333333 0.02865625000000005 0.09604166666666664
1 0.75303125 0.5284861111111111 0.027945312499999986 0.10470833333333332
1 0.8720859375 0.6746944444444444 0.03182812499999983 0.1195277777777777
1 0.9086796874999999 0.7847361111111111 0.03670312500000002 0.11156944444444435
1 0.800359375 0.3612083333333333 0.023617187500000015 0.09236111111111112
1 0.673921875 0.1873472222222222 0.018898437500000042 0.06933333333333336
1 0.6889765625 0.22947222222222222 0.015546875000000071 0.0742777777777778
1 0.7100234375000001 0.25425 0.02139843750000008 0.07426388888888892
1 0.72159375 0.28795833333333337 0.01944531250000008 0.08218055555555558
1 0.7281484375 0.24830555555555556 0.01860937499999995 0.10202777777777775
2 0.59240625 0.283125 0.021476562500000008 0.07488888888888891
0 0.163625 0.8669444444444445 0.013718750000000002 0.02372222222222212