1 0.1497890625 0.6685 0.03840625000000002 0.13009722222222217
1 0.16961718750000002 0.7381944444444445 0.031320312500000023 0.1300694444444445
1 0.2213359375 0.4269861111111111 0.035226562500000023 0.08137500000000004
1 0.266125 0.5430555555555555 0.025265625000000024 0.12583333333333335
1 0.32206250000000003 0.4268611111111111 0.025562500000000023 0.08379166666666672
1 0.43665624999999997 0.52175 0.031570312500000065 0.1127083333333333
1 0.475484375 0.41881944444444447 0.03232031249999991 0.08915277777777769
1 0.5455234375 0.45540277777777777 0.026125000000000044 0.10602777777777782
1 0.6156406249999999 0.5157083333333333 0.024609375 0.12477777777777782
1 0.66509375 0.5307222222222222 0.03304687499999996 0.11190277777777768
1 0.5879140625 0.9458194444444444 0.0400390625 0.10836111111111109
1 0.8446953125000001 0.6508333333333334 0.025820312500000143 0.129611111111111
1 0.8559296875 0.7431666666666668 0.028687499999999845 0.14004166666666665
1 0.9059140625 0.6257638888888889 0.051742187500000016 0.1411388888888889
2 0.0506796875 0.45708333333333334 0.035453124999999995 0.10765277777777776
0 0.2917421875 0.4405138888888889 0.010093749999999967 0.02177777777777771