1 0.1448671875 0.7722916666666666 0.03553906250000001 0.13480555555555548
1 0.1863671875 0.5822361111111111 0.030898437499999987 0.13737499999999997
1 0.2370234375 0.6883194444444444 0.04196875000000002 0.13413888888888895
1 0.2534609375 0.38129166666666664 0.034882812499999985 0.08840277777777775
1 0.344390625 0.5471805555555556 0.03241406250000001 0.11768055555555558
1 0.35728125 0.41084722222222225 0.02725781249999999 0.10626388888888888
1 0.378671875 0.4560972222222222 0.023648437499999987 0.10740277777777783
1 0.3985234375 0.46766666666666673 0.02725000000000004 0.10991666666666665
1 0.578453125 0.5240277777777778 0.026187499999999985 0.1126527777777778
1 0.6269765625 0.59575 0.039460937499999994 0.1415
1 0.69196875 0.5826944444444445 0.031515624999999936 0.1337222222222222
1 0.9306093750000001 0.5129305555555556 0.030570312500000085 0.10647222222222218
1 0.7961796875 0.7160416666666666 0.03755468749999995 0.1529305555555555
1 0.7663359375 0.904 0.043617187499999946 0.192
1 0.8557265624999999 0.7091666666666667 0.027749999999999986 0.13001388888888882
1 0.8857578125 0.6816666666666666 0.03367187499999993 0.1483611111111112
0 0.23143750000000002 0.4272083333333333 0.009335937500000035 0.01733333333333336