1 0.031203124999999998 0.4872916666666667 0.0349609375 0.14568055555555554
1 0.047031250000000004 0.37097222222222226 0.033445312500000005 0.13820833333333332
1 0.13403125 0.3562222222222223 0.035546875 0.1355416666666667
1 0.3136171875 0.46304166666666663 0.035812500000000025 0.1320277777777777
1 0.3787578125 0.47255555555555556 0.03942187500000003 0.14301388888888894
1 0.4572421875 0.5360833333333334 0.03805468750000003 0.13602777777777786
1 0.491390625 0.5419722222222223 0.050562500000000024 0.14781944444444453
1 0.7116796875 0.46088888888888885 0.08520312499999996 0.13845833333333324
1 0.6126171874999999 0.813375 0.04571874999999999 0.18393055555555565
1 0.6837890625 0.6427638888888889 0.04932031250000009 0.13491666666666666
0 0.6640546875 0.5411805555555556 0.015890624999999936 0.033638888888888926