1 0.110109375 0.4631388888888889 0.03287499999999999 0.10090277777777774
1 0.23196875 0.35463888888888884 0.02575000000000003 0.07463888888888887
1 0.3025703125 0.362625 0.024867187500000033 0.07515277777777779
1 0.2785078125 0.4603055555555556 0.02893749999999997 0.10038888888888885
1 0.42095312500000004 0.3720277777777778 0.028187499999999942 0.08108333333333333
1 0.44516406249999996 0.408375 0.022671874999999987 0.09704166666666668
1 0.41304687500000004 0.4890416666666667 0.025429687499999964 0.10887499999999999
1 0.4441484375 0.5064444444444445 0.033984375 0.09469444444444454
1 0.4767734375 0.44716666666666666 0.02672656250000003 0.07925000000000008
1 0.3541875 0.741875 0.03530468750000004 0.12479166666666662
1 0.43530468750000006 0.6663611111111111 0.030796875000000057 0.1232638888888889
1 0.5224375 0.6395555555555555 0.03396875000000001 0.13151388888888896
1 0.8352734375 0.5131527777777778 0.027164062499999985 0.09265277777777783
2 0.053093749999999995 0.35618055555555556 0.03324218749999999 0.08512499999999999
0 0.32159375 0.3638194444444444 0.008296875000000004 0.018138888888888854