1 0.0241875 0.5616805555555556 0.025460937500000003 0.11215277777777778
1 0.1071953125 0.4572777777777778 0.0271015625 0.10441666666666675
1 0.138859375 0.863625 0.04821093749999998 0.155763888888889
1 0.25790625 0.44320833333333337 0.028437499999999984 0.10040277777777773
1 0.3653359375 0.2827777777777778 0.030679687499999986 0.0824861111111111
1 0.3977578125 0.3095833333333333 0.0201171875 0.07175000000000004
1 0.399265625 0.3753888888888888 0.02313281250000001 0.08808333333333332
1 0.3900625 0.37418055555555557 0.019820312500000003 0.06691666666666664
1 0.45301562500000003 0.455 0.02056249999999995 0.09181944444444447
1 0.39157031249999996 0.5445277777777778 0.02283593749999997 0.12073611111111104
1 0.3921796875 0.6730555555555556 0.03610156250000003 0.12311111111111117
1 0.459046875 0.6660833333333334 0.032624999999999994 0.10918055555555557
1 0.49711718749999995 0.6516111111111111 0.04091406249999992 0.12312499999999997
1 0.474125 0.5320555555555555 0.02659374999999997 0.09849999999999995
1 0.7498359375 0.4865 0.027601562499999944 0.0931527777777777
2 0.0848828125 0.29966666666666664 0.02469531250000001 0.08944444444444441
0 0.346828125 0.31647222222222227 0.008765625000000022 0.017875000000000005
2 0.9050390625 0.7246666666666667 0.035531250000000014 0.12869444444444447