1 0.013007812499999999 0.5179444444444444 0.0256953125 0.16545833333333332
1 0.090625 0.6886805555555556 0.03352343749999999 0.18075000000000005
1 0.13186718749999998 0.6847777777777779 0.06268750000000001 0.18408333333333335
1 0.20447656250000001 0.5380138888888889 0.04793750000000001 0.13869444444444445
1 0.206203125 0.7495972222222222 0.041976562500000016 0.16595833333333335
1 0.318953125 0.735375 0.044781250000000036 0.1765555555555555
1 0.5126953125 0.36211111111111116 0.02608593750000008 0.13818055555555556
1 0.5384921874999999 0.5198888888888888 0.03846875000000001 0.16379166666666659
1 0.5639765625 0.35974999999999996 0.03767968750000002 0.1250833333333333
1 0.5257890625 0.22816666666666666 0.028749999999999963 0.10727777777777779
1 0.554953125 0.23193055555555556 0.030625000000000034 0.10644444444444442
1 0.5902421875 0.22509722222222223 0.022781250000000065 0.10672222222222225
1 0.9027265625 0.26915277777777774 0.03768749999999983 0.11954166666666666
1 0.9779921874999999 0.3345277777777778 0.03140624999999986 0.14712500000000006
1 0.9158203125 0.659 0.04536718750000013 0.18272222222222215
2 0.6464921875 0.7469583333333333 0.052156249999999994 0.18297222222222223
2 0.6257109375 0.17616666666666667 0.030992187500000056 0.1092222222222222
2 0.33940625 0.3086111111111111 0.03541406250000003 0.12129166666666669