1 0.0697109375 0.41384722222222226 0.034710937500000004 0.12831944444444443
1 0.175390625 0.3790555555555556 0.02425781250000001 0.1051388888888889
1 0.1771875 0.20975000000000002 0.024578124999999985 0.10286111111111111
1 0.224640625 0.14205555555555555 0.037945312500000036 0.09215277777777775
1 0.3015390625 0.2844027777777778 0.02374218749999999 0.10429166666666663
1 0.21942187500000002 0.7662361111111112 0.03403124999999996 0.15170833333333336
1 0.3787578125 0.2793333333333333 0.0232421875 0.10284722222222224
1 0.4032265625 0.39152777777777775 0.019976562499999996 0.10106944444444442
1 0.41439843749999994 0.4695138888888889 0.021117187499999978 0.10047222222222227
1 0.43021093749999995 0.493 0.04296875 0.11844444444444441
1 0.48003906250000006 0.6195416666666667 0.03985937499999999 0.11347222222222228
1 0.428421875 0.39398611111111115 0.023070312499999978 0.0868611111111111
1 0.4468515625 0.4095 0.024046874999999978 0.10222222222222226
1 0.6720703125 0.4574861111111111 0.053695312500000016 0.1315000000000001
2 0.8020546875000001 0.6707083333333334 0.02985937499999993 0.13172222222222227
0 0.54396875 0.6160694444444444 0.015062499999999979 0.036944444444444474