1 0.069953125 0.6542916666666666 0.03103125 0.12581944444444448
1 0.074328125 0.4664027777777778 0.02469531249999999 0.0985277777777777
1 0.313546875 0.5640972222222221 0.037171875000000035 0.1089583333333334
1 0.1706796875 0.2541111111111111 0.015335937499999997 0.07070833333333337
1 0.268984375 0.1527916666666667 0.02496875000000003 0.07180555555555558
1 0.46764062500000003 0.380625 0.019656250000000063 0.08783333333333335
1 0.46108593750000004 0.24887499999999999 0.017093750000000085 0.07901388888888887
1 0.570703125 0.3433611111111112 0.016171875000000037 0.0830138888888889
1 0.49712500000000004 0.6439722222222223 0.03789843749999999 0.08641666666666671
1 0.5079765625 0.6800277777777778 0.04151562500000008 0.10222222222222217
1 0.5908359375 0.631375 0.03381249999999998 0.10947222222222229
1 0.7006796875 0.4655972222222223 0.02399218750000003 0.10227777777777776
1 0.7797890625 0.7270694444444444 0.04227343749999992 0.12393055555555559
1 0.8253984375 0.759375 0.04150781250000009 0.1322222222222223
1 0.96321875 0.2378888888888889 0.027617187499999928 0.08384722222222223
0 0.5007734375 0.6901805555555556 0.009531250000000036 0.02390277777777783
2 0.3543125 0.3773194444444445 0.017898437499999975 0.0901944444444444