1 0.014453125 0.6958333333333333 0.02890625 0.08055555555555556
1 0.0507734375 0.6754861111111111 0.0291015625 0.10388888888888882
1 0.11740625 0.5781111111111111 0.025742187499999993 0.0695555555555556
1 0.1335859375 0.7990972222222222 0.028445312499999976 0.10591666666666666
1 0.19809375 0.66575 0.02211718749999998 0.08670833333333326
1 0.20338281249999998 0.5444166666666667 0.019796875000000002 0.08009722222222217
1 0.17276562499999998 0.4257361111111111 0.019164062499999978 0.07188888888888888
1 0.3737734375 0.5195694444444444 0.015132812500000004 0.07849999999999997
1 0.33001562500000003 0.7419305555555556 0.024289062500000024 0.09929166666666668
1 0.389625 0.6558888888888889 0.028789062499999973 0.08991666666666667
1 0.41804687500000004 0.5986111111111111 0.017312500000000064 0.08534722222222228
1 0.4386015625 0.7227916666666666 0.023625000000000007 0.1045694444444444
1 0.4529140625 0.4177222222222222 0.018726562500000023 0.06959722222222224
1 0.466125 0.3834583333333333 0.012921874999999972 0.06295833333333335
1 0.538625 0.5826805555555555 0.017421874999999965 0.08787499999999998
1 0.569296875 0.524263888888889 0.016906250000000077 0.09476388888888891
1 0.648078125 0.6104027777777777 0.02622656249999995 0.09061111111111113
2 0.1629609375 0.8741388888888889 0.025335937500000006 0.12080555555555558
2 0.188546875 0.24425000000000002 0.016039062500000024 0.047597222222222194