1 0.0494453125 0.41037500000000005 0.030742187500000007 0.10979166666666665
1 0.0479375 0.5283055555555556 0.027726562500000006 0.12048611111111111
1 0.1293671875 0.5284444444444445 0.0337421875 0.10734722222222218
1 0.414875 0.2736388888888889 0.021179687499999923 0.09368055555555554
1 0.2964296875 0.6154305555555556 0.05421874999999998 0.10705555555555561
1 0.3327734375 0.6099305555555555 0.039437500000000014 0.1201944444444444
1 0.34860156249999996 0.73175 0.03189843750000003 0.14669444444444452
1 0.43997656249999995 0.6077916666666667 0.02162500000000005 0.11590277777777784
1 0.444046875 0.4342222222222222 0.026750000000000006 0.10924999999999996
1 0.711609375 0.43274999999999997 0.023539062500000086 0.11434722222222228
1 0.720234375 0.6328611111111111 0.02419531250000002 0.11779166666666675
1 0.7289765625 0.7648611111111112 0.03565625000000008 0.13248611111111117
1 0.8548046875 0.5464166666666667 0.026437500000000114 0.11915277777777773
1 0.8839062500000001 0.7481111111111111 0.03939843749999987 0.1552777777777777
1 0.849984375 0.2663055555555556 0.02282031250000003 0.10047222222222227
1 0.9449765625 0.28680555555555554 0.025820312500000143 0.10662499999999997
2 0.395953125 0.028416666666666666 0.017476562500000004 0.054652777777777786
2 0.42835156249999995 0.7890138888888889 0.03439062499999999 0.14511111111111114
0 0.449796875 0.33265277777777774 0.011062500000000064 0.022027777777777795