1 0.0081328125 0.7302916666666666 0.014453125 0.11965277777777783
1 0.08744531250000001 0.3843888888888889 0.02228125000000001 0.08462499999999996
1 0.154390625 0.5981527777777778 0.02347656250000001 0.10736111111111105
1 0.13328125 0.7436944444444445 0.041570312499999984 0.11427777777777774
1 0.4028828125 0.6040416666666667 0.019812499999999966 0.09770833333333337
1 0.462515625 0.659 0.03201562500000001 0.10573611111111118
1 0.5554765625 0.4455 0.01737500000000001 0.08890277777777776
1 0.6218203124999999 0.44858333333333333 0.017367187500000013 0.08702777777777773
1 0.5683671875 0.27823611111111113 0.01450781249999995 0.06536111111111112
1 0.6685156250000001 0.7435694444444445 0.02329687499999995 0.11672222222222217
1 0.6899296875 0.7703749999999999 0.029929687499999958 0.12743055555555555
1 0.743 0.5966944444444444 0.021476562500000008 0.10175
1 0.963671875 0.5966944444444444 0.03003906249999986 0.11247222222222225
1 0.8423671875000001 0.3635833333333333 0.018148437500000014 0.08325000000000003
1 0.865359375 0.3216388888888889 0.020406249999999914 0.07709722222222225
0 0.8098750000000001 0.7906388888888889 0.01799999999999997 0.031236111111111124
2 0.367515625 0.4808472222222222 0.019656249999999976 0.08972222222222226