1 0.3204921875 0.6839583333333333 0.0501953125 0.11026388888888887
1 0.4974453125 0.5977361111111111 0.0416015625 0.10749999999999997
1 0.7687265625 0.5308472222222222 0.02957812499999992 0.10316666666666663
1 0.16314062499999998 0.7290138888888889 0.03875781250000001 0.12009722222222226
1 0.10003906250000001 0.46437500000000004 0.027812500000000007 0.09672222222222221
1 0.1873671875 0.5284027777777778 0.03753906250000001 0.10476388888888882
1 0.9545703124999999 0.6555694444444444 0.04184374999999996 0.11072222222222226
1 0.6560859375 0.42087499999999994 0.035374999999999976 0.08719444444444441
1 0.581140625 0.7050694444444444 0.03649218750000003 0.07797222222222228
1 0.313234375 0.3268472222222222 0.023812500000000014 0.07549999999999998
1 0.5762968749999999 0.31406944444444446 0.029390624999999913 0.0806805555555556
1 0.6538906250000001 0.6116527777777777 0.039046875000000016 0.11845833333333328
1 0.5547890625 0.47925 0.026273437500000087 0.11120833333333341
1 0.3969609375 0.21483333333333335 0.03245312499999997 0.07740277777777778
2 0.4335078125 0.4180277777777778 0.028992187499999923 0.08505555555555556