1 0.9096328124999999 0.6830694444444444 0.04042187499999983 0.11006944444444436
1 0.710828125 0.86975 0.04889843749999993 0.1385833333333333
1 0.32421875 0.7555972222222221 0.03399218749999999 0.12195833333333325
1 0.48520312499999996 0.38675 0.028125 0.08222222222222225
1 0.2710546875 0.41897222222222225 0.027914062500000014 0.0880694444444444
1 0.2447890625 0.24852777777777776 0.028023437500000005 0.0732083333333333
1 0.5555390625000001 0.6037361111111111 0.026406249999999964 0.10008333333333341
1 0.7922109374999999 0.7103055555555555 0.027234375000000012 0.11455555555555551
1 0.4639609375 0.5856805555555555 0.025429687499999964 0.09512500000000002
1 0.053492187499999996 0.5002222222222222 0.025429687500000003 0.08625000000000003
1 0.1555859375 0.6051111111111112 0.0275390625 0.10690277777777782
1 0.388109375 0.3435138888888889 0.024031249999999994 0.07943055555555555
1 0.68125 0.30083333333333334 0.022398437500000055 0.038666666666666634
1 0.6823359375 0.2795972222222222 0.020320312499999993 0.06956944444444449
1 0.12356249999999999 0.46525000000000005 0.021437499999999998 0.09109722222222226
1 0.5697578125 0.4271388888888889 0.03490625000000005 0.08579166666666664
2 0.620671875 0.4861111111111111 0.023171875000000064 0.09713888888888897
1 0.8272187499999999 0.40505555555555556 0.015531250000000085 0.08084722222222228
1 0.959609375 0.3946666666666667 0.0252812500000001 0.08127777777777775
0 0.3322890625 0.7342916666666668 0.009867187499999996 0.022680555555555454
2 0.7193828124999999 0.111375 0.017367187500000013 0.050875