1 0.6366562499999999 0.6620833333333334 0.03553906250000001 0.10155555555555557
1 0.5311874999999999 0.31969444444444445 0.028804687499999915 0.0911388888888889
1 0.6093359375 0.33155555555555555 0.035804687499999946 0.09522222222222222
1 0.5274453125 0.6448472222222222 0.03407031249999992 0.10786111111111106
1 0.12330468750000001 0.4953472222222222 0.022796875000000005 0.09427777777777777
1 0.8881953125000001 0.4426111111111111 0.03555468750000017 0.09802777777777784
1 0.60275 0.4254583333333333 0.026890625000000057 0.10190277777777779
1 0.3455234375 0.8182777777777778 0.04657031250000001 0.16704166666666664
1 0.7523515625 0.26958333333333334 0.027476562500000058 0.0878611111111111
1 0.3806328125 0.4020694444444445 0.028367187500000047 0.09888888888888892
1 0.144 0.6086944444444444 0.029742187499999996 0.12215277777777785
1 0.327734375 0.2355972222222222 0.031937499999999994 0.09091666666666663
1 0.897609375 0.7721805555555556 0.02307812499999997 0.14931944444444442
1 0.9790156250000001 0.42269444444444443 0.019156249999999986 0.09993055555555562
2 0.7508125 0.5196111111111111 0.02092968749999997 0.10815277777777778
0 0.34785937499999997 0.7520277777777779 0.012781250000000011 0.023236111111111138
2 0.855609375 0.07376388888888889 0.015171875000000057 0.05855555555555555
1 0.135265625 0.4813055555555556 0.020515624999999992 0.10605555555555557