1 0.30178906250000004 0.21169444444444444 0.03357031250000002 0.10087499999999999
1 0.5319140625000001 0.28954166666666664 0.027164062499999985 0.09438888888888886
1 0.49381250000000004 0.6669444444444446 0.03970312499999995 0.11912500000000005
1 0.634390625 0.6919166666666666 0.03908593749999998 0.12037499999999994
1 0.5789296875 0.2869861111111111 0.03181250000000002 0.09784722222222221
1 0.130203125 0.48702777777777784 0.021273437500000013 0.09972222222222216
1 0.5649375 0.4040694444444445 0.029781249999999915 0.10656944444444447
1 0.7314765624999999 0.22941666666666669 0.030312499999999964 0.08947222222222224
1 0.3591875 0.37445833333333334 0.032210937500000016 0.10172222222222224
1 0.8858984375000001 0.4308888888888889 0.04315624999999983 0.11870833333333337
1 0.098390625 0.6114722222222222 0.023960937500000012 0.12390277777777783
1 0.3136953125 0.8340694444444444 0.031140625000000012 0.16481944444444455
1 0.1379140625 0.4761388888888889 0.02144531249999999 0.10693055555555557
2 0.75478125 0.5150972222222222 0.018289062500000064 0.11973611111111117
2 0.8627265625 0.03231944444444445 0.016757812499999858 0.06434722222222222
0 0.3173828125 0.7607638888888889 0.012929687499999964 0.018013888888888926
1 0.8595234375 0.7445277777777777 0.027179687499999973 0.1444166666666667
1 0.98940625 0.6687083333333333 0.021187499999999915 0.12979166666666672