1 0.5250390625 0.41423611111111114 0.03135156250000008 0.10898611111111114
1 0.24494531249999998 0.2140138888888889 0.033781250000000006 0.0998472222222222
1 0.5255703125 0.58575 0.029085937500000013 0.11779166666666659
1 0.52434375 0.25752777777777774 0.030078125 0.09013888888888894
1 0.11381250000000001 0.48693055555555553 0.039031249999999997 0.12194444444444438
1 0.4160390625 0.6362083333333334 0.03265624999999996 0.11824999999999998
1 0.67775 0.21916666666666668 0.030171874999999914 0.08965277777777779
1 0.8924296875 0.6397638888888889 0.038812499999999875 0.12425000000000005
1 0.839265625 0.43330555555555555 0.0311406250000001 0.10970833333333335
1 0.9890625 0.22916666666666666 0.021875 0.09444444444444444
1 0.3277265625 0.3557222222222222 0.0314453125 0.10504166666666666
1 0.2491640625 0.8245 0.05032031249999998 0.18051388888888892
1 0.49868750000000006 0.26902777777777775 0.02531250000000007 0.09505555555555555
1 0.056382812500000004 0.6097916666666667 0.02931250000000001 0.12736111111111117
1 0.7599296875 0.714875 0.025125000000000064 0.15356944444444437
1 0.7761250000000001 0.43024999999999997 0.03207812499999996 0.10298611111111108
2 0.8181015625000001 0.035833333333333335 0.020218750000000084 0.06719444444444445
0 0.24944531250000002 0.7543194444444444 0.013937500000000025 0.02718055555555547
2 0.7038359375 0.5139861111111111 0.022054687500000014 0.11731944444444448