1 0.3438984375 0.5680694444444444 0.03888281249999999 0.11108333333333335
1 0.8149062499999999 0.6128611111111111 0.03612499999999992 0.11809722222222219
1 0.6903828125 0.19015277777777778 0.029304687499999992 0.0882638888888889
1 0.4468203125 0.5488055555555555 0.03364062499999996 0.08718055555555553
1 0.9496796875 0.21987500000000001 0.021999999999999888 0.041180555555555526
1 0.23046875 0.8270138888888889 0.04489843750000002 0.1884166666666668
1 0.8751953125 0.4154166666666667 0.03328124999999993 0.10919444444444446
1 0.328375 0.33252777777777776 0.029640624999999955 0.1062916666666667
1 0.23157812500000002 0.20083333333333334 0.03217968749999996 0.09466666666666668
1 0.5128046875 0.22891666666666666 0.018570312499999984 0.09797222222222225
1 0.1074609375 0.47602777777777777 0.035078124999999995 0.12215277777777785
1 0.9494843749999999 0.18915277777777778 0.022976562499999888 0.08298611111111111
1 0.11111718749999999 0.4890972222222222 0.020882812500000014 0.11022222222222224
1 0.0580390625 0.5888194444444445 0.02732812499999999 0.12615277777777784
1 0.5118437499999999 0.39520833333333333 0.03007031250000001 0.1130972222222222
1 0.7384921875 0.43022222222222223 0.020859375000000034 0.11163888888888888
1 0.7253515625 0.6874583333333334 0.0267578125 0.1423055555555556
2 0.8250859374999999 0.02475 0.02245312499999983 0.0495
2 0.705828125 0.5060138888888889 0.022562500000000086 0.12259722222222219
1 0.5260078125 0.22829166666666667 0.020851562500000042 0.09861111111111111
0 0.2336484375 0.7486666666666666 0.013570312500000004 0.02549999999999986