1 0.14675 0.15134722222222222 0.03610937499999998 0.11295833333333331
1 0.4695078125 0.6686805555555555 0.04508593750000003 0.10326388888888892
1 0.38965625 0.6764861111111112 0.04942187499999999 0.11083333333333335
1 0.2241640625 0.7964722222222222 0.04174218749999996 0.1524027777777778
1 0.058750000000000004 0.6661805555555556 0.03685937500000001 0.13543055555555555
1 0.45596875 0.36530555555555555 0.03661718749999991 0.11452777777777778
1 0.45913281250000004 0.19113888888888889 0.012429687500000064 0.0967361111111111
1 0.8324453125 0.14216666666666666 0.027359374999999984 0.08856944444444446
1 0.8737343750000001 0.3790972222222222 0.030843750000000014 0.11251388888888887
1 0.0397265625 0.46752777777777776 0.03306250000000001 0.11280555555555559
1 0.625 0.13558333333333333 0.0291015625 0.08356944444444446
1 0.778453125 0.5895555555555556 0.038351562499999936 0.13094444444444442
1 0.272234375 0.298875 0.032882812500000025 0.10999999999999999
1 0.6241640625 0.6591666666666667 0.03297656250000003 0.12690277777777786
1 0.6732421875 0.43236111111111114 0.025289062499999914 0.11666666666666667
0 0.48864843750000003 0.7284444444444444 0.011054687500000071 0.02230555555555548
1 0.06088281250000001 0.46658333333333335 0.026140625000000008 0.10518055555555558
2 0.6438515625 0.47365277777777776 0.021351562499999942 0.12213888888888896
1 0.470859375 0.19212500000000002 0.016968750000000022 0.09404166666666663