1 0.4708671875 0.6307777777777778 0.02823437500000008 0.13450000000000004
1 0.114375 0.633 0.029640624999999997 0.15013888888888893
1 0.2791953125 0.5 0.2677578125 1
1 0.3266328125 0.6074027777777777 0.05682812500000001 0.32512500000000005
1 0.3841015625 0.629625 0.04008593749999996 0.1949722222222222
1 0.522484375 0.6355833333333334 0.022203125000000056 0.10372222222222231
1 0.5644453125 0.6304305555555556 0.03469531250000006 0.17751388888888897
1 0.727046875 0.6322083333333334 0.027304687500000036 0.1485555555555556
1 0.7633125 0.6345972222222223 0.03510937500000004 0.15331944444444442
2 0.5912265624999999 0.6335972222222223 0.025765625000000014 0.12355555555555561
1 0.1853515625 0.6367777777777778 0.02873437499999998 0.12990277777777773