1 0.8471562499999999 0.49509722222222224 0.02503124999999997 0.08797222222222227
1 0.6892578125 0.5397916666666667 0.026179687499999993 0.0998472222222222
1 0.8083671875 0.8140694444444444 0.03525781250000008 0.11886111111111101
1 0.5565390625 0.39206944444444447 0.02073437499999997 0.07656944444444444
1 0.3286875 0.5621111111111111 0.024906249999999998 0.09279166666666659
1 0.7058828125 0.38797222222222216 0.025421874999999972 0.07970833333333331
1 0.16253125 0.6499861111111112 0.037664062499999984 0.1113611111111112
2 0.6400859375 0.4507222222222222 0.022226562500000036 0.07902777777777775
1 0.599796875 0.29625 0.019023437499999928 0.06072222222222226
1 0.19401562500000002 0.4361111111111111 0.023148437500000018 0.09156944444444454
1 0.7536171875 0.5371250000000001 0.025882812500000085 0.1024027777777778
1 0.42012499999999997 0.5115555555555555 0.02221093750000005 0.0856944444444445
1 0.220515625 0.43533333333333335 0.026320312500000043 0.06837500000000002
1 0.9555078124999999 0.619 0.04635156249999994 0.13629166666666667
1 0.5727109375 0.7062361111111112 0.028390624999999937 0.1089027777777778
0 0.25021875 0.4565 0.008132812499999975 0.017958333333333264
2 0.0442734375 0.28604166666666664 0.022507812500000002 0.06338888888888887
1 0.5530390625 0.6344444444444445 0.030000000000000072 0.1110555555555556