1 0.5172265625 0.6157222222222222 0.03454687500000002 0.09841666666666668
1 0.6914374999999999 0.8499027777777777 0.03640624999999993 0.12997222222222213
1 0.5402812499999999 0.7041527777777777 0.02901562500000008 0.11201388888888894
1 0.5494609374999999 0.5115833333333333 0.029359374999999945 0.09331944444444436
1 0.0381640625 0.6968611111111112 0.0432734375 0.1324444444444444
1 0.9145468749999999 0.5964166666666667 0.03495312499999983 0.10593055555555553
1 0.7552421875 0.4844305555555556 0.03492968750000003 0.09308333333333331
1 0.8358984375 0.587375 0.033859375000000115 0.10715277777777775
1 0.5777812499999999 0.5031805555555556 0.02789843750000003 0.09375
1 0.5205859375 0.3521388888888889 0.02672656250000003 0.06481944444444447
1 0.4341328125 0.4011388888888889 0.030117187499999965 0.07134722222222223
1 0.0791796875 0.5694583333333333 0.026117187500000007 0.08924999999999998
1 0.1208046875 0.44966666666666666 0.02273437500000002 0.06727777777777785
1 0.48214843749999997 0.42754166666666665 0.0267578125 0.08237500000000009
1 0.2533046875 0.5005138888888889 0.02505468750000004 0.08495833333333327
1 0.48489843749999995 0.3140277777777778 0.016507812500000087 0.06525000000000003
0 0.44309374999999995 0.3549722222222222 0.007124999999999914 0.013680555555555548