1 0.5047265624999999 0.8201805555555555 0.07235156249999992 0.20683333333333342
1 0.7393203125000001 0.5541527777777778 0.04562500000000007 0.1678888888888889
1 0.616 0.6295277777777778 0.04935937500000005 0.18597222222222226
1 0.2951640625 0.5431388888888888 0.04299999999999997 0.18072222222222223
1 0.33366406249999997 0.6736666666666667 0.03741406249999999 0.17988888888888893
1 0.46400781249999995 0.5185416666666667 0.039179687500000074 0.1791388888888889
1 0.4958125 0.5881666666666667 0.03805468750000003 0.19538888888888897
1 0.710078125 0.5030694444444445 0.038023437500000055 0.17200000000000004
1 0.47784375 0.42768055555555556 0.031140624999999922 0.13234722222222217
1 0.5650000000000001 0.41062499999999996 0.06928906250000004 0.07441666666666673
1 0.5532890625 0.6280416666666666 0.03916406250000008 0.1918055555555556
1 0.97109375 0.314375 0.0578125 0.13987499999999997