1 0.7193125 0.6346944444444444 0.041359375000000045 0.1814166666666666
1 0.42009375000000004 0.6456666666666666 0.03163281250000001 0.17481944444444453
1 0.7807890625 0.5815138888888889 0.031124999999999937 0.18055555555555555
1 0.5215703125 0.5948611111111112 0.036171874999999964 0.1921527777777778
1 0.617515625 0.6526805555555555 0.04037500000000005 0.18193055555555548
1 0.67871875 0.8165138888888889 0.04896093750000006 0.2115833333333333
1 0.9323828125 0.805 0.04512500000000017 0.2123888888888889
1 0.9147500000000001 0.6070138888888889 0.058968750000000014 0.18943055555555555
1 0.372625 0.5282083333333334 0.03396875000000001 0.18708333333333324
1 0.4023515625 0.529 0.028148437499999977 0.17297222222222217
1 0.43965624999999997 0.5696111111111111 0.033960937500000024 0.1820555555555556
1 0.547078125 0.4582916666666667 0.04064843749999998 0.15386111111111106
1 0.6343125 0.5242916666666667 0.043984374999999964 0.15729166666666666
1 0.6387265625 0.36027777777777775 0.04928124999999994 0.10838888888888888
2 0.9715390625 0.3035277777777778 0.05691406249999993 0.13912500000000003