1 0.37634375000000003 0.8135833333333333 0.04632812499999996 0.15575000000000014
1 0.5680625 0.519 0.043343750000000014 0.08641666666666671
1 0.811296875 0.498625 0.033835937499999955 0.06969444444444438
1 0.5510546875 0.46795833333333337 0.02614062500000003 0.05812500000000003
1 0.3961875 0.6206111111111111 0.03690625000000001 0.11477777777777776
2 0.9097421875 0.6495555555555556 0.04281250000000014 0.13563888888888884
1 0.35053125 0.6378472222222222 0.03739062500000001 0.12581944444444448
1 0.530578125 0.6827222222222222 0.038742187499999935 0.1324722222222222
1 0.28619531249999997 0.6721666666666666 0.02546875000000002 0.12458333333333332
1 0.3358515625 0.6074861111111111 0.042132812499999964 0.13438888888888886
1 0.39203125 0.5646944444444444 0.04575000000000005 0.12100000000000001
1 0.7618125 0.4976944444444444 0.03568750000000005 0.10040277777777773
1 0.7518125 0.7911111111111111 0.041773437500000024 0.15881944444444432
1 0.05443750000000001 0.587125 0.0389921875 0.12974999999999995
1 0.83121875 0.6426666666666667 0.03528906250000006 0.13000000000000003
1 0.9485078124999999 0.49484722222222227 0.02917968749999993 0.12049999999999998
1 0.9930546874999999 0.6010416666666667 0.013882812499999985 0.1163472222222222
2 0.795546875 0.4205 0.02775781250000007 0.08779166666666671
2 0.5259453125 0.5173472222222222 0.008484374999999923 0.017277777777777854