1 0.4366796875 0.81 0.05708593749999995 0.1822777777777778
2 0.8908203125 0.3514583333333334 0.036093749999999855 0.11113888888888887
1 0.5853046875000001 0.6430833333333333 0.05253125000000001 0.17790277777777774
1 0.776625 0.542 0.043828124999999926 0.14419444444444435
1 0.27033593749999996 0.5598611111111111 0.03754687499999996 0.1594305555555555
1 0.31522656250000003 0.6779166666666667 0.033835937499999955 0.16659722222222229
1 0.46939843750000004 0.5910555555555556 0.03874999999999993 0.1747777777777778
1 0.49903125 0.6266527777777777 0.034507812500000054 0.17383333333333328
1 0.5078515625 0.5493611111111112 0.030984375000000064 0.12273611111111112
1 0.5589140625 0.44776388888888885 0.03608593750000004 0.07008333333333339
1 0.7391015624999999 0.49918055555555557 0.03129687499999996 0.14783333333333326
1 0.4723984375 0.5005972222222222 0.027109375000000036 0.09734722222222227
1 0.48024218750000003 0.455125 0.019875000000000042 0.10050000000000002