1 0.6112656249999999 0.5023472222222222 0.02192968749999995 0.07224999999999998
1 0.8622421875 0.729375 0.035406250000000125 0.13665277777777785
1 0.7774921875 0.5769444444444444 0.03217968750000004 0.06138888888888895
1 0.67259375 0.7410972222222223 0.03570312500000004 0.1258333333333333
1 0.6789609375000001 0.6430277777777778 0.03443749999999994 0.0992777777777778
1 0.2975703125 0.6084722222222223 0.034937500000000024 0.10081944444444449
1 0.46118750000000003 0.6233611111111111 0.026734375000000022 0.10249999999999994
2 0.7507890625 0.662 0.03627343750000005 0.11579166666666675
1 0.20435937499999998 0.5808888888888889 0.02552343749999999 0.11134722222222217
1 0.350640625 0.6116944444444444 0.025210937499999985 0.12074999999999991
1 0.2894765625 0.5960277777777777 0.02139843749999999 0.09637499999999997
1 0.39290625 0.5975138888888889 0.020601562500000004 0.10455555555555551
1 0.43042187500000006 0.6182361111111111 0.01921874999999993 0.10768055555555552
1 0.42582031249999996 0.5491944444444444 0.01981249999999992 0.06887500000000005
1 0.4551484375 0.5892361111111111 0.025382812500000008 0.10716666666666662
1 0.6709609375000001 0.5937638888888889 0.022289062499999977 0.10751388888888884
1 0.7829140625000001 0.6557499999999999 0.03657031250000005 0.1200277777777778
1 0.7943749999999999 0.6301527777777778 0.022265625 0.11411111111111107
1 0.7247343749999999 0.47134722222222225 0.029921874999999966 0.07513888888888892
1 0.7775234375 0.4403611111111111 0.019921875 0.08280555555555556
1 0.7074921875 0.46081944444444445 0.022867187499999986 0.06277777777777784
2 0.6990703125 0.42600000000000005 0.02560937499999998 0.06277777777777784
0 0.630109375 0.4849583333333334 0.008218749999999986 0.014124999999999943