1 0.4688359375 0.5436666666666666 0.03303906249999997 0.12670833333333337
1 0.67459375 0.6667361111111112 0.04058593750000004 0.12572222222222226
1 0.2356796875 0.5688472222222222 0.04378124999999997 0.08316666666666667
1 0.5077890625 0.6096388888888888 0.04319531249999997 0.11723611111111107
1 0.4112578125 0.5890694444444444 0.027289062500000006 0.12188888888888888
1 0.5122578125 0.5431944444444444 0.026867187500000077 0.1183333333333334
1 0.5608515625 0.5406944444444445 0.026187499999999985 0.11570833333333341
1 0.5833046875 0.5437916666666667 0.029539062499999956 0.13620833333333324
1 0.7130625 0.5223472222222222 0.03166406249999998 0.12191666666666663
1 0.7231796875 0.4715972222222222 0.02107031250000002 0.10143055555555552
1 0.813125 0.4275138888888889 0.03204687499999999 0.11336111111111112
1 0.7767265625 0.6333888888888889 0.038351562499999936 0.12473611111111119
1 0.7622578125 0.5999166666666667 0.025484374999999913 0.1268888888888889
1 0.8827890625 0.6576944444444446 0.03732031249999999 0.13998611111111114