1 0.8011328125 0.49206944444444445 0.028453125000000058 0.07020833333333328
1 0.6424375 0.7456944444444444 0.030562499999999916 0.11277777777777784
1 0.9544218750000001 0.6693749999999999 0.03567968750000006 0.1223888888888889
1 0.5449765625 0.5333611111111111 0.024148437500000064 0.0786944444444444
1 0.748953125 0.5067222222222222 0.029648437500000034 0.07702777777777783
1 0.2331484375 0.6158055555555555 0.021648437500000027 0.11027777777777775
1 0.711109375 0.5955833333333334 0.024265624999999957 0.07152777777777777
1 0.819875 0.7478194444444444 0.03710156249999983 0.13256944444444452
1 0.4493046875 0.6392638888888889 0.030062500000000013 0.10819444444444441
1 0.1928671875 0.5872361111111111 0.020820312499999983 0.11258333333333341
1 0.26859375 0.605875 0.02092187499999998 0.11595833333333334
1 0.325796875 0.6204861111111111 0.020914062499999986 0.12399999999999996
1 0.34403125 0.6096805555555556 0.031156249999999996 0.09816666666666675
1 0.359046875 0.5688055555555556 0.018289062499999974 0.09690277777777775
1 0.3792421875 0.61625 0.018882812499999967 0.1155277777777777
1 0.629671875 0.6468611111111111 0.024937500000000057 0.11445833333333329
1 0.6462265625 0.5986388888888888 0.024734375000000065 0.09809722222222221
1 0.733984375 0.6408611111111111 0.024718750000000077 0.11115277777777774
1 0.6688984375 0.4455972222222222 0.024046874999999978 0.07411111111111113
2 0.7062734374999999 0.6646388888888889 0.026304687500000055 0.11516666666666661
2 0.6199375 0.43306944444444445 0.025046874999999958 0.07691666666666666
0 0.7929140625 0.5126666666666667 0.008101562499999914 0.012194444444444407