1 0.7680859375 0.7579444444444445 0.04168749999999992 0.1590694444444444
1 0.7438203125 0.47170833333333334 0.028046875000000072 0.09820833333333338
1 0.5775859375 0.5733472222222222 0.03387499999999992 0.13588888888888892
1 0.8451484375 0.6264166666666666 0.03147656249999997 0.13904166666666667
1 0.61390625 0.6287777777777778 0.0462890625 0.1323333333333333
1 0.3927421875 0.6005972222222222 0.029921875000000007 0.11545833333333333
1 0.69159375 0.551236111111111 0.0326171875 0.12702777777777782
1 0.30656249999999996 0.568861111111111 0.034062500000000016 0.11930555555555553
1 0.5328046875 0.6153472222222223 0.03663281250000008 0.13736111111111107
1 0.5362734375 0.5346111111111111 0.028695312500000014 0.11909722222222222
1 0.5583359375 0.5803194444444444 0.026218749999999957 0.1245833333333334
1 0.6201875 0.39634722222222224 0.018046874999999928 0.08495833333333332
1 0.7244765625 0.4260833333333333 0.029554687499999944 0.10477777777777786
1 0.8686093749999999 0.5948472222222223 0.022835937500000014 0.1338055555555556
0 0.5812109375000001 0.3965694444444444 0.0107421875 0.019305555555555524