1 0.4915 0.6090555555555556 0.04132812500000007 0.11083333333333327
1 0.599421875 0.44629166666666664 0.03305468749999996 0.07845833333333335
1 0.751046875 0.6340972222222222 0.029226562500000063 0.1244305555555556
2 0.7651640625 0.4187638888888889 0.03833593749999995 0.07951388888888888
1 0.6638437500000001 0.6532777777777778 0.04302343749999995 0.1267361111111111
2 0.8696093749999999 0.6790416666666667 0.0345703125 0.13223611111111108
1 0.6624531250000001 0.49387499999999995 0.020796874999999916 0.08426388888888883
1 0.284296875 0.5860694444444445 0.035546875 0.10570833333333335
1 0.8986796874999999 0.4410972222222222 0.016195312500000014 0.09601388888888888
1 0.7025625 0.7524166666666667 0.03379687499999999 0.13705555555555565
1 0.3281640625 0.6109861111111111 0.030265625000000008 0.1246388888888889
1 0.397078125 0.6097222222222223 0.023750000000000028 0.12405555555555546
1 0.41581250000000003 0.5979722222222222 0.021546874999999945 0.10838888888888884
1 0.4512890625 0.6271527777777778 0.026382812499999984 0.12052777777777773
1 0.45932812500000003 0.5638888888888889 0.027046874999999915 0.1029166666666667
1 0.5658671875 0.5781944444444445 0.0263671875 0.11191666666666672
1 0.659265625 0.4543055555555556 0.021437500000000043 0.08551388888888896
1 0.8723124999999999 0.588486111111111 0.021109374999999986 0.10900000000000003
1 0.8940703125 0.6414583333333334 0.021656249999999842 0.1268055555555555
1 0.9721249999999999 0.75025 0.031226562499999843 0.15047222222222217
1 0.7633281249999999 0.5954305555555556 0.024609375 0.11898611111111106