1 0.8703671875 0.701375 0.04411718749999984 0.15236111111111117
1 0.637890625 0.5612638888888889 0.03185937499999998 0.1355138888888888
1 0.2818046875 0.6065 0.03973437500000001 0.1366805555555555
1 0.5996640625 0.6186805555555556 0.026304687500000055 0.1610277777777777
1 0.6141796875 0.5814166666666667 0.0259765625 0.13581944444444438
1 0.6950703125000001 0.6586805555555556 0.037710937499999986 0.15986111111111106
1 0.7156171875 0.5680833333333333 0.02661718749999995 0.14394444444444443
1 0.7346171874999999 0.5908472222222223 0.03035937499999992 0.1401666666666666
1 0.757125 0.5738888888888889 0.023179687500000056 0.14394444444444443
1 0.7790546875000001 0.5785277777777778 0.032804687500000006 0.1532222222222223
1 0.9672968750000001 0.5028472222222222 0.022734374999999928 0.12073611111111104
1 0.983609375 0.5432916666666667 0.029250000000000043 0.1349444444444444
1 0.9812265625000001 0.6949166666666666 0.03754687499999996 0.15402777777777774
1 0.7740390625 0.36354166666666665 0.024398437500000016 0.10019444444444442