1 0.802859375 0.7414166666666667 0.04356250000000008 0.12833333333333338
1 0.6784140625 0.6553472222222223 0.03080468750000005 0.1153194444444444
1 0.25770312500000003 0.6037222222222223 0.027937499999999994 0.11915277777777773
1 0.41703906249999995 0.7297638888888888 0.030515624999999956 0.1289027777777777
1 0.5674609375 0.6386527777777777 0.04281249999999996 0.12970833333333331
1 0.6635156249999999 0.5761527777777777 0.024679687499999936 0.11038888888888891
1 0.6921484375 0.5958611111111111 0.025398437499999992 0.11631944444444445
1 0.7425078125 0.42093055555555553 0.023734375000000085 0.07751388888888897
1 0.8040546875000001 0.565875 0.017343749999999946 0.08218055555555549
1 0.807953125 0.5975416666666666 0.027890624999999947 0.1068194444444444
1 0.923625 0.6943888888888888 0.03302343749999999 0.13143055555555555