1 0.6622734375 0.7308333333333334 0.04780468750000004 0.12979166666666672
1 0.7991015625 0.5552638888888889 0.025164062499999938 0.09181944444444447
1 0.671890625 0.6295416666666667 0.031117187499999942 0.08466666666666672
1 0.70040625 0.5653472222222222 0.025898437500000072 0.10024999999999994
1 0.7737578125 0.39152777777777775 0.023585937500000043 0.07462500000000002
1 0.8550546875 0.5531666666666666 0.0306640625 0.10652777777777785
1 0.3097890625 0.7323333333333333 0.033492187500000006 0.1324305555555555
1 0.23450781250000002 0.5560694444444445 0.02806249999999997 0.12840277777777784
1 0.5314375 0.6091527777777778 0.03792968749999996 0.12877777777777782
1 0.682234375 0.5321666666666667 0.02770312500000003 0.11195833333333335
1 0.9826640624999999 0.6880833333333334 0.03467187500000009 0.13583333333333336
0 0.25028125 0.625625 0.009421874999999958 0.018013888888888926