1 0.6474140625 0.2971388888888889 0.02472656250000007 0.07379166666666666
1 0.1290625 0.5488888888888889 0.042898437499999977 0.12472222222222216
1 0.8710000000000001 0.32472222222222225 0.022562500000000086 0.0743611111111111
1 0.9526249999999999 0.4029861111111111 0.027484374999999873 0.09672222222222221
1 0.8187734375 0.6034861111111111 0.03462500000000013 0.1180833333333333
1 0.3333359375 0.5425555555555556 0.035445312500000006 0.10236111111111118
1 0.2579296875 0.3777638888888889 0.03685156249999997 0.0880694444444444
1 0.56903125 0.6022222222222222 0.033242187499999964 0.12091666666666659
1 0.6693828125 0.4071805555555556 0.024679687499999936 0.08913888888888882
2 0.8018203125 0.2529722222222222 0.022351562500000012 0.0591666666666667
0 0.279640625 0.4171666666666667 0.007882812500000025 0.015097222222222229