1 0.21789843750000001 0.6133194444444444 0.055648437500000016 0.10202777777777783
1 0.9321484375000001 0.43577777777777776 0.019242187500000084 0.0655694444444445
1 0.5529140625 0.5796944444444444 0.02907031250000003 0.09562500000000003
1 0.38117968750000003 0.6363194444444444 0.03732031249999999 0.1005694444444444
1 0.605 0.5332777777777777 0.027109375000000036 0.06611111111111115
1 0.9005078125000001 0.7275694444444445 0.035421875000000116 0.09594444444444442
1 0.29991406249999997 0.4945694444444444 0.03141406250000003 0.07849999999999997
1 0.7203359375 0.3924861111111111 0.01996874999999996 0.05416666666666667
2 0.8776328124999999 0.35675 0.025343750000000043 0.05631944444444442
1 0.9910234375 0.49472222222222223 0.017953125000000014 0.08298611111111111
0 0.29665625 0.6492083333333334 0.015539062499999989 0.018638888888888833