1 0.18656250000000002 0.6004861111111112 0.040742187499999985 0.10466666666666669
1 0.2965703125 0.46918055555555555 0.03341406249999999 0.07215277777777784
1 0.4599609375 0.6359722222222222 0.036890625000000024 0.10322222222222213
1 0.94396875 0.47775 0.023101562500000127 0.07919444444444441
1 0.670859375 0.3810555555555556 0.020250000000000056 0.05529166666666663
1 0.8911640625 0.4184027777777778 0.020687500000000015 0.0645416666666667
1 0.8971875 0.6854583333333333 0.02854687499999997 0.08852777777777779
1 0.6451171875 0.4995555555555556 0.02290624999999995 0.07102777777777776
1 0.4946796875 0.5610555555555555 0.027234374999999922 0.07615277777777783
0 0.20568749999999997 0.6299444444444444 0.008664062500000024 0.01580555555555555
2 0.858546875 0.34491666666666665 0.01654687499999987 0.05547222222222222