1 0.6569375 0.4518333333333333 0.027515625000000023 0.06711111111111118
1 0.54340625 0.6251388888888889 0.042054687499999945 0.09527777777777781
1 0.6299140624999999 0.3405416666666667 0.02466406249999995 0.07126388888888893
0 0.26021875 0.4953472222222222 0.009828125000000031 0.013736111111111091
1 0.8515234375 0.3808333333333333 0.022429687500000028 0.07045833333333336
1 0.11985937499999999 0.5837083333333333 0.035835937500000005 0.11615277777777777
1 0.399765625 0.5506666666666666 0.030734375000000026 0.09415277777777772
1 0.8350156249999999 0.6479027777777778 0.03395312500000003 0.10665277777777772
1 0.27675 0.42447222222222225 0.02921093749999999 0.07688888888888891
1 0.9110390625000001 0.44362500000000005 0.02221093749999987 0.08808333333333328
2 0.8135234375 0.307125 0.018695312499999873 0.061499999999999964