1 0.8919218750000001 0.406125 0.02289843749999996 0.0716666666666667
1 0.9672890625000001 0.8590138888888889 0.049484375000000115 0.14968055555555554
1 0.5518359375 0.7410972222222223 0.03729687500000001 0.13476388888888885
1 0.7220234375000001 0.3753472222222222 0.04293750000000003 0.07615277777777779
1 0.8713984375000001 0.4810416666666667 0.03089062499999997 0.08947222222222216
1 0.43315625 0.6654027777777778 0.03139062500000005 0.12052777777777782
1 0.232015625 0.6760972222222223 0.039765624999999985 0.11812500000000002
1 0.8706875000000001 0.8608611111111112 0.04425781250000007 0.1490277777777777
1 0.9596484375 0.5196388888888889 0.030546874999999928 0.09641666666666661
1 0.5038671875 0.6004027777777778 0.03371875000000006 0.10795833333333336
1 0.45591406250000005 0.7505555555555555 0.03405468749999994 0.1190555555555556
1 0.73915625 0.6283888888888889 0.042289062500000085 0.11908333333333335
0 0.22107031250000003 0.6097222222222223 0.00923437500000004 0.012791666666666717
2 0.8628203125 0.2946666666666667 0.0169062499999999 0.05652777777777776