1 0.1882421875 0.6385555555555555 0.0412109375 0.10663888888888885
1 0.8589687500000001 0.8103055555555555 0.04450781249999984 0.14259722222222232
1 0.371890625 0.6231666666666666 0.04139843750000001 0.10836111111111109
1 0.281625 0.5599166666666666 0.033781250000000006 0.10081944444444449
1 0.93396875 0.35465277777777776 0.0236328125 0.07527777777777776
1 0.3004296875 0.7156388888888888 0.041015625 0.09938888888888882
1 0.7145390625 0.3603472222222222 0.021718749999999964 0.0694722222222222
1 0.8483359374999999 0.48293055555555553 0.030320312499999957 0.09006944444444448
1 0.71925 0.438 0.02355468750000007 0.08113888888888883
1 0.41442968750000003 0.7053194444444444 0.038484374999999994 0.12533333333333327
1 0.7610546874999999 0.8043888888888888 0.04499999999999993 0.1474722222222223
1 0.546421875 0.3375555555555555 0.022335937499999937 0.07083333333333329
1 0.42639062499999997 0.5543333333333333 0.053078125000000045 0.09376388888888888
0 0.3012890625 0.7474166666666666 0.012242187499999968 0.023430555555555403
2 0.6762734375 0.262625 0.015445312499999985 0.05293055555555558