1 0.907078125 0.47844444444444445 0.028664062500000042 0.08030555555555563
1 0.8047421874999999 0.43922222222222224 0.024757812500000042 0.08625000000000003
1 0.22878125 0.5640833333333333 0.03967968749999997 0.10119444444444446
1 0.5843671875 0.7030138888888889 0.034601562499999974 0.12195833333333342
1 0.393265625 0.7574722222222222 0.041132812500000025 0.11837500000000002
1 0.48224999999999996 0.5705833333333333 0.027937499999999994 0.09375
1 0.41322656249999995 0.5798611111111112 0.03564843750000004 0.08968055555555547
1 0.73203125 0.3683472222222222 0.019382812499999957 0.06566666666666662
1 0.5637109375 0.33476388888888886 0.02335156250000008 0.06597222222222218
1 0.22275 0.5250277777777778 0.022421875000000036 0.0942083333333334
2 0.6690625 0.2808611111111111 0.015968750000000042 0.053291666666666675
0 0.40837500000000004 0.763638888888889 0.011945312499999972 0.02240277777777793