1 0.404421875 0.5941527777777778 0.031203125000000043 0.10284722222222216
1 0.83996875 0.4660277777777778 0.025632812499999956 0.09251388888888891
1 0.26253906250000003 0.6071527777777778 0.03013281250000004 0.10126388888888885
1 0.7073437499999999 0.4301666666666667 0.02530468750000008 0.08593055555555557
1 0.897875 0.3452361111111111 0.0228515625 0.06913888888888885
1 0.201453125 0.5527916666666667 0.029789062499999998 0.10054166666666665
1 0.49762500000000004 0.32886111111111116 0.021593750000000078 0.06806944444444447
1 0.43858593749999997 0.7383055555555557 0.04371093750000003 0.11548611111111116
1 0.30046093749999997 0.7314861111111111 0.04058593750000004 0.11805555555555555
1 0.6644609375 0.3559861111111111 0.01997656249999995 0.06798611111111114
1 0.23236718750000002 0.5395833333333333 0.03861718749999996 0.09712500000000009
1 0.9758906250000001 0.80225 0.04821093750000003 0.14420833333333324
1 0.8528125 0.8075833333333334 0.04892968750000008 0.15009722222222213
0 0.30684374999999997 0.7709305555555557 0.010757812499999986 0.027291666666666794
2 0.6124921875 0.2622361111111111 0.01771875000000005 0.05438888888888885