2 0.620265625 0.4700138888888889 0.04740625000000005 0.12179166666666659
1 0.6731015625000001 0.5885694444444444 0.045984374999999925 0.12477777777777782
1 0.5854765625 0.7463194444444444 0.05751562500000009 0.14643055555555565
1 0.2686953125 0.32354166666666667 0.0336875 0.11058333333333334
1 0.313609375 0.4969722222222222 0.03785156250000003 0.10744444444444447
1 0.47915625000000006 0.25272222222222224 0.02352343749999992 0.09387499999999996
1 0.9172968750000001 0.28877777777777774 0.028249999999999886 0.10038888888888893
0 0.212390625 0.6162777777777778 0.016273437500000033 0.023208333333333383
1 0.3598359375 0.5923611111111111 0.038437500000000034 0.08551388888888896
1 0.8466640625 0.5664583333333334 0.0397578124999999 0.14566666666666667
1 0.3220078125 0.6044027777777778 0.04440625000000002 0.15337499999999993
1 0.5501328125 0.2446111111111111 0.02496875000000003 0.08888888888888889
1 0.564890625 0.5703472222222222 0.03634374999999999 0.1412222222222223
1 0.29112499999999997 0.6208472222222222 0.04821093750000003 0.15227777777777776
1 0.6925703125 0.7847638888888888 0.036476562500000045 0.18380555555555553
2 0.6487421875 0.10693055555555554 0.020210937499999915 0.06655555555555555