2 0.058414062499999996 0.4792638888888889 0.0357421875 0.0915555555555555
1 0.410953125 0.3177916666666667 0.025054687499999995 0.06140277777777775
1 0.3723125 0.5398333333333334 0.031937499999999994 0.10411111111111117
1 0.18565625 0.7005833333333334 0.04065624999999999 0.11875000000000008
1 0.6972109375 0.5227361111111111 0.03546093750000008 0.09322222222222223
1 0.256859375 0.7720277777777778 0.047164062500000006 0.14063888888888887
1 0.022304687499999996 0.47675 0.025515624999999997 0.09197222222222226
1 0.45651562500000004 0.3608611111111111 0.02734375 0.0744861111111111
1 0.283609375 0.5457361111111111 0.033476562500000015 0.09472222222222229
2 0.7731015625000001 0.881013888888889 0.05223437499999992 0.1371388888888889
1 0.11882812499999999 0.5549444444444445 0.03856250000000001 0.11313888888888894
1 0.006664062499999998 0.3298611111111111 0.0130546875 0.0693194444444444