2 0.80546875 0.5330972222222222 0.048070312500000066 0.12747222222222218
1 0.721765625 0.617375 0.039124999999999945 0.14058333333333337
1 0.72784375 0.7958611111111111 0.05574218749999993 0.15227777777777793
1 0.6841796875 0.30948611111111113 0.0322265625 0.09334722222222219
1 0.7264765625 0.30859722222222224 0.028445312500000063 0.0904722222222222
1 0.47541406249999996 0.55025 0.04189062499999992 0.12809722222222225
1 0.47096875000000005 0.3690833333333333 0.037460937500000034 0.111625
1 0.8273359375 0.6509166666666666 0.04878125000000004 0.12980555555555554
1 0.48171875000000003 0.6085277777777778 0.05278124999999996 0.0953472222222222
1 0.8807109375 0.8376527777777778 0.050414062500000155 0.17448611111111095
1 0.5034609375 0.6910833333333333 0.057351562500000064 0.14358333333333334
0 0.128171875 0.8018472222222223 0.014398437500000005 0.022333333333333233
1 0.12705468749999999 0.3002222222222222 0.032007812500000024 0.10022222222222225
2 0.8569375000000001 0.15694444444444444 0.0140625 0.0643472222222222