2 0.014773437499999997 0.5895694444444445 0.0295390625 0.08929166666666662
1 0.0458515625 0.5543055555555556 0.0281015625 0.08366666666666668
1 0.45755468749999995 0.46231944444444445 0.023164062500000072 0.06131944444444441
1 0.2142265625 0.4919861111111111 0.024929687499999974 0.07434722222222219
1 0.283828125 0.6405555555555555 0.03379687499999999 0.09351388888888895
1 0.675953125 0.5037361111111112 0.031085937499999973 0.06984722222222217
1 0.361921875 0.5083194444444444 0.02659374999999997 0.07237500000000002
1 0.12662500000000002 0.5596805555555556 0.029898437499999986 0.08091666666666665
1 0.57653125 0.4486111111111111 0.02388281249999995 0.05795833333333336
1 0.5694140625 0.6965416666666666 0.029601562500000077 0.09444444444444444
1 0.682546875 0.4873472222222222 0.02173437499999995 0.0717222222222222