1 0.555203125 0.4825 0.037070312500000036 0.07741666666666668
1 0.4531953125 0.5919722222222222 0.038734374999999946 0.10275000000000002
1 0.4600859375 0.5035555555555555 0.030796875000000057 0.07677777777777774
2 0.6746640625 0.48177777777777775 0.03523437499999993 0.08663888888888888
1 0.4165078125 0.4706944444444444 0.029203125000000087 0.08247222222222221
1 0.923265625 0.47883333333333333 0.03697656249999994 0.08906944444444444
1 0.359515625 0.5314027777777778 0.038460937500000014 0.0948888888888888
1 0.502125 0.39037499999999997 0.02477343750000003 0.06898611111111105
1 0.6350546875 0.6443611111111112 0.0345703125 0.10836111111111109
1 0.8956250000000001 0.38306944444444446 0.02690625000000004 0.07231944444444448
1 0.7812187500000001 0.36523611111111115 0.026359375000000008 0.06861111111111108
1 0.46946093749999995 0.6750555555555556 0.028812500000000085 0.0879027777777778
1 0.6536171875 0.46823611111111113 0.023710937499999928 0.0792916666666667