1 0.3099921875 0.886375 0.05840624999999999 0.21056944444444461
1 0.38377343750000004 0.49298611111111107 0.04422656249999997 0.1358055555555555
1 0.7324453125 0.4847777777777778 0.04019531250000004 0.1684583333333333
1 0.31475 0.4544166666666667 0.06403125000000003 0.16470833333333337
1 0.84046875 0.46631944444444445 0.04202343749999997 0.11979166666666667
1 0.912671875 0.6851111111111111 0.052734375 0.1957361111111112
1 0.509234375 0.30705555555555564 0.03434375000000003 0.1255416666666667
1 0.3145703125 0.6930833333333333 0.05599218749999997 0.1893055555555555
1 0.886015625 0.5138194444444444 0.05255468749999999 0.15659722222222222
1 0.133296875 0.5806944444444445 0.051851562500000004 0.19358333333333333
2 0.8331406250000001 0.5947916666666667 0.04690624999999997 0.1796666666666667
2 0.3435390625 0.22161111111111112 0.042648437500000025 0.11620833333333336
0 0.3705625 0.4431527777777778 0.013242187500000035 0.024972222222222246