2 0.881828125 0.552875 0.0569218750000001 0.15755555555555548
1 0.6223046875 0.46365277777777775 0.05299218749999994 0.14887499999999992
1 0.5598984375 0.36283333333333334 0.040078124999999964 0.11774999999999997
1 0.0721953125 0.5734166666666667 0.0828046875 0.18563888888888885
1 0.719171875 0.4732083333333333 0.04539843749999992 0.15299999999999997
1 0.6009921874999999 0.2802777777777778 0.03533593750000001 0.11475
1 0.9183359375 0.6141666666666666 0.04474218749999999 0.1816111111111111
1 0.26046874999999997 0.6715416666666667 0.047226562500000034 0.1898055555555556
1 0.7883828125 0.49370833333333336 0.03985156249999999 0.13834722222222223
1 0.258203125 0.9076388888888889 0.05234375 0.18472222222222223
1 0.1061015625 0.4176944444444445 0.053023437500000006 0.1575555555555556
2 0.2961640625 0.23920833333333333 0.03385156250000003 0.12843055555555555
0 0.5954296875 0.35526388888888893 0.011976562499999944 0.023638888888888904