1 0.94803125 0.6529166666666667 0.0528203125000001 0.18361111111111117
1 0.164921875 0.5768055555555556 0.09039062499999999 0.19884722222222218
1 0.329078125 0.6802916666666666 0.04162499999999998 0.1877083333333333
1 0.5726953124999999 0.29388888888888887 0.03370312500000008 0.12629166666666666
1 0.7090390625 0.4831944444444444 0.04582031250000007 0.15950000000000003
1 0.334375 0.8979166666666667 0.0546875 0.20416666666666666
1 0.28788281250000003 0.45863888888888893 0.0493125 0.1539027777777777
2 0.854953125 0.5868472222222222 0.05291406250000001 0.17197222222222214
1 0.4941640625 0.43004166666666666 0.04212500000000006 0.12409722222222225
1 0.8000078125 0.5050277777777777 0.05784374999999997 0.14491666666666672
0 0.5739140625 0.4015833333333333 0.013851562500000015 0.019624999999999993
2 0.36724999999999997 0.23326388888888888 0.03985937499999999 0.12445833333333335
1 0.81409375 0.470875 0.03729687499999992 0.16276388888888896