1 0.276390625 0.541611111111111 0.04524999999999997 0.13456944444444444
1 0.3425625 0.32154166666666667 0.03458593749999998 0.11704166666666664
1 0.81634375 0.48000000000000004 0.055648437500000016 0.14604166666666663
1 0.17283593749999998 0.8360694444444445 0.05697656250000001 0.19330555555555565
1 0.8796406250000001 0.3816805555555556 0.03726562499999986 0.14358333333333334
1 0.7028671875 0.6745694444444444 0.04698437500000008 0.1870416666666666
1 0.214703125 0.6691388888888888 0.053546874999999994 0.17302777777777775
1 0.019734375000000005 0.5653055555555555 0.0390390625 0.18427777777777787
2 0.6645546875 0.5598194444444444 0.05181249999999995 0.16615277777777776
1 0.1525859375 0.4322638888888889 0.05139062499999998 0.14201388888888888
1 0.604671875 0.4137361111111111 0.03510156250000005 0.1369305555555556
1 0.9406015625 0.40329166666666666 0.033085937499999926 0.14886111111111117
1 0.5840546875 0.42773611111111115 0.025992187499999986 0.14363888888888884
1 0.990625 0.6229166666666667 0.01875 0.17083333333333334
2 0.19835937500000003 0.22091666666666668 0.031171875000000005 0.11168055555555553
0 0.4944921875 0.2851111111111111 0.016953125000000034 0.029388888888888923