2 0.733859375 0.5579861111111111 0.043343750000000014 0.12695833333333328
1 0.426859375 0.6595000000000001 0.02505468749999995 0.14831944444444448
1 0.7813125000000001 0.8502222222222222 0.05998437499999998 0.1677916666666666
1 0.75909375 0.6678472222222223 0.046890624999999984 0.13223611111111117
1 0.6614765625000001 0.6423888888888889 0.04188281249999992 0.13741666666666674
1 0.6718437500000001 0.7897638888888889 0.03855468749999993 0.14234722222222224
1 0.6700781250000001 0.33915277777777775 0.016453124999999957 0.09587499999999996
1 0.49907812500000004 0.39920833333333333 0.03449218750000007 0.11384722222222227
1 0.450203125 0.5566944444444444 0.028054687500000064 0.10295833333333333
1 0.38296874999999997 0.6411666666666667 0.04738281249999998 0.129875
1 0.156984375 0.32298611111111114 0.030648437500000014 0.08993055555555556
1 0.9845078125000001 0.6207222222222223 0.030984374999999887 0.1367777777777778
2 0.8961328125 0.1887361111111111 0.03101562499999986 0.07293055555555554
1 0.44848437499999994 0.6629444444444444 0.02469531249999992 0.1418611111111111
1 0.6837890625 0.33934722222222224 0.015164062500000065 0.09156944444444445