1 0.2022421875 0.6689583333333333 0.042312499999999975 0.1860555555555556
1 0.612296875 0.47394444444444445 0.06142187499999992 0.1283750000000001
1 0.5552343750000001 0.4501388888888889 0.038101562499999984 0.14373611111111112
1 0.886328125 0.5944305555555556 0.04805468750000017 0.169625
1 0.605984375 0.33705555555555555 0.04171093750000008 0.0963611111111111
1 0.20861718749999997 0.92225 0.048898437500000023 0.15548611111111119
1 0.8487500000000001 0.4883194444444444 0.04039843750000003 0.14597222222222225
2 0.22003124999999998 0.2657222222222222 0.04055468749999998 0.10843055555555554
1 0.91140625 0.6683194444444445 0.04780468750000004 0.18108333333333332
2 0.9878359375000001 0.5385694444444444 0.024328124999999902 0.16762500000000008
1 0.5954843750000001 0.2873472222222222 0.03212499999999992 0.10326388888888892
0 0.5667578125 0.334625 0.016023437499999994 0.022458333333333354