1 0.33327083333333335 0.6908425925925926 0.03350520833333329 0.10759259259259263
1 0.8564843750000001 0.6836296296296297 0.040395833333333304 0.12187037037037048
1 0.688703125 0.5673796296296296 0.04901562500000007 0.07881481481481471
1 0.284109375 0.6842314814814815 0.04051562499999998 0.1198703703703704
1 0.48552083333333335 0.6568611111111111 0.031614583333333356 0.11811111111111106
1 0.33041666666666664 0.8033055555555556 0.04156770833333331 0.1366851851851853
1 0.9038854166666667 0.798675925925926 0.04207291666666677 0.15360185185185193
2 0.21270833333333333 0.5679814814814814 0.03572395833333335 0.11175000000000004
1 0.192265625 0.7258148148148148 0.03161979166666669 0.1051666666666666
1 0.29155729166666666 0.7850462962962963 0.04816666666666668 0.13462037037037047
1 0.46913020833333335 0.9542962962962964 0.04324999999999998 0.09140740740740733
1 0.18221354166666667 0.7941111111111111 0.037953125000000004 0.12127777777777779
1 0.7702656250000001 0.6130462962962964 0.032223958333333275 0.1011574074074074
1 0.7610572916666667 0.5525925925925925 0.03813541666666656 0.09475925925925918
2 0.4283645833333333 0.851787037037037 0.03902083333333337 0.14712962962962972
1 0.42418229166666666 0.794148148148148 0.02941145833333335 0.10911111111111103
1 0.16644791666666667 0.7381018518518518 0.03696875000000001 0.11971296296296292
2 0.6710833333333334 0.5074814814814815 0.02634374999999996 0.10305555555555551
0 0.746171875 0.5894722222222222 0.010218749999999943 0.017638888888888846