2 0.45553125000000005 0.5914027777777778 0.042593749999999986 0.12490277777777771
1 0.7176875 0.43801388888888887 0.03296875000000003 0.09751388888888894
0 0.6275859374999999 0.46472222222222226 0.011757812499999964 0.01776388888888884
1 0.0151796875 0.5420416666666666 0.030351562500000005 0.13036111111111112
1 0.711828125 0.5422916666666666 0.044523437500000006 0.11131944444444442
1 0.3182109375 0.3894722222222222 0.041000000000000016 0.10209722222222221
1 0.615671875 0.5918888888888889 0.03585156250000008 0.11993055555555558
1 0.28134375 0.37644444444444447 0.036148437499999984 0.09868055555555554
1 0.31653125000000004 0.663513888888889 0.037429687499999975 0.1451805555555555
1 0.23627343750000002 0.8009166666666666 0.05033593749999996 0.15623611111111113
1 0.37653125 0.8648611111111112 0.04974999999999996 0.1814861111111112
1 0.1865390625 0.42804166666666665 0.04178124999999999 0.11863888888888884
1 0.4319296875 0.5354444444444444 0.03980468750000003 0.12626388888888884
1 0.7630390625000001 0.6685972222222222 0.035148437500000004 0.14534722222222227
1 0.935859375 0.7477083333333334 0.042601562500000155 0.1669027777777778
2 0.61625 0.1996388888888889 0.031218750000000028 0.07837500000000001