1 0.105421875 0.45176388888888885 0.03606249999999998 0.11338888888888887
1 0.1549921875 0.49197222222222226 0.04752343749999999 0.12643055555555552
1 0.6935546875 0.6530833333333333 0.05235156249999999 0.12373611111111107
1 0.5175156249999999 0.7003333333333334 0.04442187499999992 0.14388888888888884
1 0.0631796875 0.5215416666666667 0.051179687499999994 0.11361111111111105
1 0.4758046875 0.4610694444444445 0.03980468750000003 0.1044444444444445
1 0.5965078125 0.6226388888888889 0.04144531249999996 0.1320694444444445
1 0.04335156250000001 0.4374444444444444 0.030515625000000008 0.10672222222222226
1 0.474671875 0.8485694444444445 0.043593749999999966 0.1560694444444443
1 0.655921875 0.6203055555555556 0.048171875000000065 0.12897222222222224
0 0.5772578125 0.6344861111111111 0.012570312499999936 0.022777777777777748