1 0.8574140625 0.5406944444444445 0.062179687500000115 0.24863888888888885
1 0.06290625 0.4563611111111111 0.068609375 0.18369444444444444
1 0.7014140624999999 0.5840555555555556 0.12802343749999992 0.4645416666666667
1 0.335078125 0.5390833333333334 0.08072656250000003 0.40911111111111104
1 0.20426562499999998 0.45781944444444445 0.030085937499999993 0.10081944444444449
1 0.2540703125 0.46365277777777775 0.02965625000000003 0.10748611111111109
1 0.9242343749999999 0.5068333333333334 0.034523437500000045 0.1254166666666666
1 0.44692968750000006 0.635125 0.18582031249999997 0.7297499999999999
1 0.657296875 0.49552777777777773 0.03289843749999992 0.1489861111111111
0 0.462 0.25627777777777777 0.06640625 0.09112500000000003
2 0.6231484375 0.49036111111111114 0.03156250000000007 0.16248611111111114