2 0.96125 0.480375 0.03926562500000017 0.10034722222222223
1 0.6038984375 0.3769444444444444 0.026914062500000037 0.07155555555555553
1 0.498203125 0.7385416666666667 0.04751562499999995 0.1295138888888889
1 0.8372734375 0.3185972222222222 0.028249999999999886 0.07329166666666664
1 0.8143750000000001 0.4920277777777778 0.04251562500000006 0.09404166666666672
1 0.51378125 0.4775277777777778 0.026875000000000072 0.07633333333333338
1 0.5922734375 0.5729722222222222 0.040124999999999925 0.09736111111111115
1 0.87765625 0.6837361111111111 0.03857031249999991 0.12187499999999993
1 0.3335703125 0.8170000000000001 0.04209375 0.14825000000000002
2 0.255953125 0.2666527777777778 0.019640624999999988 0.06444444444444442
1 0.19528906249999997 0.48952777777777773 0.030367187499999983 0.1094305555555555