1 0.203203125 0.6580138888888889 0.043187499999999976 0.11238888888888891
1 0.382546875 0.4492361111111111 0.03335937500000004 0.0941666666666666
1 0.9347421875 0.6276805555555556 0.05152343749999986 0.1228055555555555
1 0.79590625 0.41361111111111115 0.025843749999999943 0.10202777777777783
1 0.28484375 0.6236805555555556 0.03821093749999997 0.11466666666666675
1 0.6821015625 0.6961666666666667 0.03880468750000006 0.12991666666666662
1 0.1080078125 0.5556805555555555 0.058203125 0.10497222222222227
1 0.650671875 0.5617916666666667 0.04017968750000005 0.11670833333333329
1 0.016109375000000002 0.41873611111111114 0.031468750000000004 0.08787499999999998
1 0.604234375 0.5110416666666666 0.03495312500000001 0.10987500000000001
1 0.4433671875 0.34911111111111115 0.028703125000000006 0.07998611111111116
1 0.259375 0.3256527777777778 0.02692187500000003 0.08112500000000003
2 0.416828125 0.4636666666666666 0.02863281250000007 0.11227777777777782
1 0.821140625 0.4134166666666667 0.026734374999999845 0.107125
1 0.8055546874999999 0.6627638888888889 0.03471093749999996 0.13412500000000008
1 0.83375 0.7872500000000001 0.043265625000000085 0.12016666666666664
0 0.4234140625 0.7951388888888888 0.014546874999999914 0.026222222222222372
0 0.5234140625 0.5030555555555556 0.10412499999999998 0.24186111111111108