2 0.78125 0.46944444444444444 0.033468749999999936 0.09030555555555553
1 0.9674140625 0.5779027777777778 0.0459843750000001 0.1024027777777778
1 0.44407031249999995 0.4248888888888889 0.03304687499999996 0.06451388888888895
1 0.5115546875 0.6698888888888889 0.04499218749999993 0.11606944444444452
1 0.4488046875 0.5423749999999999 0.04268750000000008 0.09920833333333343
1 0.712109375 0.45734722222222224 0.03322656249999998 0.08262500000000002
1 0.049335937499999996 0.46863888888888894 0.0336796875 0.08800000000000002
1 0.40409375000000003 0.4059861111111111 0.024523437500000033 0.07295833333333329
1 0.9526562500000001 0.5152361111111111 0.026898437499999872 0.09887500000000007
1 0.6287812500000001 0.33331944444444445 0.02485937499999995 0.06297222222222226
1 0.7997343749999999 0.3606111111111111 0.024320312499999996 0.07541666666666665
1 0.2057578125 0.8293472222222222 0.04325000000000001 0.15718055555555566
1 0.9929921875 0.6815416666666666 0.014015625000000042 0.07795833333333332
0 0.3376953125 0.8665416666666667 0.014335937500000017 0.021222222222222184
1 0.6706875 0.6183055555555556 0.03152343749999993 0.10947222222222229