1 0.48364062499999994 0.728361111111111 0.04674218749999994 0.10686111111111118
2 0.6350156250000001 0.48781944444444447 0.026304687500000055 0.09212500000000005
1 0.8565781250000001 0.5745138888888889 0.03725781250000004 0.11545833333333333
1 0.43181250000000004 0.6319583333333333 0.037890625 0.10273611111111115
1 0.5823984375 0.6436944444444445 0.044632812500000084 0.11606944444444452
1 0.798546875 0.37062500000000004 0.024148437500000064 0.07588888888888887
1 0.198609375 0.5380972222222222 0.028859375 0.08961111111111109
1 0.129453125 0.8332638888888889 0.04217187500000001 0.1608749999999999
0 0.45480468749999997 0.552125 0.01096093749999998 0.01573611111111117
1 0.2961171875 0.7004861111111111 0.05171093750000004 0.12636111111111115
1 0.5066796874999999 0.7063611111111112 0.032312499999999925 0.12573611111111116
2 0.07721875 0.2936388888888889 0.019281250000000007 0.0655833333333333
1 0.25028125 0.3642638888888889 0.023445312499999992 0.0717916666666667
1 0.280859375 0.6564583333333333 0.030585937499999983 0.1104027777777778
1 0.9842734375 0.6894583333333334 0.03145312500000017 0.12202777777777779
1 0.8446796875 0.8569583333333333 0.04296093749999983 0.13891666666666663
1 0.7887578124999999 0.6754444444444444 0.028859374999999955 0.13009722222222217
1 0.59603125 0.3135277777777778 0.0208984375 0.07137499999999998
1 0.008203125 0.5111111111111111 0.01640625 0.11944444444444445