2 0.711078125 0.48516666666666663 0.02405468749999997 0.0952222222222223
1 0.49155468750000003 0.5931666666666666 0.04007031249999997 0.10168055555555561
1 0.9261953125 0.866638888888889 0.046734375000000127 0.1410416666666666
1 0.388765625 0.6369166666666667 0.04027343749999997 0.10963888888888881
1 0.9413984375 0.6767222222222222 0.039437500000000014 0.1334027777777777
1 0.53065625 0.7335694444444444 0.04907812499999995 0.1148472222222223
1 0.662296875 0.3146805555555555 0.024109374999999923 0.061819444444444434
1 0.7374921875 0.6293333333333333 0.04112500000000008 0.1116805555555555
1 0.668359375 0.7308194444444445 0.04988281249999993 0.12633333333333338
1 0.9477265625 0.5719444444444445 0.035585937500000143 0.11341666666666662
1 0.22179687499999998 0.5365972222222223 0.03075000000000001 0.08887500000000001
1 0.8671093750000001 0.3629722222222222 0.022523437499999945 0.07597222222222225
1 0.0550859375 0.5128055555555556 0.028484375000000006 0.10856944444444439
1 0.34078906249999996 0.7373194444444444 0.03161718750000002 0.12840277777777784
1 0.1790859375 0.8244722222222223 0.04426562500000002 0.15187499999999987
1 0.330171875 0.3566666666666667 0.022609375000000043 0.06768055555555558
2 0.1212421875 0.2821111111111111 0.020851562499999997 0.060958333333333316