1 0.7161328124999999 0.5023611111111111 0.033242187499999964 0.0944722222222222
2 0.8756328124999999 0.47402777777777777 0.026640624999999928 0.09072222222222229
1 0.3943828125 0.49472222222222223 0.028562500000000046 0.08309722222222228
1 0.960109375 0.36134722222222226 0.03170312499999994 0.07629166666666663
1 0.43053125000000003 0.7577916666666666 0.04058593750000004 0.1244444444444444
1 0.34378125000000004 0.8105416666666667 0.07971874999999998 0.1360555555555556
1 0.5343515625 0.5780694444444444 0.029953124999999935 0.10768055555555552
1 0.8013984375 0.3101388888888889 0.016789062499999917 0.0642361111111111
1 0.7801171874999999 0.7016944444444445 0.032874999999999946 0.12922222222222218
1 0.1284765625 0.5053333333333333 0.036234375 0.1007222222222222
1 0.5429453125 0.3469305555555555 0.020515624999999992 0.06493055555555552
0 0.437109375 0.8436805555555557 0.014726562499999929 0.025902777777777903
2 0.23464843750000003 0.2645138888888889 0.023921875000000002 0.05841666666666667