1 0.32482812499999997 0.5309861111111112 0.04670312499999998 0.1040555555555555
1 0.8293359375 0.44479166666666664 0.02948437499999983 0.08776388888888896
1 0.10682031249999999 0.9357916666666667 0.0443359375 0.12244444444444456
1 0.5447734375 0.5081527777777778 0.032445312499999976 0.09898611111111108
1 0.6707265625 0.7613055555555556 0.04293750000000003 0.1588472222222223
2 0.535765625 0.3323055555555555 0.03528906250000006 0.08019444444444446
1 0.5016328125 0.5734861111111111 0.0400390625 0.12330555555555552
1 0.43267187500000004 0.608375 0.021664062500000015 0.12051388888888886
1 0.2035625 0.5448472222222223 0.04249218749999999 0.1126527777777778
1 0.9394765625 0.5981944444444445 0.0356562499999999 0.13736111111111107
1 0.36636718749999997 0.9595833333333333 0.04633593750000005 0.0808333333333334
1 0.1370078125 0.7202222222222221 0.03440625000000001 0.1566111111111111
1 0.19793750000000002 0.49433333333333335 0.030953125000000005 0.0941666666666666
1 0.45229687500000004 0.6108611111111111 0.02960937500000007 0.1259305555555555
2 0.44925781249999996 0.695388888888889 0.03664062500000007 0.12972222222222218
1 0.8947499999999999 0.808875 0.04460937499999993 0.1726527777777777
0 0.6545859375 0.42184722222222226 0.010875000000000056 0.019861111111111048