1 0.2141171875 0.7307361111111111 0.030804687499999983 0.11897222222222226
1 0.9384140625 0.506875 0.028453125000000058 0.10687500000000007
2 0.489640625 0.520611111111111 0.02762499999999992 0.0954027777777777
1 0.68809375 0.39034722222222223 0.02776562499999997 0.07250000000000002
1 0.15496875000000002 0.39519444444444446 0.026460937500000004 0.07183333333333337
1 0.43746875 0.7303888888888889 0.03142187500000002 0.12618055555555552
1 0.647546875 0.6202638888888888 0.029757812499999935 0.10877777777777785
1 0.941921875 0.6977361111111111 0.031804687500000026 0.11533333333333329
1 0.50621875 0.6448055555555555 0.028953124999999958 0.11276388888888897
1 0.2935390625 0.47644444444444445 0.02711718750000003 0.08123611111111112
1 0.878921875 0.5205555555555555 0.0295781250000001 0.0973333333333334
1 0.3675703125 0.6255138888888889 0.030601562499999967 0.10423611111111104
1 0.7408046875000001 0.550375 0.028890625000000014 0.10474999999999994
1 0.13899999999999998 0.6505416666666667 0.03385156249999999 0.11637499999999995
1 0.6924921875 0.8967499999999999 0.03857031249999991 0.14402777777777784
1 0.2973984375 0.6623333333333333 0.031101562500000048 0.1224027777777777
1 0.48605468749999997 0.3347638888888889 0.018296875000000056 0.07459722222222219
0 0.187203125 0.4404861111111111 0.011656250000000012 0.012916666666666604