2 0.489734375 0.5290138888888889 0.03029687499999998 0.08826388888888882
1 0.7297265625 0.87775 0.03597656249999996 0.1374305555555556
1 0.47664062500000004 0.6482083333333333 0.03492968750000003 0.10862500000000005
1 0.3645546875 0.6420555555555555 0.030593749999999975 0.10438888888888885
1 0.8999765625 0.5154027777777778 0.024578125000000027 0.09779166666666662
1 0.7141171875000001 0.39433333333333337 0.02482812499999998 0.07612500000000008
1 0.3038046875 0.7384861111111112 0.03307812500000003 0.11798611111111118
1 0.25744531249999997 0.501263888888889 0.028132812499999993 0.0798055555555556
1 0.95684375 0.5114027777777778 0.0283203125 0.10859722222222214
1 0.15724218750000002 0.6650416666666668 0.031031249999999976 0.11256944444444446
1 0.1808984375 0.3916527777777778 0.02664062500000002 0.07386111111111109
1 0.7444140625 0.5725972222222222 0.029945312499999942 0.1050138888888889
1 0.9007343750000001 0.7004166666666666 0.030835937499999844 0.11558333333333329
1 0.021296875000000003 0.8342916666666668 0.035671875 0.15848611111111097
1 0.4278515625 0.7130972222222222 0.02927343750000002 0.12252777777777782
1 0.27067968750000004 0.6728888888888889 0.03499999999999996 0.11454166666666671
1 0.6806875 0.6472222222222223 0.025687500000000085 0.10606944444444445
1 0.5195546875 0.3365277777777778 0.02017187499999995 0.06272222222222218
0 0.251578125 0.44726388888888885 0.007257812499999972 0.01423611111111111