2 0.5488671875 0.5167222222222223 0.03174218750000009 0.0968194444444445
1 0.3462890625 0.4512638888888889 0.027296875000000043 0.0737083333333334
1 0.47214062500000004 0.744388888888889 0.0361328125 0.13490277777777784
1 0.9019375000000001 0.5101388888888889 0.028445312499999886 0.1036944444444444
1 0.4162109375 0.6053611111111111 0.033218749999999984 0.1027638888888889
1 0.645765625 0.3735833333333334 0.024375000000000036 0.07513888888888892
1 0.9429765625 0.5004166666666667 0.028484375000000027 0.10359722222222227
1 0.7623125 0.5328611111111111 0.027710937500000022 0.11077777777777777
1 0.1602265625 0.7147361111111111 0.031265624999999984 0.1258333333333333
1 0.5589140625 0.638375 0.034296875000000074 0.11090277777777781
1 0.130515625 0.6300416666666666 0.029851562499999984 0.11427777777777774
1 0.59621875 0.5804444444444444 0.02817968749999995 0.10052777777777777
1 0.17509375 0.4041944444444444 0.028945312500000007 0.07955555555555552
1 0.9896874999999999 0.6785277777777778 0.0206171874999999 0.11788888888888888
1 0.342796875 0.6497638888888888 0.034468750000000006 0.12669444444444442
2 0.67665625 0.9154166666666667 0.036429687500000085 0.1471250000000001
1 0.459203125 0.34458333333333335 0.02803906250000008 0.06650000000000003