1 0.5553281250000001 0.5430555555555555 0.03435937500000001 0.09520833333333327
2 0.734484375 0.48175 0.03339062500000001 0.0925833333333333
1 0.6852031249999999 0.3094722222222222 0.022445312500000016 0.06212500000000003
1 0.8294218750000001 0.7490833333333333 0.048281250000000143 0.13148611111111114
1 0.24975 0.5199722222222222 0.03224999999999998 0.08866666666666671
1 0.8606562500000001 0.36019444444444443 0.02367187500000014 0.07790277777777782
1 0.2178046875 0.8136527777777778 0.05778906250000002 0.16462499999999997
1 0.59490625 0.7255416666666666 0.04798437500000006 0.12523611111111113
1 0.8340078125 0.6106805555555556 0.03502343749999994 0.10805555555555549
1 0.3896484375 0.3509861111111111 0.023351562500000034 0.07106944444444446
1 0.4190625 0.6117083333333333 0.034476562500000085 0.1089166666666666
1 0.9796875 0.8597222222222223 0.040625 0.14166666666666666
1 0.98203125 0.5597222222222222 0.0359375 0.11388888888888889
1 0.33525 0.7670277777777778 0.03616406249999997 0.14130555555555557
1 0.0365546875 0.5083472222222222 0.023046875 0.1127083333333333
2 0.12151562499999999 0.27198611111111115 0.024585937499999978 0.06384722222222218
0 0.5790234375 0.7618888888888888 0.012218750000000079 0.02379166666666682