1 0.5162109375 0.48556944444444444 0.031085937499999973 0.10762500000000001
2 0.4617890625 0.6718472222222223 0.04381249999999994 0.13640277777777782
1 0.16696093750000002 0.5087777777777778 0.03698437499999998 0.11186111111111106
1 0.1095234375 0.9433194444444445 0.044046875 0.11180555555555556
1 0.6974375 0.7581666666666667 0.03931249999999995 0.15743055555555552
1 0.09121875 0.7120833333333334 0.04288281250000001 0.1532361111111111
1 0.3450859375 0.6185555555555555 0.05271093750000002 0.13833333333333336
1 0.377578125 0.6178888888888889 0.04628906249999996 0.12094444444444451
1 0.12390625 0.5622916666666667 0.048078125000000006 0.12015277777777776
1 0.2105390625 0.5493888888888889 0.03670312500000002 0.12983333333333336
1 0.9749062500000001 0.5870277777777778 0.040749999999999884 0.14063888888888887
1 0.46876562499999996 0.5460277777777778 0.031640625 0.10266666666666661
1 0.7896875 0.4222638888888888 0.03238281249999995 0.08787499999999998
1 0.4149453125 0.9493055555555555 0.04982812499999998 0.09612500000000004
1 0.8844843750000001 0.7894722222222221 0.038507812499999974 0.15369444444444455
2 0.5026796874999999 0.34280555555555553 0.030921874999999942 0.10124999999999997
0 0.7293515625 0.4149583333333333 0.010812499999999937 0.018624999999999954