1 0.52725 0.4383888888888889 0.0314453125 0.09445833333333332
1 0.7382890625 0.5811527777777777 0.03726562500000004 0.11329166666666673
1 0.6099921875 0.486375 0.037070312500000036 0.10602777777777782
1 0.9234296875 0.26695833333333335 0.027585937499999956 0.08147222222222225
1 0.6664921875 0.36083333333333334 0.03238281250000004 0.08879166666666663
1 0.408578125 0.4093611111111111 0.02981250000000002 0.09788888888888891
0 0.624703125 0.604125 0.014851562499999993 0.020194444444444393
1 0.8516640625 0.24454166666666666 0.02611718749999987 0.06643055555555553
1 0.759015625 0.40079166666666666 0.030960937500000084 0.0949027777777778
1 0.544390625 0.6419166666666667 0.04240624999999998 0.12961111111111118
1 0.5822109375 0.31145833333333334 0.024406250000000008 0.07980555555555553
2 0.81775 0.38236111111111115 0.026937500000000014 0.0933888888888889
1 0.1829296875 0.7241111111111111 0.039640624999999985 0.16469444444444442
1 0.16929687499999999 0.33175000000000004 0.03159375 0.09245833333333328
1 0.11417187499999999 0.5182222222222223 0.03791406249999999 0.11688888888888885
1 0.63546875 0.36550000000000005 0.02700781249999995 0.08354166666666664
1 0.5195234375 0.2355972222222222 0.02514062500000005 0.0637777777777778