1 0.9322968749999999 0.3283055555555556 0.031640625 0.0939583333333333
1 0.7814062500000001 0.46658333333333335 0.040648437500000065 0.10831944444444445
1 0.532875 0.5282083333333334 0.038742187499999935 0.13572222222222227
1 0.6731015625000001 0.39176388888888886 0.028781249999999935 0.09823611111111114
1 0.942109375 0.5895833333333333 0.04571093750000017 0.1382916666666666
1 0.21325781250000003 0.8421111111111111 0.04939843750000002 0.1942916666666668
1 0.244734375 0.42738888888888893 0.03695312499999996 0.11837500000000002
1 0.524515625 0.3336388888888889 0.02867968750000003 0.09661111111111112
1 0.736375 0.4398055555555556 0.035445312499999916 0.1045972222222223
1 0.9644375000000001 0.44005555555555553 0.036148437499999984 0.11894444444444442
1 0.8735781250000001 0.7595138888888889 0.037359375000000125 0.16179166666666667
1 0.21665625 0.6502638888888889 0.039359374999999995 0.14523611111111118
2 0.2684140625 0.28802777777777777 0.01978906250000003 0.08468055555555559
1 0.7967812500000001 0.2844583333333333 0.028007812500000017 0.08569444444444443
0 0.25140625 0.4737222222222222 0.011992187500000018 0.01772222222222221