1 0.8545624999999999 0.442125 0.04060156249999984 0.12205555555555556
1 0.3226171875 0.8027222222222222 0.056523437500000016 0.19729166666666662
1 0.8537343749999999 0.30730555555555555 0.02893749999999997 0.09522222222222222
1 0.235640625 0.5673888888888888 0.05730468750000002 0.13562499999999997
1 0.580453125 0.406375 0.03788281250000001 0.11776388888888888
1 0.8991093749999999 0.7242361111111112 0.0469843749999999 0.17322222222222225
1 0.8680078124999999 0.369125 0.03341406249999999 0.10474999999999998
1 0.35978125 0.3318333333333333 0.03566406249999998 0.11673611111111112
1 0.8780546875 0.5529305555555556 0.038203125000000074 0.1351805555555556
1 0.7325078125 0.21497222222222223 0.02614062500000003 0.09634722222222222
1 0.7928359375000001 0.3538055555555556 0.031070312500000075 0.10831944444444445
2 0.3768046875 0.18748611111111113 0.01674218749999996 0.08831944444444446
0 0.2729921875 0.6149583333333333 0.012109375 0.02561111111111119