1 0.763 0.3068194444444444 0.02496875000000003 0.07830555555555554
1 0.23156249999999998 0.5412777777777779 0.05703125 0.12165277777777782
1 0.53971875 0.40730555555555553 0.032570312500000045 0.10740277777777779
1 0.8216796875 0.36293055555555553 0.037375000000000116 0.10600000000000002
1 0.7572656249999999 0.3670555555555555 0.029171874999999937 0.08858333333333329
1 0.734765625 0.6791805555555556 0.036992187499999926 0.1518472222222222
1 0.9744140625 0.3912361111111111 0.03374218750000004 0.10783333333333331
1 0.301453125 0.7688750000000001 0.042726562500000044 0.18111111111111117
1 0.6661640625 0.2266111111111111 0.028476562500000035 0.07637500000000001
1 0.7587109375 0.5035555555555555 0.029429687500000058 0.12098611111111113
1 0.3016171875 0.3312361111111111 0.031343750000000004 0.10830555555555559
1 0.7172578125 0.4380833333333334 0.03404687499999994 0.11622222222222216
2 0.3159609375 0.19676388888888888 0.022062500000000006 0.07531944444444445
0 0.2445234375 0.5914166666666667 0.01096093749999998 0.019194444444444514