1 0.3619453125 0.36288888888888887 0.03196874999999997 0.12086111111111109
1 0.8438359375 0.32373611111111117 0.032656250000000143 0.09583333333333337
1 0.31 0.8330972222222223 0.06213281249999998 0.20337500000000008
1 0.8309921875 0.38908333333333334 0.036351562500000156 0.09855555555555556
2 0.38378125 0.21251388888888886 0.030671874999999994 0.08251388888888886
1 0.8338906250000001 0.45355555555555555 0.038148437499999945 0.12190277777777775
1 0.707859375 0.23718055555555556 0.027671875000000058 0.08312500000000003
1 0.7511875 0.36784722222222227 0.03453906250000003 0.11177777777777781
1 0.961890625 0.5537083333333334 0.04993750000000006 0.14430555555555552
1 0.96971875 0.7403750000000001 0.05062500000000014 0.1676666666666667
1 0.5682421875 0.43595833333333334 0.03957031250000007 0.13026388888888885
1 0.22790625000000003 0.5983888888888889 0.05198437499999997 0.13777777777777783
0 0.2472109375 0.6032638888888889 0.012898437499999993 0.024555555555555487