1 0.83765625 0.5059305555555556 0.038453124999999845 0.11080555555555552
1 0.8326640624999999 0.6630416666666666 0.036687500000000026 0.14976388888888886
1 0.5029375 0.4214583333333333 0.04586718750000003 0.0877083333333333
1 0.6997578125 0.4669027777777778 0.03600781249999994 0.10480555555555561
1 0.2320234375 0.41494444444444445 0.04240624999999998 0.10787499999999994
1 0.46174218749999996 0.669013888888889 0.035218749999999945 0.1382083333333334
1 0.53621875 0.5898611111111111 0.035890625000000044 0.13451388888888893
1 0.762109375 0.9144305555555555 0.044601562499999935 0.1656944444444444
1 0.066171875 0.6398194444444445 0.03407031249999999 0.1389722222222223
1 0.634375 0.9159722222222222 0.0421875 0.16805555555555557
1 0.2071875 0.943486111111111 0.05160937500000003 0.11083333333333327
2 0.185140625 0.3607083333333333 0.021992187499999982 0.10481944444444448
1 0.705734375 0.36148611111111106 0.023562500000000063 0.09865277777777774
0 0.24425 0.4559861111111111 0.01118750000000004 0.020305555555555563