1 0.035109375 0.5955972222222222 0.03963281249999999 0.13087500000000002
1 0.412109375 0.4293611111111111 0.02518750000000001 0.08230555555555555
1 0.43690625 0.6284444444444445 0.03699999999999992 0.13383333333333336
1 0.753046875 0.9032222222222223 0.03892968749999994 0.18358333333333343
1 0.7991562499999999 0.6339027777777778 0.04035156249999998 0.14294444444444437
1 0.7061484375 0.48144444444444445 0.03760937500000008 0.11044444444444441
1 0.477125 0.5578611111111111 0.03742187500000007 0.1265972222222222
1 0.570296875 0.4495138888888889 0.03275000000000006 0.11048611111111105
1 0.1596640625 0.9426111111111111 0.0560078125 0.11037500000000004
1 0.6391484375 0.9175416666666667 0.04474999999999998 0.16277777777777785
2 0.1761953125 0.36656944444444445 0.032125 0.09815277777777776
1 0.2456953125 0.41923611111111114 0.023882812500000038 0.10208333333333333
1 0.6694453125 0.3620833333333333 0.023609375000000023 0.10237500000000001
0 0.2459375 0.477875 0.009414062499999964 0.017666666666666705