1 0.6475703125 0.3241805555555555 0.02757031249999997 0.07626388888888892
1 0.8498046875 0.4358472222222222 0.03239843749999984 0.10488888888888886
1 0.9452812500000001 0.5502083333333333 0.0456171874999999 0.11473611111111114
1 0.2467578125 0.34180555555555553 0.029960937500000017 0.09601388888888884
1 0.9273984375 0.2707361111111111 0.025882812500000085 0.06712499999999998
1 0.6374531250000001 0.6570972222222222 0.03590625000000003 0.1289861111111112
1 0.4548671875 0.4484722222222222 0.03530468750000004 0.10290277777777782
1 0.7286171875 0.5105138888888889 0.03857812500000009 0.10672222222222226
1 0.19571875 0.5330416666666667 0.03149999999999999 0.11298611111111115
1 0.7682109374999999 0.39808333333333334 0.026257812499999922 0.09173611111111109
1 0.2411328125 0.7241111111111111 0.04568750000000001 0.16411111111111115
2 0.8744453125 0.40359722222222216 0.026210937500000142 0.09211111111111119
1 0.7265859375 0.553 0.03228124999999995 0.10001388888888887
2 0.244828125 0.21865277777777778 0.01967187499999996 0.06669444444444442
1 0.6052421875 0.24543055555555557 0.017906250000000058 0.07838888888888888
1 0.597125 0.46738888888888885 0.025218749999999977 0.11026388888888887
1 0.7585625 0.37608333333333327 0.025843749999999943 0.08408333333333332
0 0.3983203125 0.5886944444444444 0.010101562500000005 0.02102777777777776