1 0.753421875 0.689486111111111 0.04146874999999994 0.1461666666666666
1 0.743484375 0.559625 0.02985937500000002 0.11738888888888886
1 0.7404375 0.2982361111111111 0.030031250000000044 0.08930555555555557
1 0.9254765624999999 0.3689583333333333 0.032835937500000155 0.10698611111111107
1 0.667640625 0.4738194444444444 0.03238281250000004 0.1286944444444444
1 0.8274062499999999 0.5180972222222222 0.02935156250000013 0.1289444444444445
1 0.47178125 0.46405555555555555 0.028820312500000077 0.12275
1 0.9571640625000001 0.3952361111111111 0.037476562499999845 0.11770833333333333
1 0.270015625 0.5415277777777777 0.03967187499999998 0.12081944444444445
0 0.3737109375 0.46677777777777774 0.01157812500000004 0.01700000000000001
1 0.2937265625 0.7427222222222222 0.04217187500000001 0.18045833333333341
1 0.304875 0.3291527777777778 0.03687500000000003 0.09822222222222227
2 0.3054375 0.17791666666666667 0.016671875000000023 0.08270833333333336
1 0.7406406249999999 0.20754166666666668 0.022671874999999987 0.09237499999999998
2 0.9929140625 0.38968055555555553 0.0141718749999999 0.11462499999999996