1 0.3398671875 0.4356666666666667 0.03200000000000003 0.10445833333333339
1 0.6000546875 0.4686111111111111 0.037101562500000004 0.11900000000000009
1 0.553921875 0.4304305555555556 0.028773437499999943 0.10881944444444448
1 0.7521796875 0.60125 0.03716406249999995 0.14252777777777778
1 0.73909375 0.8852083333333334 0.04696874999999991 0.1866666666666668
1 0.6711328125 0.9117222222222223 0.044906250000000016 0.176486111111111
1 0.2621875 0.4364861111111111 0.039304687499999956 0.1109722222222222
1 0.3768671875 0.5891805555555555 0.04180468749999999 0.14004166666666673
1 0.44067968750000003 0.5218888888888888 0.03623437500000008 0.12320833333333338
1 0.0743125 0.9542916666666668 0.053804687500000004 0.09141666666666658
2 0.98853125 0.5561944444444444 0.0229375000000001 0.13237500000000008
1 0.6468359375 0.362625 0.023171875000000064 0.1099444444444444
2 0.1462265625 0.35683333333333334 0.03101562499999999 0.10147222222222227
0 0.257015625 0.48083333333333333 0.01004687500000001 0.017625000000000075