1 0.6529375 0.34131944444444445 0.028562499999999956 0.0949027777777778
1 0.4039765625 0.5845694444444445 0.04284374999999998 0.15073611111111107
1 0.7206718750000001 0.818486111111111 0.04147656249999994 0.1884027777777779
0 0.287484375 0.3907083333333333 0.013539062500000032 0.01945833333333332
1 0.1939453125 0.8873472222222222 0.055367187500000005 0.21731944444444448
1 0.9271015625000001 0.44055555555555553 0.030718750000000128 0.11773611111111108
1 0.8045546874999999 0.5981944444444445 0.03857031249999991 0.14709722222222218
2 0.991109375 0.4679861111111111 0.017781250000000172 0.12523611111111105
1 0.9594687499999999 0.343625 0.028031250000000084 0.12095833333333329
1 0.656390625 0.7406666666666666 0.04350781250000004 0.16611111111111107
1 0.08497656249999999 0.6157638888888889 0.04234375000000001 0.14920833333333341
1 0.759203125 0.2532777777777778 0.025624999999999964 0.1088611111111111
1 0.605140625 0.5398611111111111 0.03638281249999995 0.13844444444444437
1 0.24939843750000001 0.34395833333333337 0.02736718749999998 0.11570833333333333
2 0.20090625 0.24029166666666665 0.026031250000000016 0.09400000000000001