0 0.23258593749999998 0.4241944444444445 0.011296875000000029 0.016527777777777745
2 0.9875 0.53125 0.025 0.13472222222222222
1 0.8184453125 0.6430416666666667 0.037398437499999916 0.15941666666666662
1 0.8989687500000001 0.48333333333333334 0.0385859374999999 0.11851388888888895
1 0.84240625 0.4150138888888889 0.04532031250000017 0.11649999999999999
1 0.5999609375 0.3840138888888889 0.03225781249999997 0.09538888888888894
1 0.5848359375000001 0.5680833333333333 0.039453125 0.13101388888888896
1 0.7356484375 0.8900138888888888 0.04129687499999992 0.19125000000000006
1 0.052171875 0.64075 0.0384375 0.14237500000000006
1 0.19034374999999998 0.9233055555555555 0.05936718750000001 0.15338888888888896
1 0.748953125 0.3131666666666666 0.031093749999999965 0.09947222222222218
1 0.4251875 0.6493055555555556 0.039640625000000006 0.15262500000000007
1 0.630859375 0.8427083333333333 0.04192187500000007 0.17623611111111126
1 0.2101484375 0.3776805555555556 0.02267968749999998 0.10794444444444448
2 0.17585937499999998 0.30643055555555554 0.02100781249999999 0.10177777777777774