1 0.5896484375 0.46275 0.031289062499999964 0.09423611111111115
1 0.6705625000000001 0.5067361111111112 0.047218750000000045 0.10812500000000003
1 0.3123125 0.6993055555555555 0.03621875000000001 0.1277083333333334
1 0.43335937500000005 0.35494444444444445 0.027820312499999923 0.06512499999999997
1 0.507296875 0.45769444444444446 0.029429687500000058 0.0875
1 0.5396640625 0.431875 0.033859374999999935 0.07904166666666662
1 0.73203125 0.5535555555555556 0.034421874999999956 0.11527777777777778
1 0.03946875 0.4174166666666667 0.024703125 0.08030555555555563
1 0.5288203125 0.6647222222222222 0.03364843749999995 0.12147222222222227
1 0.6135234374999999 0.5315 0.025179687500000013 0.0959444444444445
2 0.44573437499999996 0.5042638888888888 0.03472656250000004 0.0920138888888889
1 0.43714062499999995 0.46325000000000005 0.03263281249999998 0.08149999999999993
1 0.1970390625 0.4704027777777778 0.03254687500000002 0.096875
1 0.178890625 0.4630555555555555 0.02921874999999998 0.09511111111111113