2 0.8850468749999999 0.5552777777777778 0.0405156250000001 0.12906944444444438
1 0.6461484375000001 0.8266805555555556 0.04900000000000002 0.17741666666666667
1 0.5164921875 0.45 0.03039062500000007 0.09370833333333337
1 0.63203125 0.5398472222222223 0.04163281249999997 0.12784722222222217
1 0.9456953125 0.41708333333333336 0.038335937500000125 0.09612500000000004
1 0.627765625 0.34779166666666667 0.03896875000000009 0.10229166666666671
1 0.430765625 0.4689305555555556 0.04285937499999992 0.1040555555555555
1 0.2908515625 0.4290972222222222 0.034859375000000005 0.10393055555555561
1 0.2064453125 0.5369305555555555 0.04135937500000002 0.13091666666666665
1 0.6431015625 0.4195277777777778 0.04759375000000006 0.09386111111111117
1 0.1583984375 0.42406944444444444 0.0318359375 0.11556944444444449
1 0.756046875 0.8467083333333333 0.043296875000000054 0.15905555555555553
0 0.45237499999999997 0.5142777777777777 0.0130859375 0.018444444444444406
1 0.0479765625 0.33869444444444446 0.029765624999999997 0.1024861111111111