1 0.8033958333333333 0.5850740740740741 0.05894791666666658 0.18989814814814807
1 0.3246614583333333 0.6627314814814815 0.08525520833333336 0.10523148148148156
1 0.8954739583333333 0.5567685185185185 0.049656250000000075 0.16674074074074072
1 0.8892656250000001 0.6864907407407407 0.043208333333333356 0.1871388888888888
1 0.972734375 0.6361944444444445 0.054531249999999906 0.21350925925925918
1 0.5905572916666666 0.8334074074074075 0.0501562500000001 0.20603703703703702
1 0.9370416666666667 0.5505925925925926 0.05134374999999996 0.1769259259259259
1 0.951984375 0.8221851851851852 0.07347916666666662 0.15559259259259256
1 0.5898177083333334 0.620074074074074 0.03483333333333339 0.20502777777777784
1 0.6490885416666666 0.639962962962963 0.060812500000000116 0.18911111111111112
1 0.6939375 0.6781759259259259 0.06535416666666667 0.17582407407407416
1 0.377453125 0.6547777777777778 0.056437499999999946 0.17083333333333334
2 0.5491927083333333 0.4818425925925926 0.03442708333333329 0.15483333333333335
0 0.3108333333333333 0.6300277777777777 0.016468749999999942 0.02778703703703703