1 0.77925 0.3688055555555556 0.037070312500000036 0.08550000000000005
1 0.5535625 0.49606944444444445 0.03827343750000001 0.10508333333333329
1 0.141265625 0.5195555555555555 0.04999218750000001 0.13125
1 0.7077656250000001 0.5548194444444445 0.05050000000000008 0.13313888888888892
1 0.4749140625 0.45222222222222225 0.04094531250000007 0.09658333333333328
1 0.3088984375 0.5514583333333334 0.03332812499999997 0.1184861111111112
1 0.7410078125 0.4518333333333333 0.04180468749999999 0.10199999999999992
1 0.3440546875 0.4399444444444444 0.03953125000000002 0.07706944444444445
1 0.0967265625 0.41077777777777774 0.03191406250000001 0.11149999999999996
1 0.4553359375 0.5131111111111111 0.038046875000000036 0.1228055555555555
1 0.2581015625 0.5050555555555556 0.037015624999999996 0.13338888888888883
1 0.657390625 0.48218055555555556 0.042750000000000024 0.12524999999999992
1 0.0928515625 0.5527500000000001 0.051312500000000004 0.14305555555555555
1 0.5509453125 0.7167083333333333 0.04541406250000009 0.15377777777777782
1 0.3263203125 0.5097361111111111 0.03770312499999999 0.11400000000000006
2 0.5508359375 0.6194583333333333 0.04790624999999995 0.1322222222222223
1 0.34221875 0.7169166666666666 0.04414843749999999 0.1645555555555556
2 0.8378671875 0.2430138888888889 0.04234374999999986 0.08556944444444446
1 0.2391953125 0.6520138888888889 0.04925781249999996 0.15744444444444447
0 0.685109375 0.5281944444444444 0.0123046875 0.021083333333333263