2 0.48134375 0.5803611111111111 0.04018750000000004 0.12138888888888885
1 0.411671875 0.48234722222222226 0.03240625000000001 0.09368055555555561
1 0.021515625 0.5547222222222222 0.04303125 0.12777777777777777
1 0.0909453125 0.5014722222222222 0.049117187500000006 0.1127083333333333
1 0.220953125 0.4783611111111111 0.031210937500000036 0.11434722222222228
1 0.3938046875 0.6901666666666667 0.040328125000000006 0.1502083333333333
1 0.6351796875 0.5014583333333333 0.04499999999999993 0.10206944444444446
1 0.5964609375000001 0.3906666666666666 0.030484374999999987 0.07823611111111113
1 0.2350078125 0.7064444444444444 0.04307812499999999 0.15018055555555548
1 0.18883593750000002 0.5397638888888889 0.029695312500000015 0.11625000000000006
1 0.1501328125 0.6517361111111111 0.039078124999999984 0.14715277777777785
1 0.3665859375 0.4995555555555556 0.036195312500000035 0.10488888888888886
1 0.4104765625 0.4313055555555556 0.031757812500000024 0.09609722222222214
1 0.26463281250000004 0.49736111111111114 0.03849999999999998 0.12901388888888887
1 0.554796875 0.53875 0.029062500000000036 0.12502777777777777
2 0.6244531249999999 0.27830555555555553 0.03205468749999998 0.07569444444444444
1 0.1606484375 0.5084722222222222 0.027710937500000022 0.1141805555555556
1 0.5433984374999999 0.49716666666666665 0.03239843750000002 0.10450000000000001