1 0.39468229166666663 0.5443611111111111 0.027749999999999986 0.08332407407407408
1 0.956953125 0.5289814814814814 0.029010416666666573 0.08011111111111109
1 0.6649999999999999 0.5750740740740741 0.02603645833333322 0.08025925925925932
1 0.3975 0.41330555555555554 0.02081250000000002 0.0739537037037037
1 0.8602187499999999 0.867212962962963 0.037192708333333255 0.10173148148148159
1 0.4562916666666667 0.37922222222222224 0.01963020833333336 0.07024074074074076
1 0.8714270833333334 0.5663333333333334 0.028744791666666696 0.08072222222222228
2 0.49411458333333336 0.23077777777777778 0.02353645833333336 0.0555462962962963
1 0.9421822916666667 0.7090925925925926 0.04240104166666659 0.10087037037037042
1 0.36784374999999997 0.5038703703703703 0.022432291666666635 0.08358333333333332
1 0.3442395833333334 0.6286203703703703 0.028614583333333363 0.09328703703703704
1 0.5733333333333334 0.2996388888888889 0.019723958333333277 0.06369444444444441
1 0.9264947916666666 0.3874814814814815 0.020510416666666722 0.07190740740740738
1 0.7155989583333333 0.5125555555555555 0.024098958333333323 0.08037037037037033
1 0.48584375 0.33355555555555555 0.01888541666666666 0.06237962962962963
2 0.5952760416666667 0.5399814814814814 0.025682291666666638 0.08708333333333329
1 0.855796875 0.5491296296296296 0.014510416666666732 0.08224999999999993
0 0.8636302083333334 0.4813425925925926 0.008927083333333268 0.01832407407407404