1 0.33322916666666663 0.5514444444444444 0.02255729166666664 0.0789722222222222
1 0.6727135416666666 0.41453703703703704 0.019838541666666744 0.06368518518518516
1 0.6028958333333333 0.5969351851851853 0.028125 0.07918518518518516
1 0.20319270833333333 0.5037407407407407 0.01779687499999998 0.07383333333333335
2 0.3891354166666667 0.4731666666666666 0.022296874999999973 0.06995370370370366
1 0.5594947916666667 0.4716574074074074 0.021984375000000018 0.057472222222222216
1 0.7178229166666666 0.383212962962963 0.023640624999999933 0.06107407407407411
1 0.33487500000000003 0.29365740740740737 0.018484375000000004 0.05359259259259259
1 0.5933958333333333 0.36497222222222225 0.014296874999999905 0.05748148148148152
1 0.21014062500000003 0.5858981481481481 0.02085416666666665 0.08129629629629626
1 0.4411614583333333 0.36671296296296296 0.015010416666666634 0.05611111111111113
1 0.5911875 0.3163148148148148 0.012874999999999895 0.05255555555555555
1 0.27028645833333337 0.3889537037037037 0.019901041666666685 0.06312962962962958
1 0.257390625 0.3093518518518519 0.01701562499999998 0.05933333333333337
1 0.26253125 0.5306944444444445 0.020510416666666663 0.07811111111111102
1 0.47884895833333335 0.4700092592592593 0.017072916666666653 0.06282407407407405
1 0.9480885416666667 0.47385185185185186 0.020994791666666637 0.07524074074074073
1 0.386125 0.35360185185185183 0.019546874999999984 0.057953703703703736
2 0.27363020833333335 0.26722222222222225 0.01761979166666666 0.04776851851851855
1 0.26417708333333334 0.8273333333333334 0.019718749999999976 0.09393518518518523
1 0.5138020833333333 0.9462962962962963 0.028645833333333332 0.10740740740740741
0 0.7091718749999999 0.4068981481481481 0.0063229166666666 0.012037037037037037