1 0.10274479166666667 0.5339074074074074 0.028874999999999998 0.10094444444444443
1 0.684453125 0.4564166666666667 0.027072916666666676 0.06705555555555552
2 0.24891145833333334 0.41391666666666665 0.031093750000000024 0.0742592592592593
1 0.30572916666666666 0.38980555555555557 0.028609375000000034 0.07912037037037041
1 0.248609375 0.5562777777777778 0.02944270833333332 0.08815740740740743
1 0.47074479166666666 0.4689074074074074 0.021614583333333333 0.08375925925925924
1 0.34193229166666667 0.41814814814814816 0.021984375000000018 0.07515740740740737
1 0.5990885416666667 0.4330185185185185 0.023729166666666638 0.07803703703703702
1 0.12631770833333336 0.3957222222222222 0.030677083333333337 0.07076851851851858
1 0.6652083333333334 0.42668518518518517 0.023270833333333248 0.07877777777777782
1 0.5845468749999999 0.4406111111111111 0.018869791666666677 0.08010185185185184
1 0.29182291666666665 0.3969537037037037 0.02506770833333339 0.07596296296296293
1 0.46078125000000003 0.3353148148148148 0.019166666666666644 0.07572222222222219
1 0.5877239583333334 0.36156481481481484 0.028640624999999885 0.0793333333333334
0 0.13686979166666668 0.38113888888888886 0.00751041666666666 0.015055555555555548