1 0.34445833333333337 0.33102777777777775 0.03949999999999996 0.07076851851851858
1 0.05561979166666666 0.51425 0.037010416666666664 0.09500925925925922
1 0.7487447916666666 0.41658333333333336 0.025260416666666667 0.08647222222222221
1 0.09657291666666666 0.6336296296296297 0.034385416666666654 0.08792592592592596
2 0.4336041666666667 0.4622129629629629 0.03649479166666663 0.093037037037037
1 0.7493177083333333 0.5164629629629629 0.025697916666666744 0.09102777777777772
1 0.7894947916666666 0.7072314814814814 0.029203125000000087 0.11192592592592603
1 0.46799999999999997 0.3623240740740741 0.020619791666666623 0.07729629629629631
1 0.72603125 0.4588333333333333 0.01804687500000005 0.09074074074074069
1 0.6316979166666666 0.357 0.026156249999999895 0.07990740740740737
1 0.526828125 0.41355555555555557 0.02233854166666666 0.08136111111111112
1 0.44901562500000003 0.6266944444444444 0.033302083333333364 0.10689814814814819
1 0.046989583333333335 0.31777777777777777 0.021213541666666662 0.0793888888888889
1 0.44021875 0.33571296296296294 0.020796875000000034 0.040694444444444484
1 0.424875 0.34064814814814814 0.030744791666666653 0.07381481481481485
0 0.4290677083333333 0.5801666666666667 0.009786458333333314 0.01722222222222214