1 0.6042500000000001 0.4587592592592592 0.02770312500000003 0.10924999999999996
1 0.34545312499999997 0.4526296296296296 0.03629687500000003 0.09890740740740746
1 0.48273958333333333 0.4937314814814815 0.037208333333333364 0.09910185185185183
1 0.09830729166666667 0.5524907407407408 0.035697916666666676 0.12104629629629632
1 0.7302135416666666 0.7512685185185185 0.03560937499999994 0.13801851851851846
1 0.6451250000000001 0.8163703703703703 0.036343750000000105 0.14341666666666675
1 0.17521354166666667 0.9613148148148148 0.03292708333333335 0.07736111111111117
1 0.7162031249999999 0.60225 0.027630208333333427 0.128212962962963
1 0.9166354166666667 0.5375555555555555 0.03464062500000011 0.12128703703703704
1 0.5036927083333333 0.37030555555555555 0.0281614583333333 0.09636111111111116
2 0.5059583333333334 0.5344444444444445 0.03566666666666667 0.11712037037037037
1 0.26788020833333337 0.3423425925925926 0.03199479166666667 0.11745370370370373
1 0.6326093749999999 0.3562314814814815 0.024020833333333276 0.0966759259259259
1 0.8181458333333332 0.3715277777777778 0.025213541666666592 0.11261111111111112
0 0.2645572916666667 0.29359259259259257 0.010562500000000015 0.01800000000000005