1 0.538390625 0.8457777777777779 0.03372916666666672 0.09285185185185182
1 0.637015625 0.7864907407407407 0.030218749999999992 0.059648148148148214
1 0.6787864583333333 0.7676481481481481 0.027796874999999943 0.07469444444444451
1 0.011197916666666667 0.45925925925925926 0.022395833333333334 0.06481481481481481
1 0.529546875 0.44762962962962966 0.023843750000000045 0.06879629629629631
1 0.349109375 0.6111666666666666 0.03788541666666667 0.07264814814814818
1 0.37071875 0.7438148148148148 0.03170312499999994 0.0580740740740741
1 0.70090625 0.7341851851851852 0.03454687499999996 0.04536111111111112
0 0.24196874999999998 0.5923148148148148 0.011463541666666662 0.016231481481481458
1 0.70021875 0.2653333333333333 0.017817708333333352 0.043777777777777756
1 0.8784895833333334 0.42497222222222225 0.028145833333333314 0.04014814814814816
1 0.6975781249999999 0.30587962962962967 0.020302083333333342 0.05693518518518519
2 0.61484375 0.21916666666666665 0.020416666666666573 0.04518518518518517
2 0.675640625 0.57325 0.027833333333333363 0.07481481481481478
1 0.3356510416666667 0.6267314814814815 0.029375000000000047 0.03619444444444437