0 0.6267864583333334 0.44442592592592595 0.010036458333333324 0.014898148148148178
1 0.469859375 0.5845 0.02159895833333335 0.08612037037037036
1 0.4099583333333333 0.4191388888888889 0.021859375000000014 0.07299074074074077
1 0.7492239583333333 0.4466203703703704 0.02073958333333342 0.07560185185185188
2 0.11530208333333333 0.5271203703703703 0.01970312499999999 0.1103055555555556
1 0.16495833333333335 0.39399999999999996 0.02397916666666665 0.07323148148148151
1 0.029510416666666664 0.560574074074074 0.021749999999999995 0.093712962962963
1 0.2212447916666667 0.7220462962962962 0.02890625 0.10562037037037031
1 0.481421875 0.43851851851851853 0.025994791666666708 0.0815833333333333
1 0.5615052083333333 0.8945462962962963 0.028291666666666753 0.11717592592592588
1 0.3082864583333333 0.5118611111111111 0.025015624999999986 0.08359259259259257
1 0.789109375 0.6527314814814815 0.026124999999999923 0.09351851851851851
1 0.14326041666666667 0.32306481481481486 0.016531250000000004 0.06599074074074072
1 0.5973697916666667 0.39394444444444443 0.021963541666666704 0.07223148148148148