1 0.7981354166666667 0.3728518518518519 0.021364583333333322 0.06444444444444447
1 0.23823437500000003 0.42283333333333334 0.025114583333333346 0.05228703703703706
1 0.97290625 0.5366018518518518 0.023416666666666686 0.07647222222222215
1 0.919265625 0.703287037037037 0.03583854166666664 0.09048148148148151
1 0.8904375000000001 0.42208333333333337 0.023562499999999886 0.07661111111111112
1 0.24804166666666666 0.5103611111111112 0.020286458333333358 0.07287962962962967
1 0.4394427083333333 0.6301944444444445 0.02628645833333335 0.08745370370370374
1 0.4482916666666667 0.3937407407407407 0.024119791666666637 0.062416666666666634
1 0.36046354166666666 0.4407685185185185 0.023921875000000033 0.05604629629629627
1 0.4459947916666666 0.30825 0.018281249999999954 0.05562037037037042
2 0.3316822916666667 0.2574259259259259 0.02063541666666661 0.05281481481481481
1 0.2785989583333333 0.5602407407407407 0.025869791666666676 0.07474074074074076
1 0.5142239583333333 0.41294444444444445 0.027468750000000004 0.05716666666666668
1 0.9309635416666667 0.4151574074074074 0.02680208333333335 0.07182407407407401
1 0.431515625 0.42894444444444446 0.017817708333333352 0.06024074074074069
1 0.7149739583333333 0.47594444444444445 0.02699479166666663 0.0723981481481482
1 0.5597708333333333 0.4173425925925926 0.014489583333333418 0.06676851851851853
1 0.7056458333333333 0.4319537037037037 0.02720833333333322 0.07144444444444442
1 0.935421875 0.3674351851851852 0.022901041666666563 0.07414814814814819
1 0.4806354166666667 0.3235925925925926 0.014338541666666652 0.06095370370370374
2 0.5799635416666666 0.46861111111111114 0.02692187500000003 0.0699444444444444
0 0.34889583333333335 0.41330555555555554 0.010375000000000039 0.013324074074074061