1 0.34782812500000004 0.4133425925925926 0.029098958333333275 0.08607407407407411
0 0.4387552083333333 0.42771296296296296 0.013552083333333324 0.015074074074074049
2 0.8241666666666667 0.45011111111111113 0.033291666666666705 0.090787037037037
1 0.8353645833333334 0.3565555555555555 0.024807291666666724 0.08340740740740744
1 0.6022968750000001 0.6394351851851852 0.027104166666666648 0.11162962962962958
1 0.45023958333333336 0.5166666666666667 0.02766666666666661 0.10270370370370371
1 0.8466406249999999 0.7654722222222222 0.04697916666666657 0.12531481481481474
1 0.4990104166666667 0.3116111111111111 0.019932291666666657 0.08052777777777781
1 0.7086822916666667 0.3416944444444444 0.025546875000000094 0.07766666666666666
1 0.859359375 0.3923611111111111 0.019723958333333277 0.09031481481481478
1 0.35619791666666667 0.644287037037037 0.029458333333333305 0.11252777777777775
2 0.402265625 0.2514166666666666 0.021526041666666627 0.07094444444444445
1 0.338578125 0.48631481481481487 0.025083333333333378 0.09848148148148145
1 0.356265625 0.9485555555555556 0.03587500000000006 0.10287962962962964
1 0.5997864583333333 0.28021296296296294 0.016895833333333363 0.07735185185185182
1 0.6634427083333333 0.3284166666666667 0.019729166666666725 0.08326851851851848
1 0.8485052083333334 0.27497222222222223 0.02614062500000003 0.06533333333333328