1 0.416421875 0.6783148148148148 0.023276041666666695 0.0816111111111112
1 0.85753125 0.6683333333333333 0.03877604166666657 0.08731481481481478
1 0.6995885416666667 0.3939722222222222 0.020479166666666753 0.072
1 0.2842083333333333 0.4990092592592592 0.021791666666666622 0.07299999999999998
1 0.6022395833333333 0.9314907407407408 0.027833333333333363 0.11425925925925934
1 0.06966145833333333 0.5279074074074074 0.021796875000000004 0.07212962962962971
2 0.21904166666666666 0.4880925925925926 0.021578124999999972 0.07725000000000005
1 0.2213385416666667 0.3163888888888889 0.017083333333333308 0.05707407407407406
1 0.5539947916666667 0.5262037037037036 0.020328125000000103 0.0654074074074075
1 0.515375 0.3082037037037037 0.01651041666666669 0.055750000000000036
1 0.22396875 0.23916666666666667 0.015895833333333324 0.05627777777777775
1 0.63971875 0.41491666666666666 0.01931770833333341 0.07084259259259258
1 0.5085677083333333 0.4239351851851852 0.01900520833333334 0.06561111111111112
0 0.8423697916666666 0.6983611111111111 0.008552083333333372 0.01830555555555554