1 0.9221354166666667 0.6532037037037037 0.026546874999999897 0.07804629629629627
1 0.669484375 0.5607592592592593 0.026369791666666722 0.06790740740740733
1 0.6493072916666667 0.8400555555555556 0.027677083333333265 0.09606481481481481
1 0.5509739583333333 0.4478796296296296 0.01902604166666677 0.05006481481481486
1 0.7119427083333334 0.34405555555555556 0.017473958333333428 0.05577777777777779
1 0.3227604166666667 0.32593518518518516 0.020135416666666708 0.05349074074074072
1 0.3920260416666667 0.5813703703703703 0.02081250000000002 0.07622222222222216
1 0.03526041666666667 0.41927777777777775 0.020234374999999995 0.06879629629629626
1 0.022015625 0.8948611111111111 0.03259375 0.10399999999999994
1 0.05535416666666667 0.5625740740740741 0.020484374999999992 0.07766666666666655
1 0.5577760416666667 0.33443518518518517 0.018296875000000056 0.05175925925925924
1 0.9613333333333334 0.4293518518518518 0.017916666666666713 0.06929629629629633
1 0.533 0.3703796296296296 0.02010416666666668 0.04985185185185188
1 0.290375 0.5033240740740741 0.02325520833333338 0.06348148148148143
1 0.3093125 0.43601851851851847 0.018666666666666623 0.065462962962963
1 0.2899010416666667 0.2778425925925926 0.015296874999999942 0.05187037037037035
1 0.004505208333333333 0.3261759259259259 0.008916666666666666 0.03877777777777777
2 0.004473958333333333 0.28050925925925924 0.008947916666666667 0.047842592592592555
2 0.29653645833333336 0.4570833333333333 0.013895833333333366 0.06485185185185181
0 0.5609791666666666 0.35180555555555554 0.008109375000000085 0.01126851851851848