1 0.7623020833333333 0.6234166666666666 0.031406250000000094 0.06846296296296302
1 0.20978124999999997 0.3728425925925926 0.02484895833333335 0.060518518518518534
1 0.237234375 0.28164814814814815 0.026552083333333344 0.05244444444444443
1 0.34105208333333337 0.28935185185185186 0.02440624999999995 0.05348148148148147
1 0.5495 0.4291296296296296 0.01772395833333344 0.059972222222222205
1 0.33444270833333334 0.4586203703703704 0.026197916666666644 0.06088888888888893
1 0.4443854166666667 0.8289166666666666 0.04122916666666671 0.10244444444444453
2 0.8476510416666667 0.9403518518518519 0.029625000000000058 0.08000925925925934
1 0.37774479166666663 0.5315833333333333 0.025755208333333356 0.06597222222222222
1 0.34078125 0.6171296296296296 0.03317708333333336 0.0783425925925925
1 0.066078125 0.4894722222222222 0.02183854166666667 0.07486111111111107
1 0.7597604166666667 0.5314907407407408 0.024953124999999923 0.06925925925925921
1 0.6276770833333334 0.43297222222222226 0.022390624999999886 0.06394444444444439
1 0.6846718749999999 0.3809537037037037 0.018994791666666563 0.060777777777777764
1 0.093421875 0.4196018518518519 0.02155729166666666 0.06852777777777777
1 0.16953645833333333 0.3659074074074074 0.016749999999999984 0.0635833333333333
1 0.7263958333333334 0.43554629629629626 0.024609375 0.07173148148148151
2 0.184546875 0.1758611111111111 0.017604166666666643 0.04490740740740741
1 0.4906875 0.5801574074074074 0.02243749999999996 0.07218518518518521
1 0.7046875 0.40144444444444444 0.02329687500000001 0.06687962962962965
2 0.45815625 0.45107407407407407 0.020364583333333287 0.07042592592592598
0 0.47176562499999997 0.8530277777777777 0.011817708333333362 0.020287037037037114