1 0.5742395833333334 0.6402777777777777 0.041010416666666556 0.15172222222222234
1 0.822640625 0.5112962962962964 0.046635416666666644 0.14781481481481476
1 0.9316979166666666 0.7350462962962964 0.03617708333333335 0.16346296296296292
1 0.978375 0.660324074074074 0.04010416666666667 0.15724074074074068
1 0.4878958333333333 0.8793425925925926 0.043760416666666656 0.17446296296296304
1 0.6320364583333333 0.38260185185185186 0.04008333333333335 0.12064814814814821
1 0.7006822916666666 0.4745462962962963 0.040156249999999956 0.14167592592592593
2 0.32155729166666663 0.626324074074074 0.03707812500000003 0.14294444444444435
1 0.24777604166666667 0.4320462962962963 0.029916666666666696 0.1271944444444445
1 0.428765625 0.46888888888888886 0.049781249999999964 0.14293518518518525
1 0.228 0.4065462962962963 0.028317708333333337 0.12238888888888884
1 0.46403125 0.3562222222222223 0.03618750000000001 0.11994444444444441
1 0.12883333333333333 0.3851759259259259 0.03354687499999998 0.08975000000000007
1 0.26130729166666666 0.3812962962962963 0.028005208333333354 0.12331481481481477
1 0.22369791666666666 0.9629629629629629 0.03802083333333333 0.07407407407407407
1 0.9888125 0.9401851851851851 0.02237500000000002 0.11962962962962967
1 0.617046875 0.4248148148148148 0.011911458333333276 0.023203703703703654