1 0.6786979166666666 0.5766851851851852 0.03384895833333322 0.07215740740740746
1 0.7724791666666667 0.4908518518518519 0.025161458333333307 0.070962962962963
1 0.4610572916666667 0.6271203703703704 0.02634895833333329 0.09785185185185191
2 0.8198802083333334 0.5594259259259259 0.029526041666666693 0.08911111111111111
1 0.5950677083333333 0.6406481481481481 0.03741145833333329 0.07062037037037035
1 0.6275156249999999 0.7065925925925925 0.03440624999999997 0.10158333333333337
1 0.515484375 0.5485833333333333 0.02939583333333336 0.0882962962962962
1 0.9051510416666667 0.6290555555555556 0.03493749999999996 0.09894444444444435
1 0.16736979166666668 0.4615648148148148 0.03165104166666666 0.08045370370370375
1 0.8838072916666667 0.5442407407407407 0.03152604166666677 0.0841944444444445
1 0.6560989583333333 0.3932777777777778 0.020588541666666772 0.0735
1 0.7375416666666667 0.669175925925926 0.02529166666666664 0.09356481481481477
1 0.7281718749999999 0.3549444444444444 0.02163020833333344 0.06924074074074071
1 0.3750208333333333 0.7494814814814815 0.029145833333333353 0.10510185185185185
1 0.6055104166666666 0.5044351851851852 0.02613020833333337 0.08000000000000003
1 0.3763125 0.6755462962962964 0.023937500000000018 0.0816296296296297
1 0.5738697916666666 0.6013055555555555 0.028677083333333304 0.0798240740740741
2 0.7743072916666667 0.26311111111111113 0.022489583333333247 0.05953703703703702
0 0.574515625 0.6425092592592593 0.009385416666666656 0.01465740740740734