1 0.662484375 0.8078981481481481 0.03792708333333342 0.08562962962962965
1 0.23808333333333334 0.6797962962962962 0.03242708333333333 0.07625925925925917
2 0.42033333333333334 0.4163148148148148 0.018078125000000018 0.06150925925925932
1 0.8720312499999999 0.5605833333333333 0.02488541666666677 0.07195370370370374
1 0.6741666666666667 0.43580555555555556 0.016875000000000046 0.055907407407407406
1 0.4994166666666667 0.45590740740740743 0.021187500000000033 0.05759259259259263
1 0.522046875 0.3085925925925926 0.015593750000000028 0.05226851851851856
1 0.7621041666666667 0.3565462962962963 0.020473958333333306 0.06070370370370376
1 0.22447395833333333 0.35478703703703707 0.017031250000000022 0.055046296296296336
1 0.5627239583333333 0.2754259259259259 0.015364583333333333 0.04776851851851855
1 0.11049479166666668 0.7508333333333334 0.024812499999999994 0.08973148148148155
1 0.176046875 0.4404166666666666 0.019338541666666664 0.04803703703703703
1 0.17614583333333333 0.5303518518518519 0.020979166666666653 0.056962962962962944
1 0.11861979166666667 0.4694907407407408 0.01821875000000001 0.06114814814814817
1 0.19739062500000001 0.27358333333333335 0.019395833333333338 0.045240740740740755
1 0.6825625 0.5560833333333334 0.01942187499999998 0.05925000000000001
1 0.4701458333333333 0.35527777777777775 0.0137083333333333 0.05091666666666667
1 0.20917708333333335 0.23417592592592593 0.01398958333333334 0.0426759259259259
1 0.5512395833333333 0.33802777777777776 0.014322916666666666 0.047018518518518494
1 0.6417552083333333 0.475425925925926 0.01593749999999995 0.05913888888888884
1 0.209765625 0.3556574074074074 0.016421874999999985 0.054518518518518515
0 0.86653125 0.5901944444444445 0.009083333333333362 0.012944444444444462