2 0.5868229166666666 0.5140185185185185 0.0292239583333334 0.09512037037037038
2 0.417828125 0.9017499999999998 0.032546875 0.13078703703703692
1 0.9314270833333332 0.5831666666666667 0.02713020833333341 0.09570370370370361
1 0.36267708333333337 0.5489074074074074 0.025791666666666657 0.09865740740740736
1 0.3341145833333333 0.9541666666666667 0.033854166666666664 0.09166666666666666
1 0.6752447916666667 0.3353703703703704 0.024369791666666647 0.08443518518518513
1 0.08469791666666666 0.5072685185185185 0.03534375000000001 0.0878703703703704
1 0.8236614583333334 0.5533333333333333 0.024031249999999935 0.09077777777777775
1 0.8175520833333334 0.8227314814814815 0.03228645833333322 0.12395370370370361
1 0.709109375 0.5610092592592593 0.029249999999999925 0.09350925925925926
1 0.50678125 0.4090555555555555 0.020223958333333295 0.0809074074074074
1 0.160140625 0.39299074074074075 0.026875000000000013 0.08515740740740743
1 0.8081406250000001 0.30821296296296297 0.026276041666666573 0.07546296296296297
1 0.7601718749999999 0.3378333333333333 0.023406250000000028 0.07809259259259262
1 0.11336979166666666 0.37421296296296297 0.02624999999999999 0.0794259259259259
1 0.6653020833333334 0.7323425925925926 0.025447916666666733 0.06518518518518526
2 0.056609374999999997 0.28073148148148147 0.02014583333333334 0.07596296296296293
1 0.48089062499999996 0.2813425925925926 0.018421874999999942 0.07206481481481486
1 0.9944843750000001 0.4401388888888889 0.011031249999999914 0.09007407407407404
1 0.5020572916666667 0.2798703703703704 0.016739583333333384 0.07184259259259262