1 0.7252031250000001 0.4136388888888889 0.027770833333333418 0.08654629629629632
1 0.7629479166666666 0.5872037037037037 0.045692708333333346 0.10582407407407404
2 0.8125260416666666 0.5412407407407407 0.037020833333333295 0.10003703703703701
1 0.7705885416666667 0.2925 0.03383854166666656 0.06561111111111112
1 0.6033802083333334 0.40619444444444447 0.031333333333333255 0.07964814814814813
1 0.485171875 0.5098518518518519 0.0358125 0.09976851851851852
1 0.06072916666666666 0.44569444444444445 0.029427083333333333 0.07771296296296303
1 0.7912447916666667 0.43824074074074076 0.028697916666666618 0.0804722222222222
1 0.4398229166666667 0.4943611111111111 0.03132291666666672 0.08828703703703701
1 0.43665625 0.5691296296296297 0.03987499999999997 0.10094444444444443
1 0.5930312499999999 0.3639537037037037 0.028468749999999925 0.06559259259259262
1 0.7198020833333333 0.83125 0.04318750000000004 0.115425925925926
1 0.6255989583333333 0.3518888888888889 0.0364166666666667 0.06373148148148151
2 0.7550416666666667 0.22031481481481482 0.025953124999999962 0.06508333333333333
1 0.7118489583333333 0.45039814814814816 0.03060416666666678 0.08649074074074072
1 0.9921875 0.7916666666666666 0.015625 0.12962962962962962
1 0.8809895833333333 0.9495370370370371 0.0390625 0.10092592592592593