0 0.5206875 0.6415740740740741 0.014932291666666705 0.01597222222222222
1 0.8175052083333333 0.6043518518518519 0.032109375000000044 0.0856944444444444
1 0.7213177083333334 0.45567592592592593 0.03152604166666677 0.0676111111111111
1 0.4052239583333333 0.5894537037037038 0.03153124999999998 0.08186111111111119
1 0.09629687499999999 0.476537037037037 0.031234375000000016 0.07840740740740747
1 0.5771614583333334 0.46459259259259256 0.024927083333333398 0.06374999999999997
1 0.4473333333333333 0.5257314814814814 0.03271874999999997 0.07253703703703696
1 0.604296875 0.6606388888888889 0.03206770833333342 0.10222222222222231
1 0.772171875 0.4724351851851852 0.022593750000000058 0.07787962962962959
1 0.7603385416666666 0.5845740740740741 0.026078125000000084 0.08968518518518509
1 0.6590833333333334 0.4424074074074074 0.021484375 0.07627777777777778
2 0.7100624999999999 0.5233981481481481 0.021250000000000095 0.07994444444444437
1 0.6843385416666667 0.3351018518518519 0.018656250000000086 0.06457407407407409
1 0.5423697916666667 0.4609722222222222 0.020656249999999984 0.07519444444444448
1 0.469609375 0.6120555555555556 0.026015625000000025 0.09014814814814806
1 0.5923854166666668 0.5321851851851852 0.02484895833333335 0.08561111111111115
1 0.9200572916666666 0.6199722222222223 0.02678645833333325 0.09396296296296298
1 0.31090104166666666 0.6700092592592592 0.02117187500000005 0.08951851851851858
1 0.588703125 0.39085185185185184 0.020505208333333278 0.07295370370370367
1 0.8930104166666666 0.866287037037037 0.027072916666666676 0.112462962962963
1 0.3161979166666667 0.7388518518518519 0.0301145833333333 0.09978703703703702
2 0.6920625 0.2692037037037037 0.019197916666666735 0.06458333333333334