1 0.705703125 0.8252314814814815 0.03816145833333332 0.08773148148148148
1 0.12528125 0.8488148148148148 0.028651041666666675 0.09330555555555554
1 0.670015625 0.5045925925925926 0.021661458333333408 0.060935185185185134
1 0.6884374999999999 0.5759444444444445 0.029145833333333353 0.06501851851851854
1 0.12075 0.4555740740740741 0.01948958333333334 0.0591481481481482
1 0.36674999999999996 0.46309259259259256 0.023104166666666613 0.05648148148148148
1 0.553 0.3721944444444445 0.017151041666666582 0.0422685185185185
1 0.596359375 0.41927777777777775 0.018942708333333277 0.05016666666666662
1 0.9489270833333333 0.43363888888888885 0.021119791666666762 0.056175925925925886
1 0.9200416666666666 0.6273796296296297 0.02016145833333335 0.06840740740740729
1 0.7295364583333334 0.41264814814814815 0.023999999999999962 0.0603518518518518
1 0.07497395833333333 0.7823796296296297 0.023953125000000006 0.08897222222222215
1 0.28819791666666666 0.3396851851851852 0.012223958333333347 0.04598148148148145
1 0.2647760416666667 0.29083333333333333 0.015567708333333355 0.037833333333333344
1 0.019369791666666667 0.5781111111111111 0.020671875 0.07144444444444452
2 0.43028645833333334 0.4448888888888889 0.019156249999999986 0.05528703703703707
1 0.682421875 0.3147037037037037 0.0155520833333334 0.04642592592592591
1 0.439265625 0.7400277777777778 0.022187499999999954 0.07613888888888891
1 0.05753125 0.44346296296296295 0.01652604166666666 0.0587777777777778
1 0.020307291666666668 0.30710185185185185 0.015765625 0.04617592592592593
1 0.006244791666666667 0.6896851851851852 0.012343749999999999 0.08013888888888884
2 0.009072916666666668 0.2963981481481482 0.013338541666666667 0.04983333333333338