1 0.8335312500000001 0.6044722222222223 0.02042187500000002 0.0724722222222222
1 0.8359270833333333 0.47943518518518513 0.019067708333333398 0.05717592592592593
1 0.37455208333333334 0.379 0.017088541666666637 0.05
1 0.5667135416666667 0.33463888888888893 0.01694791666666665 0.04399074074074073
1 0.28613541666666664 0.3628148148148148 0.01875520833333333 0.05244444444444443
1 0.5109375 0.38360185185185186 0.02286979166666671 0.04407407407407409
1 0.4353385416666667 0.31466666666666665 0.019927083333333328 0.04050000000000001
1 0.45651041666666664 0.29050925925925924 0.012817708333333282 0.04048148148148151
1 0.785515625 0.35394444444444445 0.015015624999999961 0.04877777777777773
1 0.49842708333333335 0.5125462962962962 0.017093749999999967 0.06340740740740743
1 0.6117916666666667 0.7205555555555556 0.0215572916666666 0.0794259259259259
1 0.5275260416666667 0.34369444444444447 0.020406250000000032 0.04392592592592587
1 0.7024062499999999 0.29450925925925925 0.01651562500000002 0.039898148148148176
1 0.6520729166666667 0.5001018518518519 0.016312500000000084 0.0628148148148148
1 0.8405781250000001 0.40066666666666667 0.01925520833333323 0.05975925925925923
1 0.21822395833333333 0.5836018518518519 0.01793229166666664 0.07459259259259254
1 0.3228958333333333 0.29797222222222225 0.012354166666666682 0.04197222222222226
1 0.8189583333333333 0.4457777777777778 0.02329687500000001 0.061453703703703705
2 0.27528125 0.2799537037037037 0.017338541666666648 0.04717592592592597
2 0.5838333333333333 0.39546296296296296 0.017223958333333417 0.05448148148148151
1 0.8348697916666666 0.40670370370370373 0.01931249999999996 0.06109259259259261
1 0.103203125 0.27182407407407405 0.017276041666666676 0.03736111111111113
0 0.339046875 0.31822222222222224 0.009005208333333315 0.01186111111111106
1 0.7071979166666666 0.28093518518518523 0.011619791666666638 0.04574999999999997