1 0.23470312499999998 0.4360833333333334 0.022411458333333318 0.06776851851851858
1 0.2849791666666667 0.3667407407407407 0.021744791666666666 0.05829629629629633
2 0.352375 0.5207314814814815 0.02888020833333336 0.07399074074074082
1 0.18821875 0.44204629629629627 0.021984375000000018 0.06757407407407404
1 0.8444583333333333 0.4713148148148148 0.021083333333333343 0.06903703703703698
1 0.2729427083333333 0.3038888888888889 0.020343749999999973 0.039638888888888946
1 0.6391614583333334 0.44260185185185186 0.02223437500000003 0.06425000000000004
1 0.4236875 0.6727777777777778 0.021791666666666622 0.09320370370370377
1 0.8321458333333334 0.6855555555555556 0.023791666666666583 0.08291666666666662
1 0.5829375 0.28875925925925927 0.01714583333333337 0.053972222222222185
1 0.5900885416666667 0.5484444444444445 0.01931770833333341 0.07175925925925926
1 0.38739583333333333 0.4789629629629629 0.016979166666666618 0.06951851851851851
1 0.6068229166666667 0.616175925925926 0.026421875000000008 0.0794259259259259
2 0.965078125 0.9708888888888888 0.02783854166666657 0.05822222222222232
1 0.16293229166666665 0.5556481481481482 0.019041666666666696 0.07319444444444441
1 0.15928645833333333 0.7507037037037037 0.021578124999999972 0.0838148148148148
1 0.2746927083333333 0.24440740740740738 0.01328125 0.04489814814814816
1 0.6118489583333333 0.5646018518518519 0.018484374999999886 0.055333333333333325
1 0.31693229166666664 0.36135185185185187 0.012494791666666671 0.05828703703703708
2 0.3325260416666667 0.19892592592592592 0.014588541666666661 0.05173148148148148
1 0.16572395833333334 0.7999074074074074 0.031723958333333316 0.09639814814814805
1 0.3371510416666667 0.5934166666666667 0.01768750000000002 0.0691111111111112
1 0.170859375 0.5676944444444445 0.02357812499999999 0.07875925925925921
0 0.8397239583333334 0.5748703703703704 0.01047916666666661 0.017259259259259353
1 0.005057291666666667 0.3965925925925926 0.009984375 0.05528703703703707