1 0.39371875 0.5542592592592592 0.022880208333333367 0.08479629629629623
1 0.18746354166666668 0.5575277777777777 0.021885416666666657 0.08322222222222211
1 0.6621197916666667 0.4121111111111111 0.02176562499999998 0.061749999999999944
1 0.9571614583333333 0.4437870370370371 0.01930729166666675 0.0775555555555556
1 0.7465885416666667 0.5081111111111111 0.021677083333333277 0.08437962962962968
1 0.259703125 0.4834537037037037 0.01960937500000002 0.0801759259259259
1 0.5341875 0.6546018518518518 0.025838541666666673 0.0897407407407408
1 0.48524999999999996 0.369787037037037 0.020036458333333347 0.06276851851851849
1 0.39001562500000003 0.3764166666666666 0.019458333333333282 0.061435185185185204
1 0.6238020833333333 0.368 0.01818229166666659 0.062185185185185156
1 0.17021875 0.7687314814814815 0.027317708333333357 0.09390740740740748
1 0.7439947916666667 0.3399814814814815 0.02248437500000004 0.06635185185185183
1 0.3469947916666667 0.2846666666666667 0.01828645833333328 0.06066666666666665
1 0.21709375 0.5899814814814814 0.022713541666666674 0.08851851851851844
1 0.751703125 0.42327777777777775 0.0176510416666666 0.06550925925925925
1 0.42023958333333333 0.2582685185185185 0.015687499999999945 0.05339814814814814
1 0.8883489583333334 0.8837777777777778 0.029385416666666705 0.10247222222222228
2 0.36992708333333335 0.2411388888888889 0.018984375000000022 0.04899074074074071
1 0.47239583333333335 0.4654722222222222 0.020692708333333344 0.05962962962962961
2 0.47867187499999997 0.5014907407407407 0.026192708333333314 0.07558333333333328
1 0.16058333333333333 0.9578796296296296 0.031255208333333326 0.08424074074074075
0 0.7496145833333333 0.36939814814814814 0.00677604166666678 0.013537037037037042