1 0.6539635416666666 0.32923148148148146 0.031729166666666704 0.04220370370370374
1 0.264 0.7134074074074074 0.03070833333333335 0.11890740740740748
1 0.8579427083333333 0.66525 0.038119791666666694 0.11034259259259266
1 0.18721875 0.7767685185185185 0.040151041666666686 0.11772222222222231
1 0.48372916666666665 0.40278703703703705 0.031437499999999945 0.09304629629629631
1 0.6792708333333334 0.3620555555555555 0.02056770833333322 0.0834351851851852
1 0.762609375 0.32630555555555557 0.024552083333333266 0.07475925925925926
1 0.7053958333333333 0.4176851851851852 0.028994791666666703 0.08836111111111117
1 0.8815885416666667 0.33006481481481487 0.024796875000000065 0.08334259259259258
1 0.20988020833333335 0.6721388888888888 0.02992708333333335 0.10918518518518525
1 0.2979010416666667 0.3910648148148148 0.019375000000000024 0.08888888888888889
1 0.20733333333333331 0.5340833333333332 0.028416666666666698 0.1014629629629629
1 0.46689062499999995 0.5923148148148148 0.02939583333333336 0.10268518518518527
1 0.36511979166666664 0.44425000000000003 0.02433333333333335 0.08810185185185183
2 0.260734375 0.258712962962963 0.01739583333333335 0.0689351851851852
1 0.59396875 0.3285092592592593 0.023249999999999934 0.06657407407407405
2 0.5730833333333333 0.45116666666666666 0.032432291666666654 0.09276851851851857
0 0.5860260416666667 0.3629351851851852 0.008677083333333257 0.01624074074074071