1 0.119890625 0.8534259259259259 0.03099999999999999 0.10862962962962958
2 0.48122395833333337 0.5539814814814814 0.022182291666666624 0.08984259259259257
1 0.24394270833333334 0.5329259259259259 0.02318749999999999 0.0881851851851852
1 0.3818229166666667 0.44333333333333336 0.026411458333333353 0.07491666666666663
1 0.29723958333333333 0.5576759259259259 0.02475520833333332 0.08544444444444442
1 0.9200677083333333 0.5011388888888889 0.021197916666666573 0.0863425925925926
1 0.7007187500000001 0.5449166666666666 0.027744791666666657 0.08174999999999996
1 0.39875 0.5567129629629629 0.020781250000000046 0.0860185185185186
1 0.2156875 0.96825 0.03323437499999997 0.06349999999999993
1 0.421765625 0.2820648148148148 0.019656250000000004 0.05986111111111109
1 0.6226354166666667 0.7516944444444444 0.03069270833333325 0.10568518518518528
1 0.9442604166666667 0.5815648148148148 0.0254635416666666 0.10074999999999995
1 0.3208229166666667 0.41500925925925924 0.01801562499999996 0.07224999999999998
1 0.36518229166666666 0.32357407407407407 0.018598958333333353 0.06703703703703702
1 0.55146875 0.4327870370370371 0.017911458333333265 0.07320370370370376
1 0.6771614583333334 0.5100648148148148 0.021244791666666648 0.0761018518518519
1 0.2040625 0.5958148148148148 0.02756770833333331 0.0702129629629629
1 0.7857135416666666 0.3632314814814815 0.016890624999999916 0.06955555555555556
1 0.19836458333333334 0.631074074074074 0.024208333333333342 0.09729629629629623
2 0.3895572916666667 0.2561018518518518 0.016223958333333382 0.057620370370370384
2 0.7502916666666667 0.3882314814814815 0.007046875000000104 0.014731481481481451