1 0.9718385416666667 0.6207685185185184 0.028427083333333294 0.12783333333333327
2 0.4437552083333333 0.628 0.036411458333333376 0.12140740740740731
1 0.845984375 0.4492129629629629 0.02396354166666678 0.11335185185185187
1 0.09286979166666667 0.6492962962962963 0.047197916666666666 0.1362129629629631
1 0.6006614583333333 0.45334259259259263 0.0340572916666666 0.11188888888888887
1 0.7207291666666666 0.9045648148148148 0.037020833333333295 0.15971296296296297
1 0.7867916666666667 0.6173518518518518 0.03178645833333344 0.12475000000000001
1 0.5394114583333334 0.3848796296296296 0.02994270833333328 0.09232407407407411
1 0.12420833333333332 0.4993333333333333 0.050937500000000004 0.10277777777777777
1 0.28142187500000004 0.49267592592592596 0.023630208333333277 0.0609907407407408
0 0.3472708333333333 0.4517314814814815 0.011489583333333305 0.017694444444444457
1 0.9848333333333333 0.4963333333333333 0.030328125000000008 0.1275277777777778
1 0.8279895833333334 0.4041296296296296 0.025260416666666667 0.10517592592592595
1 0.666234375 0.3612222222222222 0.02517708333333341 0.10579629629629629
1 0.358015625 0.36362037037037037 0.024739583333333332 0.10209259259259258