1 0.8245364583333333 0.5415833333333333 0.03196875000000006 0.0724722222222222
1 0.28822916666666665 0.5501574074074074 0.029489583333333277 0.08995370370370379
1 0.9309166666666666 0.4685185185185185 0.02801041666666677 0.08263888888888889
1 0.688328125 0.6708796296296295 0.034828124999999946 0.09364814814814824
1 0.46636979166666664 0.6029166666666667 0.03716666666666661 0.08749074074074074
1 0.6228854166666667 0.6203703703703703 0.03676041666666663 0.0658425925925925
1 0.3718125 0.5253518518518518 0.02378645833333337 0.08292592592592588
1 0.5131197916666667 0.5261851851851852 0.027119791666666632 0.08076851851851853
1 0.3981822916666667 0.6171388888888889 0.031098958333333353 0.09229629629629635
1 0.8118489583333334 0.40358333333333335 0.020364583333333287 0.06706481481481487
1 0.9158333333333334 0.3947962962962963 0.02170312500000004 0.05946296296296299
1 0.8535572916666666 0.49386111111111114 0.033114583333333295 0.07238888888888895
1 0.9045052083333334 0.36259259259259263 0.027177083333333248 0.06862962962962964
1 0.31544791666666666 0.4512037037037037 0.02123437499999999 0.08046296296296294
1 0.420515625 0.2960833333333333 0.019661458333333333 0.06399074074074075
2 0.432046875 0.21406481481481482 0.020286458333333358 0.05525925925925924
1 0.783328125 0.5282037037037037 0.03184895833333338 0.08697222222222228
1 0.41592187500000005 0.41711111111111115 0.022322916666666616 0.0753425925925926
1 0.37602083333333336 0.32000925925925927 0.017734374999999976 0.06710185185185187
2 0.6200885416666666 0.5783240740740742 0.028812500000000085 0.07774074074074078
1 0.39325520833333333 0.3978055555555556 0.017578125 0.07188888888888888
0 0.8022291666666667 0.4703611111111111 0.015135416666666639 0.018175925925925974
1 0.7899270833333334 0.5212129629629629 0.014927083333333258 0.08375000000000005