1 0.5871979166666667 0.74975 0.04090104166666677 0.1132222222222222
1 0.7465468749999999 0.45082407407407404 0.029338541666666627 0.04024074074074077
1 0.5937239583333334 0.44475000000000003 0.023020833333333237 0.09054629629629632
1 0.04703125 0.5269537037037038 0.033927083333333344 0.096712962962963
1 0.9605677083333333 0.6148518518518519 0.031218750000000028 0.10125925925925916
2 0.19326041666666666 0.17025925925925925 0.023671875000000023 0.06973148148148148
1 0.19902604166666665 0.3256018518518518 0.031192708333333326 0.07324074074074076
1 0.35473958333333333 0.6233055555555556 0.028703124999999947 0.10612037037037028
1 0.24291145833333333 0.25576851851851856 0.024677083333333332 0.06723148148148149
1 0.020046875000000002 0.4343333333333333 0.025328125000000003 0.09882407407407404
1 0.8433802083333333 0.4288703703703704 0.027322916666666686 0.0896481481481482
1 0.029604166666666668 0.30591666666666667 0.026546875 0.0801666666666667
2 0.3654427083333333 0.4526111111111111 0.02915104166666668 0.08980555555555551
1 0.4977916666666667 0.4538981481481481 0.024531249999999952 0.0977592592592593
1 0.009182291666666668 0.4140462962962963 0.018041666666666668 0.09587037037037034
1 0.19434895833333332 0.37494444444444447 0.02085416666666665 0.09037037037037039
1 0.40366145833333333 0.37189814814814814 0.026932291666666684 0.076537037037037
1 0.5087239583333333 0.44679629629629625 0.029984374999999966 0.08330555555555552
0 0.5154270833333333 0.4656574074074074 0.01068749999999999 0.019305555555555576