1 0.60275 0.9141944444444444 0.03454687499999996 0.10549999999999994
1 0.8929947916666666 0.3740462962962963 0.021359375000000114 0.06192592592592592
1 0.619390625 0.6526574074074074 0.024442708333333247 0.09089814814814821
1 0.46888541666666667 0.4913148148148148 0.025005208333333327 0.07285185185185192
1 0.27234375 0.5309444444444444 0.02918749999999998 0.05751851851851842
1 0.7917343750000001 0.861037037037037 0.028171875000000075 0.10683333333333322
1 0.6435572916666668 0.3941851851851852 0.017770833333333277 0.06256481481481475
1 0.8403020833333333 0.5872037037037037 0.02369270833333322 0.08412037037037029
2 0.8810572916666667 0.5711018518518518 0.023776041666666713 0.08011111111111109
1 0.49742187499999996 0.8540648148148148 0.0241822916666667 0.06691666666666665
1 0.8519062500000001 0.5712870370370371 0.018942708333333277 0.0794814814814814
2 0.7339166666666667 0.23852777777777778 0.015968749999999924 0.04925000000000002
1 0.4964166666666667 0.8125833333333333 0.022578124999999952 0.06194444444444453