1 0.48936979166666666 0.6053333333333333 0.02379687500000003 0.08025925925925932
1 0.9627916666666666 0.8789259259259259 0.034499999999999885 0.10575925925925929
1 0.32378124999999996 0.605462962962963 0.032979166666666636 0.07347222222222213
1 0.49477604166666667 0.41964814814814816 0.024692708333333376 0.06999074074074077
1 0.29821875000000003 0.5460462962962963 0.020338541666666644 0.0776018518518518
1 0.883390625 0.4858425925925926 0.02478645833333341 0.0816481481481482
1 0.34245312499999997 0.42185185185185187 0.020656250000000043 0.06953703703703706
1 0.9478020833333333 0.6121203703703704 0.027322916666666686 0.07862037037037045
1 0.6582708333333334 0.5351018518518518 0.01989062500000003 0.07557407407407418
1 0.5541770833333334 0.6220555555555556 0.024161458333333267 0.08638888888888885
1 0.8675937499999999 0.39041666666666663 0.019703124999999964 0.06830555555555554
1 0.9664270833333333 0.57425 0.016692708333333427 0.07820370370370373
2 0.67653125 0.5845185185185185 0.030088541666666656 0.08406481481481479
1 0.635125 0.6671574074074074 0.027260416666666742 0.08954629629629633
1 0.7673906250000001 0.5428240740740741 0.019624999999999913 0.0786666666666667
1 0.6894322916666666 0.2717407407407408 0.02027604166666658 0.05976851851851848
1 0.8509895833333334 0.3862037037037037 0.017473958333333428 0.06435185185185185
1 0.21576041666666665 0.8022592592592593 0.02287499999999998 0.10434259259259264
1 0.4031041666666667 0.6674722222222222 0.03133333333333337 0.08559259259259264
1 0.42172395833333337 0.66775 0.030442708333333356 0.07930555555555564
1 0.9817031249999999 0.9823888888888889 0.02344791666666666 0.03522222222222219
2 0.4073645833333333 0.22410185185185186 0.014953125000000018 0.05618518518518519
0 0.40275 0.6978333333333333 0.009583333333333381 0.016499999999999942