1 0.43813541666666667 0.48300925925925925 0.04434895833333338 0.1235277777777778
1 0.473453125 0.35753703703703704 0.03884895833333329 0.11136111111111109
1 0.8890208333333334 0.4706666666666666 0.0460208333333334 0.1379444444444444
1 0.3531302083333333 0.49312037037037043 0.0281614583333333 0.12495370370370375
1 0.15015104166666668 0.46673148148148147 0.035421875 0.12116666666666667
1 0.511 0.8225277777777779 0.04446354166666673 0.1551111111111111
1 0.6351614583333334 0.37513888888888886 0.03889583333333325 0.11736111111111111
1 0.29532291666666666 0.37483333333333335 0.03667187500000004 0.11137962962962959
1 0.7738020833333333 0.4789629629629629 0.029536458333333352 0.13238888888888892
1 0.38645833333333335 0.9351851851851852 0.040625 0.12962962962962962
1 0.16005729166666666 0.33040740740740737 0.025119791666666676 0.11286111111111109
1 0.6226666666666667 0.5916388888888889 0.02879166666666677 0.13911111111111113
2 0.371171875 0.5776203703703704 0.027473958333333333 0.13675000000000004