1 0.9397239583333333 0.7324722222222223 0.027890625000000096 0.08712037037037029
0 0.6591041666666667 0.4077037037037037 0.012395833333333429 0.009962962962962955
2 0.467953125 0.46612962962962967 0.020031250000000018 0.06601851851851853
1 0.24466145833333333 0.7804722222222222 0.024692708333333317 0.08768518518518523
1 0.26434895833333333 0.472537037037037 0.020791666666666646 0.06501851851851849
1 0.6333541666666667 0.3690185185185185 0.021718749999999905 0.04894444444444446
1 0.9409114583333333 0.4873796296296296 0.02410416666666677 0.07592592592592592
1 0.44535416666666666 0.6412314814814815 0.029265625000000028 0.07712037037037034
1 0.18170833333333333 0.5515740740740741 0.02329166666666668 0.08074074074074078
1 0.68159375 0.48875 0.021119791666666762 0.07223148148148148
1 0.14846875 0.695037037037037 0.025880208333333304 0.08722222222222227
1 0.34969791666666666 0.4951018518518519 0.019505208333333357 0.06705555555555558
1 0.26194791666666667 0.36791666666666667 0.01693750000000002 0.056879629629629586
1 0.5641302083333334 0.4204351851851852 0.01891666666666675 0.06438888888888886
1 0.6306145833333333 0.4169351851851852 0.01964583333333323 0.06140740740740745
1 0.6038697916666667 0.9473240740740739 0.031197916666666714 0.10087037037037032
1 0.232421875 0.44000925925925927 0.014453125 0.06620370370370371
1 0.28089583333333334 0.3365 0.016067708333333285 0.04616666666666668
1 0.19513020833333333 0.5097037037037038 0.01657812500000002 0.07187962962962968
1 0.5620104166666666 0.3761759259259259 0.014401041666666715 0.05721296296296293
2 0.27190624999999996 0.3101666666666667 0.011265625000000027 0.047675925925925934
1 0.59609375 0.54 0.017380208333333275 0.0731574074074074