1 0.4751197916666667 0.4444814814814815 0.024786458333333292 0.05572222222222217
1 0.6817760416666666 0.46625000000000005 0.019010416666666665 0.059074074074074084
1 0.24751562500000002 0.42359259259259263 0.01989062500000003 0.04323148148148153
1 0.6825520833333333 0.6272314814814814 0.029109374999999934 0.08275000000000012
1 0.26628124999999997 0.5509814814814814 0.02385416666666664 0.07480555555555553
0 0.5751875 0.35238888888888886 0.012161458333333286 0.012749999999999984
1 0.22123437499999998 0.33135185185185184 0.01789583333333334 0.047537037037037065
1 0.5601458333333333 0.7375648148148148 0.027494791666666647 0.06594444444444447
1 0.5204114583333334 0.35405555555555557 0.018088541666666676 0.054537037037037016
1 0.012166666666666666 0.42477777777777775 0.02253645833333334 0.06700000000000002
2 0.35684375 0.4218240740740741 0.01555729166666661 0.05498148148148148
1 0.6092552083333334 0.3594351851851852 0.016854166666666733 0.04802777777777778
1 0.40011458333333333 0.32864814814814813 0.015182291666666714 0.0441481481481481
1 0.6230625 0.41687962962962966 0.02205729166666662 0.05021296296296298
1 0.389890625 0.34794444444444445 0.01672395833333328 0.04585185185185184
1 0.3034166666666666 0.32791666666666663 0.014781250000000056 0.049055555555555574
1 0.18569270833333332 0.3137962962962963 0.014614583333333304 0.040749999999999995
1 0.284671875 0.37075 0.015281249999999958 0.05139814814814814
1 0.4012395833333333 0.34153703703703703 0.014328124999999995 0.03327777777777783
1 0.35215625 0.39514814814814814 0.021182291666666703 0.056861111111111085
1 0.010776041666666668 0.35480555555555554 0.017901041666666666 0.04175000000000003
2 0.0068020833333333345 0.30887037037037035 0.013598958333333333 0.056796296296296324