1 0.24629166666666666 0.34013888888888894 0.017166666666666684 0.05662037037037035
1 0.7620416666666666 0.4908796296296296 0.020515624999999933 0.06344444444444443
1 0.9239479166666666 0.7220648148148149 0.02425520833333342 0.08752777777777775
1 0.27359374999999997 0.5452222222222223 0.029791666666666692 0.07075925925925933
1 0.5412135416666667 0.49287962962962956 0.025666666666666713 0.0683796296296296
1 0.38642187499999997 0.3686666666666667 0.015921874999999967 0.050046296296296255
1 0.4095260416666667 0.4646666666666666 0.023744791666666622 0.06262037037037037
1 0.7288333333333333 0.4645740740740741 0.02013541666666659 0.05579629629629629
1 0.7424166666666667 0.33881481481481485 0.016666666666666666 0.05178703703703699
1 0.191671875 0.475425925925926 0.01963541666666669 0.07122222222222224
1 0.22647395833333334 0.47923148148148154 0.022921874999999994 0.06983333333333334
1 0.5707395833333333 0.3356759259259259 0.014656249999999933 0.05115740740740741
1 0.5446093750000001 0.2576574074074074 0.013421874999999991 0.051453703703703724
1 0.6330052083333333 0.6158425925925926 0.021182291666666703 0.08124074074074075
1 0.26170312500000004 0.7976018518518518 0.026583333333333313 0.09181481481481489
1 0.27440625 0.30225 0.015380208333333319 0.052342592592592566
1 0.6232916666666667 0.448787037037037 0.02184375000000003 0.06133333333333329
1 0.44502083333333337 0.8953703703703704 0.029416666666666678 0.10159259259259262
1 0.23083333333333333 0.2625 0.01615624999999999 0.054537037037037016
2 0.37281770833333333 0.45074999999999993 0.02102604166666661 0.06708333333333333
1 0.24736979166666667 0.23489814814814813 0.016114583333333363 0.048305555555555546
2 0.24649479166666666 0.21078703703703705 0.00986979166666669 0.048425925925925935
0 0.7359895833333333 0.5315555555555556 0.007500000000000047 0.013222222222222198