2 0.910203125 0.8726851851851852 0.034031250000000075 0.09113888888888895
1 0.5350520833333333 0.7315092592592592 0.024359374999999992 0.07971296296296289
1 0.7689583333333334 0.5682314814814815 0.022421875000000095 0.06781481481481483
1 0.7343125 0.844037037037037 0.030364583333333427 0.08650925925925931
1 0.76690625 0.772361111111111 0.022885416666666696 0.09168518518518518
1 0.434140625 0.5481666666666667 0.02183333333333337 0.06153703703703707
1 0.643609375 0.5038518518518518 0.01756770833333334 0.06164814814814813
1 0.1259947916666667 0.5197592592592593 0.022333333333333347 0.06837037037037029
1 0.12916145833333334 0.6992685185185186 0.026369791666666663 0.09005555555555554
2 0.5197916666666667 0.5164444444444445 0.01994791666666664 0.06550925925925925
1 0.4571145833333333 0.6015648148148148 0.02627083333333336 0.06576851851851849
1 0.70259375 0.4366666666666667 0.017390624999999934 0.06569444444444449
1 0.6624895833333333 0.34912037037037036 0.01662500000000004 0.05025925925925923
1 0.17501041666666667 0.5025740740740741 0.016645833333333353 0.0646574074074074
1 0.767859375 0.5275555555555556 0.01512499999999998 0.04925000000000005
1 0.6462864583333333 0.3251481481481482 0.014151041666666704 0.05038888888888885
1 0.563125 0.43266666666666664 0.01785416666666677 0.06258333333333337
1 0.47105729166666666 0.7237685185185185 0.02560416666666671 0.07256481481481493
1 0.45214583333333336 0.3247777777777778 0.013250000000000029 0.05194444444444447
1 0.29336979166666666 0.33164814814814814 0.015494791666666667 0.053851851851851824
1 0.48395312500000004 0.26128703703703704 0.014140625000000047 0.047527777777777815
2 0.25717708333333333 0.20963888888888887 0.012796875000000025 0.04675000000000001
1 0.454484375 0.7363425925925926 0.025989583333333382 0.07483333333333328