1 0.5228072916666666 0.7279722222222222 0.03822916666666672 0.09837037037037037
1 0.29074479166666667 0.9326111111111112 0.05096354166666665 0.10901851851851842
1 0.8876979166666668 0.3671481481481481 0.035947916666666656 0.07121296296296294
1 0.7126770833333332 0.8526666666666667 0.03782812500000006 0.09105555555555547
1 0.45410416666666664 0.527787037037037 0.023833333333333328 0.07660185185185187
1 0.20441145833333335 0.3748518518518518 0.022098958333333307 0.07032407407407412
1 0.5007864583333334 0.3613611111111111 0.0234739583333333 0.08298148148148149
1 0.7188854166666666 0.7978703703703705 0.03685937499999999 0.08089814814814805
1 0.5686197916666667 0.6261759259259259 0.02316145833333323 0.08781481481481473
1 0.22589062499999998 0.588962962962963 0.02905208333333332 0.08448148148148149
1 0.26582812499999997 0.6877777777777777 0.022994791666666684 0.0933888888888888
1 0.53359375 0.40741666666666665 0.017562499999999957 0.07086111111111108
2 0.35571875000000003 0.5380277777777778 0.023057291666666656 0.08354629629629631
1 0.640078125 0.49587037037037035 0.02769270833333337 0.08496296296296295
1 0.7474114583333333 0.5939537037037037 0.024343749999999886 0.07876851851851846
1 0.6574739583333333 0.49892592592592594 0.015526041666666638 0.08824999999999995
0 0.699109375 0.8750277777777777 0.010859374999999952 0.021296296296296296