1 0.4015052083333333 0.32971296296296293 0.032770833333333374 0.06490740740740743
1 0.47533854166666667 0.31230555555555556 0.032260416666666694 0.06438888888888886
1 0.9220260416666667 0.3608148148148148 0.02971874999999997 0.06968518518518518
1 0.8977604166666667 0.5475277777777778 0.03127083333333332 0.08418518518518525
1 0.22046354166666668 0.3979814814814815 0.024520833333333356 0.07190740740740738
1 0.7301249999999999 0.5208518518518518 0.028854166666666715 0.07573148148148144
1 0.6042343750000001 0.546537037037037 0.027000000000000076 0.08525925925925919
1 0.7513020833333334 0.6191388888888889 0.034062500000000044 0.09291666666666658
1 0.5101927083333334 0.60025 0.03518749999999997 0.08141666666666672
1 0.01225 0.5584629629629629 0.0245 0.0926851851851851
2 0.5333749999999999 0.498212962962963 0.02592187499999999 0.0776666666666666
1 0.8359062500000001 0.4246388888888889 0.020010416666666704 0.08011111111111109
1 0.9018958333333333 0.48095370370370366 0.029859374999999962 0.08075000000000003
1 0.9911458333333333 0.6699074074074074 0.017708333333333333 0.10462962962962963
1 0.195859375 0.6988333333333333 0.03136458333333335 0.09908333333333333
2 0.20098958333333333 0.21949074074074076 0.022416666666666647 0.053842592592592574
1 0.15812500000000002 0.5328796296296296 0.022463541666666663 0.0819166666666667
1 0.29428125 0.4245185185185185 0.018875000000000006 0.03723148148148152
0 0.7375 0.6576759259259259 0.008906249999999952 0.019648148148148175