1 0.6260520833333333 0.6332407407407408 0.02410416666666677 0.09399999999999999
1 0.6363802083333333 0.8667592592592592 0.03646354166666678 0.11201851851851853
1 0.44324479166666664 0.49932407407407403 0.03001041666666661 0.0746018518518518
1 0.7063958333333333 0.5493796296296297 0.02126562499999996 0.07319444444444441
1 0.57415625 0.3710648148148148 0.018536458333333408 0.06288888888888886
1 0.5549999999999999 0.27619444444444446 0.020255208333333267 0.06126851851851848
1 0.7268541666666667 0.43752777777777774 0.02120312500000002 0.05278703703703703
1 0.46499999999999997 0.5731759259259259 0.023395833333333373 0.08325925925925932
1 0.9520364583333334 0.5064814814814815 0.022458333333333278 0.08331481481481483
1 0.26109375 0.8553425925925926 0.032437500000000015 0.11963888888888892
1 0.7769375000000001 0.4645185185185185 0.022515625000000008 0.0753240740740741
1 0.936640625 0.32073148148148145 0.022427083333333306 0.05611111111111113
2 0.9912864583333333 0.5914259259259259 0.017427083333333353 0.09506481481481488