1 0.27028645833333337 0.46725925925925926 0.017286458333333362 0.06720370370370368
1 0.24450520833333333 0.4788425925925926 0.019046875000000026 0.06795370370370374
1 0.814171875 0.6826574074074074 0.02354687500000002 0.08354629629629631
1 0.5477135416666666 0.8815185185185185 0.031312499999999945 0.09979629629629627
1 0.19519270833333333 0.5867962962962963 0.02159895833333335 0.0786481481481482
1 0.24138020833333332 0.5709074074074074 0.021249999999999977 0.07409259259259257
1 0.43438020833333335 0.33543518518518517 0.021546874999999945 0.05538888888888893
1 0.8735208333333334 0.4795925925925926 0.019869791666666713 0.07554629629629628
1 0.396890625 0.615 0.01909375000000004 0.07702777777777783
1 0.5456510416666667 0.3471388888888889 0.017593750000000106 0.05416666666666667
1 0.317375 0.31619444444444444 0.014651041666666724 0.05725925925925929
1 0.6306302083333333 0.3481759259259259 0.017703124999999886 0.059722222222222225
1 0.48553645833333337 0.3701851851851852 0.0167604166666667 0.058370370370370336
1 0.63928125 0.4336111111111111 0.017989583333333316 0.06626851851851856
1 0.3544114583333334 0.4652777777777778 0.01711979166666661 0.06869444444444449
1 0.244625 0.6543611111111112 0.022244791666666687 0.07582407407407417
1 0.60859375 0.3669259259259259 0.01732812499999999 0.057694444444444395
1 0.32646354166666663 0.6758425925925926 0.023562500000000004 0.08429629629629626
2 0.49793229166666664 0.40267592592592594 0.018406249999999957 0.06000925925925921
1 0.2629895833333333 0.3969166666666667 0.01664583333333332 0.059898148148148096
1 0.5992916666666667 0.4902222222222223 0.013791666666666676 0.06899074074074073
2 0.29830208333333336 0.2917222222222222 0.012817708333333282 0.0539907407407408