1 0.5081927083333333 0.59175 0.030442708333333356 0.07723148148148155
1 0.3981302083333333 0.4863981481481481 0.023026041666666684 0.06662037037037041
1 0.16483333333333333 0.5734814814814815 0.029348958333333345 0.07847222222222222
1 0.23253645833333333 0.4460092592592593 0.01920833333333333 0.06783333333333338
0 0.9030416666666666 0.45146296296296295 0.009328124999999925 0.012055555555555538
1 0.9589010416666667 0.41762962962962963 0.024260416666666628 0.06306481481481482
1 0.7875677083333333 0.5055555555555555 0.03043229166666658 0.0732222222222222
1 0.36102604166666663 0.3653518518518518 0.02236458333333336 0.0562314814814815
1 0.8590885416666667 0.568962962962963 0.03709895833333334 0.08050000000000004
1 0.5706510416666667 0.7777314814814815 0.02667187500000002 0.09588888888888884
1 0.3708385416666667 0.6876203703703704 0.028703124999999947 0.08871296296296291
1 0.35266145833333334 0.49957407407407406 0.02655729166666667 0.0720648148148148
1 0.374046875 0.40167592592592594 0.02020833333333331 0.0654074074074074
2 0.9828489583333333 0.956824074074074 0.0343020833333334 0.08635185185185194
2 0.368578125 0.5618055555555556 0.01996874999999996 0.08438888888888899