1 0.8915677083333333 0.6631388888888889 0.03125 0.08882407407407414
1 0.2559270833333333 0.4766111111111111 0.038515625000000026 0.07993518518518516
1 0.6869062499999999 0.5496111111111112 0.04091145833333343 0.07685185185185185
1 0.8162916666666666 0.4714351851851852 0.028166666666666628 0.06709259259259262
1 0.5429166666666667 0.3657962962962963 0.02244270833333335 0.046851851851851874
1 0.61765625 0.4661851851851852 0.028484375000000027 0.07457407407407404
1 0.0390625 0.3010277777777778 0.03019791666666666 0.05734259259259255
0 0.6406510416666666 0.3783148148148148 0.010281249999999886 0.01125925925925923
1 0.301921875 0.4072037037037037 0.027822916666666704 0.07076851851851858
1 0.7781822916666666 0.3982037037037037 0.024781249999999963 0.07541666666666672
2 0.4639166666666667 0.3966111111111111 0.022598958333333384 0.07158333333333339
1 0.671984375 0.37066666666666664 0.022421875000000095 0.06372222222222226
1 0.6459270833333334 0.3168796296296296 0.028385416666666666 0.06523148148148153
1 0.700546875 0.3857407407407408 0.028156249999999973 0.07437037037037031
1 0.6066458333333333 0.35056481481481483 0.020119791666666723 0.06646296296296293
1 0.028822916666666667 0.4258796296296296 0.023328124999999995 0.0819907407407407
1 0.05755208333333333 0.9824074074074074 0.033854166666666664 0.03518518518518519