1 0.29020833333333335 0.5745833333333333 0.025239583333333353 0.08485185185185194
1 0.712359375 0.5952407407407407 0.02514062499999999 0.08251851851851863
1 0.9327291666666666 0.5802037037037037 0.023348958333333295 0.07809259259259252
1 0.026421874999999997 0.6895925925925925 0.032609375 0.09731481481481473
1 0.6515677083333333 0.3773518518518519 0.027250000000000087 0.06984259259259254
2 0.491078125 0.44130555555555556 0.02670833333333332 0.06762037037037034
1 0.4862239583333333 0.37330555555555556 0.017515625000000055 0.058499999999999955
1 0.930109375 0.3613888888888889 0.033854166666666664 0.07066666666666671
1 0.8181822916666667 0.4335462962962963 0.026953125 0.06691666666666665
1 0.8625468749999999 0.9269907407407407 0.03714583333333342 0.11630555555555547
1 0.3801770833333334 0.38489814814814816 0.01898958333333335 0.06460185185185184
1 0.025515625000000004 0.41233333333333333 0.023406250000000003 0.03885185185185189
1 0.6420260416666667 0.3058888888888889 0.018755208333333447 0.06048148148148142
1 0.576125 0.31989814814814815 0.022265625 0.05620370370370375
1 0.029239583333333333 0.5038425925925926 0.02417708333333333 0.08094444444444446
1 0.20301041666666667 0.31575925925925924 0.028515625 0.06256481481481475
1 0.057859375000000005 0.4328240740740741 0.02088541666666667 0.06645370370370368
1 0.11741145833333334 0.7594351851851853 0.023520833333333317 0.09723148148148147
1 0.11616145833333333 0.6207870370370371 0.026104166666666668 0.09016666666666677
2 0.031322916666666666 0.2699537037037037 0.01877083333333333 0.05702777777777781
1 0.22480208333333335 0.31487037037037036 0.023468749999999972 0.04493518518518516