1 0.8808281250000001 0.5515648148148149 0.0362552083333334 0.09395370370370373
1 0.15892708333333333 0.730962962962963 0.03301562499999999 0.12169444444444451
1 0.6749010416666666 0.4566851851851852 0.024598958333333344 0.05740740740740741
0 0.7749166666666666 0.4352962962962963 0.012854166666666582 0.016666666666666666
1 0.8917604166666667 0.46496296296296297 0.023531249999999913 0.08873148148148152
1 0.19707291666666665 0.7048425925925926 0.03141666666666669 0.11299999999999996
1 0.9203333333333333 0.6348333333333334 0.029890624999999935 0.06659259259259266
1 0.604328125 0.4058148148148148 0.02716145833333338 0.0918703703703704
2 0.7443229166666666 0.6273148148148148 0.029734375000000077 0.11307407407407398
1 0.5710729166666667 0.6043425925925926 0.029026041666666676 0.100324074074074
1 0.2822760416666667 0.6285740740740741 0.031557291666666654 0.11673148148148142
1 0.7623125000000001 0.382212962962963 0.02321874999999996 0.086
1 0.48560416666666667 0.5382685185185185 0.03132812500000005 0.10410185185185192
1 0.8755833333333333 0.7354537037037037 0.027536458333333277 0.11734259259259261
1 0.40588541666666667 0.49486111111111114 0.03671875 0.09268518518518515
1 0.2326302083333333 0.7205925925925926 0.03447395833333336 0.11606481481481473
1 0.5421458333333333 0.73075 0.03217708333333338 0.12176851851851851
2 0.6536041666666667 0.2632222222222222 0.02833333333333338 0.07186111111111113
1 0.354015625 0.5453240740740741 0.03053645833333339 0.1033055555555555
1 0.6751770833333333 0.42956481481481484 0.02513541666666678 0.07001851851851852
1 0.9187760416666666 0.6033796296296297 0.027953125000000037 0.08538888888888892