1 0.89346875 0.6608240740740742 0.03467187500000009 0.09058333333333327
1 0.6011770833333333 0.3297777777777778 0.022072916666666723 0.06696296296296302
1 0.08910416666666668 0.5308981481481482 0.027114583333333334 0.08998148148148154
1 0.38769270833333336 0.3689074074074074 0.01846875000000002 0.06348148148148154
1 0.5712760416666666 0.8779444444444444 0.02560416666666659 0.11003703703703696
1 0.8195885416666666 0.44354629629629627 0.035635416666666704 0.07495370370370374
1 0.5198489583333333 0.43004629629629626 0.019369791666666695 0.0728518518518518
1 0.113140625 0.29667592592592595 0.016374999999999997 0.059546296296296354
1 0.456625 0.4846851851851852 0.018692708333333384 0.07506481481481475
1 0.352828125 0.7111574074074074 0.023822916666666673 0.09305555555555556
1 0.5864010416666667 0.5860925925925926 0.016249999999999907 0.08498148148148145
2 0.21780729166666665 0.49410185185185185 0.018656250000000027 0.07918518518518516
1 0.21540625 0.3632592592592592 0.015468750000000024 0.0669444444444444
0 0.8032708333333333 0.4680185185185185 0.006598958333333372 0.012629629629629617