1 0.12057031250000001 0.6693749999999999 0.04053906249999999 0.09433333333333328
1 0.9086796874999999 0.34505555555555556 0.021023437499999888 0.07840277777777781
1 0.3586796875 0.3096666666666667 0.030179687499999996 0.07855555555555556
1 0.7321953125 0.49988888888888894 0.02996093749999993 0.09268055555555559
1 0.8134296875 0.3027361111111111 0.02129687500000017 0.07572222222222219
2 0.622609375 0.12908333333333333 0.017148437500000037 0.051972222222222246
1 0.586328125 0.3580277777777777 0.02746093750000007 0.07101388888888888
1 0.782265625 0.5179722222222222 0.0255859375 0.09459722222222224
1 0.43763281249999997 0.6548194444444445 0.04146093749999995 0.1157361111111111
1 0.6411328125 0.19375 0.02184375000000003 0.06530555555555555
2 0.10218750000000001 0.208 0.01664062500000001 0.06770833333333333