1 0.9813124999999999 0.5338888888888889 0.028828125000000072 0.09205555555555552
1 0.3569453125 0.6854444444444444 0.032187500000000036 0.11087499999999997
1 0.6259765625 0.3815416666666666 0.028999999999999915 0.07213888888888885
1 0.71428125 0.2084027777777778 0.027179687499999973 0.060555555555555585
1 0.8934921875 0.5116805555555556 0.02733593749999983 0.09077777777777779
1 0.6186875 0.5975833333333334 0.02860156249999992 0.1090138888888889
1 0.4311015625 0.39033333333333337 0.03167968749999996 0.08018055555555557
2 0.6993125 0.17222222222222222 0.023046875 0.049416666666666643
1 0.0890078125 0.43036111111111114 0.039531250000000004 0.08698611111111111
0 0.11111718749999999 0.4651666666666667 0.007679687499999988 0.016125000000000018
2 0.2839921875 0.23495833333333332 0.015281249999999958 0.06404166666666669