1 0.1378984375 0.45313888888888887 0.028054687499999974 0.09036111111111103
1 0.7782890625000001 0.386375 0.01986718750000005 0.07316666666666663
1 0.4269765625 0.3485 0.025453124999999945 0.06019444444444441
1 0.68996875 0.3905833333333334 0.027304687500000036 0.07711111111111109
1 0.0660078125 0.7360555555555556 0.028984374999999996 0.11501388888888882
1 0.3671796875 0.5445694444444444 0.02732031250000002 0.09911111111111114
1 0.9279609375 0.7155277777777778 0.030367187499999913 0.11969444444444453
1 0.771484375 0.5443194444444445 0.030648437500000014 0.08999999999999994
1 0.3778125 0.2741388888888889 0.020414062499999996 0.05309722222222225
1 0.6998125 0.5400555555555555 0.02190624999999997 0.08970833333333338
2 0.41039062499999995 0.23465277777777777 0.019164062499999978 0.05494444444444445
0 0.40676562499999996 0.29838888888888887 0.007445312499999979 0.013930555555555517