1 0.09865624999999999 0.43437037037037035 0.02169791666666668 0.03364814814814818
1 0.228328125 0.49599999999999994 0.01900520833333334 0.0808518518518518
1 0.22431770833333334 0.5338425925925926 0.022744791666666646 0.07669444444444437
1 0.28265625 0.41991666666666666 0.016427083333333314 0.05799074074074074
1 0.30270833333333336 0.40280555555555553 0.014817708333333356 0.06178703703703706
1 0.30832291666666667 0.45082407407407404 0.016421874999999985 0.07226851851851848
1 0.35885416666666664 0.4524444444444444 0.022296874999999973 0.06599074074074072
1 0.4090625 0.44683333333333336 0.0168333333333333 0.06808333333333336
1 0.42061458333333335 0.3931944444444444 0.014265625000000053 0.059685185185185216
1 0.43911458333333336 0.49856481481481485 0.01918229166666663 0.0650648148148148
1 0.5278229166666667 0.5007499999999999 0.017989583333333375 0.07895370370370369
1 0.5213541666666667 0.41820370370370374 0.018953125000000053 0.058370370370370336
1 0.479109375 0.3740833333333333 0.013614583333333385 0.05377777777777781
1 0.5010885416666667 0.35876851851851854 0.01157812500000001 0.055481481481481444
2 0.48846875 0.3200648148148148 0.012010416666666638 0.04462037037037032
2 0.5387500000000001 0.4722222222222222 0.015239583333333388 0.07512962962962967
1 0.5665520833333333 0.4279074074074074 0.019515624999999894 0.06636111111111108
1 0.5663385416666666 0.36095370370370367 0.014807291666666582 0.05414814814814817
1 0.6708229166666667 0.4792592592592593 0.024843749999999904 0.07019444444444439
1 0.6990572916666667 0.3723703703703704 0.012859375000000029 0.06176851851851855
1 0.77434375 0.3778888888888889 0.017979166666666657 0.05377777777777781
1 0.7656302083333333 0.5011296296296297 0.025145833333333437 0.07971296296296294
1 0.9254791666666667 0.4659259259259259 0.018645833333333427 0.07584259259259256