1 0.144890625 0.5260648148148148 0.019270833333333334 0.06830555555555554
1 0.21575 0.4253240740740741 0.016020833333333328 0.049472222222222174
1 0.26760416666666664 0.7468055555555555 0.022630208333333356 0.08944444444444435
1 0.403484375 0.395537037037037 0.014302083333333352 0.05496296296296298
2 0.44049479166666666 0.3333425925925926 0.012328125000000039 0.04316666666666667
1 0.523734375 0.4342037037037037 0.016958333333333304 0.049731481481481515
1 0.5603958333333333 0.507537037037037 0.015682291666666733 0.061287037037037084
1 0.5729947916666667 0.504787037037037 0.0141354166666666 0.06077777777777787
1 0.58340625 0.428324074074074 0.012442708333333267 0.04547222222222223
1 0.5820260416666667 0.4090555555555555 0.01182812500000002 0.04195370370370365
1 0.6240260416666668 0.48436111111111113 0.015390625000000095 0.060694444444444405
1 0.6353177083333333 0.46853703703703703 0.01683854166666663 0.060685185185185155
1 0.6740208333333333 0.46775 0.018609375000000008 0.05910185185185189
1 0.6915364583333333 0.38160185185185186 0.013822916666666648 0.043027777777777804
2 0.7109479166666667 0.4343240740740741 0.01682291666666676 0.05156481481481476
1 0.7231822916666667 0.4726944444444444 0.019046875000000085 0.05712037037037042
1 0.793640625 0.613037037037037 0.02848958333333324 0.08350925925925931
1 0.7564895833333334 0.4291759259259259 0.015593750000000028 0.05710185185185181
1 0.7868020833333333 0.39317592592592593 0.012807291666666743 0.040462962962963006
1 0.815828125 0.45251851851851854 0.019697916666666752 0.05632407407407406
1 0.8235052083333334 0.40208333333333335 0.01502604166666662 0.04640740740740741
0 0.5841562499999999 0.5306574074074074 0.007958333333333437 0.01486111111111107