1 0.09809895833333333 0.40837962962962965 0.016697916666666666 0.06562037037037037
1 0.24065104166666668 0.47449074074074077 0.020286458333333358 0.07378703703703708
1 0.24943229166666667 0.4315925925925926 0.01619270833333335 0.06712962962962964
1 0.26350520833333335 0.4508518518518519 0.02268750000000003 0.07141666666666666
1 0.28846875 0.3982222222222222 0.016067708333333285 0.0688240740740741
1 0.3414010416666667 0.4261388888888889 0.025682291666666638 0.06263888888888887
1 0.37803125000000004 0.3879537037037037 0.015932291666666622 0.06539814814814815
1 0.4580885416666666 0.3551111111111111 0.018442708333333377 0.05746296296296291
2 0.47342708333333333 0.3097592592592593 0.01182291666666669 0.04375
1 0.48497395833333334 0.3279351851851852 0.010859374999999952 0.04162037037037041
1 0.4893072916666667 0.3532962962962963 0.014708333333333339 0.04740740740740745
1 0.5060260416666666 0.381 0.021682291666666725 0.062185185185185156
2 0.5096979166666666 0.41833333333333333 0.018192708333333366 0.06626851851851856
1 0.5137239583333334 0.4966388888888889 0.022645833333333344 0.07743518518518513
1 0.5306875000000001 0.3717962962962963 0.015666666666666686 0.05662037037037035
1 0.5173333333333333 0.3229166666666667 0.015427083333333277 0.04653703703703703
1 0.537125 0.3480462962962963 0.01530208333333339 0.03905555555555551
1 0.5687031250000001 0.3533981481481482 0.019510416666666686 0.05403703703703705
0 0.5661770833333333 0.37424999999999997 0.007239583333333381 0.01233333333333338
1 0.6961302083333333 0.3496388888888889 0.014500000000000075 0.05507407407407409
1 0.708703125 0.4092222222222222 0.019192708333333287 0.06944444444444445
1 0.7365520833333333 0.41585185185185186 0.018343749999999895 0.06131481481481484
1 0.763015625 0.34312037037037035 0.013526041666666563 0.05272222222222217
1 0.8764583333333333 0.4060185185185185 0.016635416666666694 0.0673055555555556