1 0.014984375 0.5324537037037037 0.017020833333333332 0.0760833333333334
1 0.20377604166666666 0.428462962962963 0.013192708333333355 0.055750000000000036
1 0.15888020833333333 0.7359351851851851 0.02755208333333332 0.09771296296296293
1 0.3416197916666667 0.5269444444444444 0.02006770833333332 0.075074074074074
1 0.35696354166666666 0.3934259259259259 0.014151041666666704 0.055731481481481535
1 0.428875 0.39867592592592593 0.014421875000000028 0.05123148148148152
1 0.461453125 0.42921296296296296 0.013432291666666648 0.052249999999999956
1 0.48833333333333334 0.5115555555555555 0.0137083333333333 0.07181481481481476
1 0.5349843750000001 0.3954259259259259 0.01271354166666665 0.049731481481481515
1 0.5622864583333332 0.4474814814814815 0.016651041666666564 0.06376851851851847
1 0.5725625 0.4280833333333333 0.011864583333333437 0.05250000000000004
2 0.6227343750000001 0.43872222222222224 0.01509375000000001 0.06126851851851848
1 0.5999322916666666 0.4956574074074074 0.014531250000000048 0.06755555555555559
1 0.638421875 0.6167962962962963 0.020859375000000093 0.08963888888888884
1 0.753328125 0.5031666666666667 0.022953125000000085 0.07256481481481487
1 0.7708489583333333 0.39367592592592593 0.017177083333333343 0.05123148148148152
1 0.64496875 0.3705185185185185 0.0145260416666666 0.04746296296296296
1 0.8057656249999999 0.3998055555555556 0.013828125000000096 0.05098148148148154
1 0.8272291666666667 0.4677592592592593 0.015932291666666744 0.05927777777777781
1 0.8642395833333333 0.47050925925925924 0.019588541666666733 0.05977777777777773
1 0.8706458333333333 0.5337037037037037 0.01691145833333323 0.07358333333333336
1 0.562921875 0.3486111111111111 0.009927083333333305 0.04175000000000003
2 0.438171875 0.3305740740740741 0.010625000000000048 0.03572222222222226
0 0.43956770833333336 0.4184259259259259 0.005807291666666714 0.011574074074074073