1 0.10672916666666667 0.40088888888888885 0.01430729166666665 0.06555555555555552
1 0.14977083333333333 0.4606111111111111 0.018046874999999987 0.0709166666666667
1 0.189875 0.4330277777777778 0.01910937499999997 0.07280555555555555
1 0.206453125 0.4467222222222222 0.015895833333333324 0.06976851851851854
1 0.21709375 0.40735185185185185 0.016859375000000003 0.06327777777777781
1 0.26757291666666666 0.4248518518518518 0.015140624999999996 0.06785185185185183
1 0.3066041666666666 0.39632407407407405 0.0140625 0.05642592592592598
1 0.30360937499999996 0.36969444444444444 0.016630208333333365 0.04880555555555559
1 0.34184375 0.43930555555555556 0.021437500000000043 0.07394444444444445
1 0.39622395833333335 0.37939814814814815 0.013619791666666714 0.056796296296296324
1 0.387453125 0.3404074074074074 0.013192708333333296 0.05107407407407404
1 0.39975520833333333 0.33840740740740743 0.014260416666666723 0.05658333333333335
2 0.43921875 0.30692592592592594 0.014041666666666685 0.04496296296296291
1 0.5223125000000001 0.31787037037037036 0.015526041666666638 0.045925925925925946
1 0.4702291666666667 0.3563796296296296 0.016171874999999978 0.04499074074074077
2 0.47258333333333336 0.3928055555555556 0.016598958333333278 0.05889814814814816
1 0.45568749999999997 0.4275185185185185 0.02130729166666671 0.07318518518518514
1 0.4219427083333333 0.5190925925925925 0.021208333333333346 0.08331481481481483
1 0.6831875000000001 0.4174444444444444 0.018562499999999933 0.07014814814814814
1 0.7130260416666666 0.4296111111111111 0.016203125000000065 0.07167592592592589
1 0.7820572916666666 0.36304629629629626 0.014161458333333361 0.05262037037037041
1 0.7986875 0.3508703703703704 0.014265624999999933 0.05869444444444443
1 0.8707708333333334 0.40375 0.012968750000000048 0.06557407407407412
0 0.5178333333333334 0.2786666666666667 0.005317708333333352 0.010407407407407416