1 0.10171354166666666 0.40821296296296294 0.015218749999999984 0.0665833333333333
1 0.19836458333333334 0.46735185185185185 0.014979166666666661 0.07017592592592589
1 0.23545312499999999 0.4386759259259259 0.019088541666666656 0.0721388888888889
1 0.2634270833333333 0.45311111111111113 0.013859374999999978 0.07333333333333338
1 0.26126041666666666 0.40178703703703705 0.017307291666666676 0.06361111111111116
1 0.3019114583333333 0.4176111111111111 0.015187500000000043 0.06362037037037041
1 0.3456197916666667 0.3912037037037037 0.01584375000000004 0.07211111111111111
1 0.39272395833333335 0.34906481481481483 0.017729166666666647 0.05507407407407409
1 0.432375 0.41315740740740736 0.02028125000000003 0.06460185185185184
1 0.4736927083333333 0.5082962962962964 0.023942708333333347 0.0769166666666666
2 0.4932135416666667 0.40227777777777773 0.015156249999999953 0.06262037037037037
1 0.5277447916666667 0.40247222222222223 0.01636979166666664 0.06697222222222227
1 0.442328125 0.34125925925925926 0.014609374999999977 0.053287037037036994
2 0.45928645833333337 0.30930555555555556 0.01182291666666669 0.04278703703703707
1 0.466796875 0.35153703703703704 0.014604166666666647 0.050129629629629614
1 0.47547395833333334 0.33809259259259256 0.014156250000000033 0.04696296296296299
1 0.5043333333333334 0.32869444444444446 0.015151041666666623 0.04991666666666664
1 0.5681197916666666 0.3251296296296296 0.014807291666666582 0.04279629629629632
0 0.5637239583333333 0.3387777777777778 0.004911458333333248 0.010759259259259264
1 0.6898854166666666 0.4117685185185185 0.014744791666666639 0.06776851851851846
1 0.7055677083333334 0.4159259259259259 0.0171875 0.07212037037037036
1 0.734765625 0.35529629629629633 0.0121822916666666 0.05566666666666667
1 0.7664635416666666 0.34491666666666665 0.011062499999999887 0.04478703703703704
1 0.8612239583333333 0.3993148148148148 0.013718750000000076 0.07052777777777774