0 0.7962708333333333 0.34550925925925924 0.007859375000000076 0.01427777777777774
1 0.2209114583333333 0.3569166666666667 0.011947916666666695 0.040620370370370376
1 0.31063541666666666 0.44080555555555556 0.013125000000000024 0.05237962962962968
1 0.3154375 0.463 0.014494791666666628 0.056129629629629633
1 0.3639791666666667 0.39105555555555555 0.011010416666666719 0.04389814814814812
1 0.3731666666666667 0.3742314814814815 0.013843749999999962 0.04112037037037034
1 0.391859375 0.38935185185185184 0.010093750000000058 0.042101851851851876
1 0.41878125 0.34821296296296295 0.01182291666666669 0.04111111111111109
1 0.4281979166666667 0.43901851851851853 0.014197916666666663 0.05855555555555556
1 0.4583645833333333 0.4063333333333333 0.012364583333333339 0.04195370370370376
1 0.47491145833333337 0.42153703703703704 0.014374999999999952 0.05448148148148151
1 0.44538541666666664 0.35756481481481484 0.01200520833333331 0.035425925925925916
1 0.43990104166666666 0.3378148148148148 0.00834895833333332 0.03329629629629633
1 0.448078125 0.33455555555555555 0.010994791666666615 0.03329629629629633
1 0.475 0.35886111111111113 0.012729166666666696 0.03802777777777783
1 0.5347864583333333 0.3719537037037037 0.011625000000000026 0.043074074074074056
1 0.5483177083333334 0.34951851851851856 0.009427083333333286 0.037203703703703656
1 0.5704843749999999 0.38902777777777775 0.012624999999999886 0.04795370370370367
1 0.578546875 0.4558333333333333 0.010458333333333295 0.05643518518518517
1 0.592625 0.4275462962962963 0.016671875000000114 0.05187037037037035
1 0.6658489583333334 0.4549444444444445 0.017208333333333315 0.05951851851851855
1 0.6828541666666667 0.4056018518518519 0.013916666666666562 0.048925925925925956
2 0.77478125 0.7482777777777778 0.029916666666666696 0.09130555555555546
2 0.4080416666666667 0.46411111111111114 0.015036458333333277 0.05674074074074072