1 0.107171875 0.37230555555555556 0.015505208333333324 0.046861111111111124
1 0.29830208333333336 0.45279629629629625 0.022770833333333348 0.05757407407407408
1 0.35688020833333334 0.4928148148148148 0.022151041666666652 0.06051851851851848
1 0.396 0.38758333333333334 0.011520833333333277 0.04787037037037041
1 0.41420833333333335 0.3768518518518518 0.015562500000000057 0.05082407407407406
1 0.41478645833333333 0.35083333333333333 0.014411458333333372 0.0411666666666667
1 0.4818697916666667 0.3546851851851852 0.014901041666666615 0.04374074074074075
1 0.5013124999999999 0.3264444444444444 0.016218750000000053 0.03862962962962965
1 0.5270677083333334 0.3586944444444444 0.01498437499999999 0.04404629629629634
1 0.5430677083333334 0.3531666666666667 0.01303124999999999 0.040703703703703735
1 0.56896875 0.3257314814814815 0.014979166666666781 0.04107407407407409
1 0.6079843749999999 0.3426296296296297 0.01208333333333324 0.0371018518518519
1 0.6029270833333332 0.42383333333333334 0.02219791666666661 0.05872222222222218
2 0.6472864583333333 0.4012222222222222 0.021322916666666695 0.049462962962962924
1 0.6200156250000001 0.3125648148148148 0.012296875000000066 0.03142592592592587
2 0.48306770833333335 0.2897037037037037 0.011520833333333277 0.035796296296296264
1 0.6554322916666667 0.3483425925925926 0.01593749999999995 0.040046296296296295
1 0.7146406249999999 0.3766111111111111 0.01657812499999996 0.0503425925925926
1 0.7401770833333334 0.3703796296296296 0.01925000000000002 0.04429629629629633
1 0.78190625 0.4736296296296296 0.024973958333333237 0.0654814814814815
1 0.7762083333333333 0.3571944444444444 0.013572916666666638 0.040601851851851875
1 0.801296875 0.4182962962962963 0.022776041666666677 0.056157407407407385
1 0.86884375 0.41812962962962963 0.01878645833333342 0.054787037037037
0 0.6451458333333334 0.32642592592592595 0.004343750000000076 0.007305555555555543