0 0.6833333333333333 0.17991666666666667 0.00579166666666661 0.011416666666666651
1 0.29567187500000003 0.35810185185185184 0.010390625000000023 0.04758333333333332
1 0.3869739583333333 0.4390833333333333 0.011619791666666638 0.05812962962962961
1 0.444515625 0.3699722222222222 0.01498437499999999 0.04676851851851851
1 0.461203125 0.39016666666666666 0.013526041666666681 0.04896296296296296
1 0.48221875000000003 0.3477314814814815 0.014442708333333342 0.043212962962962925
1 0.5091875 0.3703796296296296 0.013901041666666695 0.041583333333333306
1 0.5093385416666666 0.34575925925925927 0.017276041666666703 0.03734259259259263
1 0.5298645833333334 0.368537037037037 0.013052083333333363 0.050722222222222196
1 0.564234375 0.3862777777777778 0.02041145833333336 0.04254629629629634
1 0.5742604166666666 0.4345 0.021286458333333275 0.05852777777777781
1 0.6066354166666666 0.37651851851851853 0.015453125000000038 0.04894444444444446
1 0.6580364583333334 0.36287037037037034 0.016979166666666618 0.038018518518518465
1 0.668125 0.3883888888888889 0.015822916666666725 0.04812962962962965
1 0.7003072916666666 0.4121944444444445 0.014057291666666553 0.0507407407407407
1 0.7398177083333334 0.3955462962962963 0.014817708333333238 0.05018518518518523
1 0.7553125 0.3894814814814815 0.015119791666666771 0.04486111111111115
1 0.7831041666666666 0.5076851851851851 0.020822916666666677 0.07530555555555554
1 0.820921875 0.484212962962963 0.01820833333333335 0.06656481481481485
1 0.8714791666666667 0.42806481481481484 0.013447916666666752 0.051111111111111156
1 0.8767760416666667 0.48100925925925925 0.018812499999999944 0.06424074074074079
2 0.5739583333333333 0.28982407407407407 0.011166666666666695 0.029962962962962976
2 0.6246302083333333 0.4386111111111111 0.018447916666666706 0.0599166666666667
1 0.47234375 0.5093425925925926 0.018421874999999942 0.06717592592592589