1 0.13340104166666666 0.4880925925925926 0.01224999999999999 0.056953703703703694
1 0.13263020833333333 0.48210185185185184 0.013145833333333324 0.06085185185185188
1 0.180984375 0.4309351851851852 0.010697916666666647 0.05099074074074079
1 0.196546875 0.41640740740740745 0.010125000000000028 0.04650925925925928
1 0.24360416666666668 0.45290740740740737 0.011583333333333338 0.05447222222222221
1 0.21105208333333333 0.3982685185185185 0.012317708333333321 0.049240740740740696
1 0.23576041666666667 0.36603703703703705 0.009713541666666655 0.0396851851851852
1 0.25867708333333334 0.4132314814814815 0.010036458333333324 0.045925925925925946
1 0.28106770833333333 0.3739907407407408 0.010114583333333371 0.04113888888888884
1 0.24461979166666667 0.38049074074074074 0.00955208333333335 0.03969444444444445
1 0.24640625000000002 0.35187037037037033 0.00987500000000002 0.03447222222222224
1 0.2599791666666667 0.34269444444444447 0.009385416666666656 0.03779629629629634
1 0.3059375 0.43671296296296297 0.014333333333333325 0.05100000000000004
1 0.4142239583333333 0.4604907407407407 0.015536458333333296 0.0566481481481481
1 0.39577604166666663 0.3903888888888889 0.012776041666666653 0.04649074074074078
1 0.3695260416666667 0.37644444444444447 0.010666666666666677 0.04315740740740742
1 0.364125 0.34688888888888886 0.010421874999999995 0.03750925925925925
2 0.214875 0.49279629629629634 0.015083333333333353 0.05912037037037034
1 0.51315625 0.4417037037037037 0.017520833333333385 0.055203703703703706
1 0.5167291666666667 0.3930740740740741 0.014916666666666719 0.046074074074074066
1 0.5698385416666666 0.45999074074074076 0.017916666666666713 0.05564814814814817
1 0.8807916666666666 0.47428703703703706 0.018552083333333278 0.059666666666666715
2 0.6810729166666667 0.7071296296296297 0.020781250000000046 0.08899074074074065
2 0.29886979166666666 0.29379629629629633 0.008333333333333333 0.029574074074074124
0 0.8215416666666666 0.4746574074074074 0.006036458333333409 0.011296296296296339