0 0.5179583333333333 0.2327037037037037 0.00419270833333331 0.009064814814814807
1 0.5409791666666667 0.3501388888888889 0.0149166666666666 0.053546296296296335
1 0.397875 0.3059907407407408 0.015796874999999964 0.044287037037037076
1 0.49497395833333335 0.25575 0.01395833333333331 0.03044444444444444
1 0.46972395833333336 0.25099074074074074 0.00919791666666671 0.032342592592592576
1 0.46814583333333337 0.24712962962962962 0.014927083333333376 0.0293888888888889
1 0.5685885416666667 0.2937037037037037 0.014963541666666675 0.03684259259259256
1 0.69178125 0.26889814814814816 0.010359374999999933 0.035796296296296264
1 0.7310364583333333 0.27980555555555553 0.011531249999999934 0.037611111111111116
1 0.75878125 0.31647222222222227 0.014739583333333427 0.04429629629629633
1 0.732859375 0.32866666666666666 0.010885416666666713 0.04201851851851852
1 0.7360989583333333 0.36214814814814816 0.014687499999999905 0.05279629629629628
1 0.9572864583333334 0.31574074074074077 0.018932291666666618 0.048537037037037
1 0.2832135416666667 0.4349722222222222 0.016250000000000025 0.0632407407407407
1 0.1924375 0.4235462962962963 0.02215624999999998 0.05942592592592588
1 0.2131354166666667 0.35906481481481484 0.015885416666666666 0.05425000000000003
1 0.24058333333333334 0.34225 0.012401041666666638 0.05204629629629633
1 0.19452604166666668 0.3047222222222222 0.01026562500000002 0.04554629629629635
1 0.32196354166666663 0.29679629629629634 0.01072395833333329 0.038277777777777806
1 0.346734375 0.3143240740740741 0.012598958333333361 0.04286111111111108
1 0.34550000000000003 0.2617962962962963 0.011203124999999996 0.03587962962962963
1 0.3586770833333333 0.2523148148148148 0.00756249999999999 0.03120370370370372
2 0.21624479166666666 0.25199074074074074 0.009244791666666667 0.03720370370370368
2 0.5756354166666667 0.306037037037037 0.017270833333333256 0.04436111111111108