0 0.45394270833333333 0.34208333333333335 0.0038593750000000425 0.006870370370370332
1 0.432328125 0.34221296296296294 0.008463541666666666 0.030388888888888934
1 0.3473125 0.3486666666666667 0.008119791666666624 0.029666666666666633
1 0.4610989583333333 0.3547685185185185 0.006880208333333352 0.032240740740740785
1 0.5181145833333333 0.3948148148148148 0.00944270833333339 0.04012962962962966
1 0.4613697916666667 0.4050925925925926 0.012838541666666713 0.041416666666666685
1 0.5756458333333333 0.3549259259259259 0.008083333333333324 0.029351851851851893
1 0.588109375 0.35533333333333333 0.0072864583333332195 0.033370370370370335
1 0.6043125 0.36616666666666664 0.008093749999999981 0.034175925925925894
1 0.601015625 0.3540925925925926 0.007822916666666657 0.03328703703703708
1 0.6540416666666666 0.36869444444444444 0.010072916666666742 0.033620370370370425
1 0.63734375 0.42175 0.010979166666666628 0.04504629629629627
1 0.6711875 0.41412037037037036 0.01331770833333342 0.047444444444444456
1 0.711046875 0.39142592592592595 0.009458333333333258 0.03736111111111113
1 0.7753958333333333 0.40808333333333335 0.008182291666666685 0.039370370370370354
1 0.8547708333333334 0.45547222222222217 0.013677083333333447 0.04349074074074071
1 0.9302135416666667 0.4534166666666667 0.013645833333333239 0.04661111111111114
2 0.9737604166666666 0.48187037037037034 0.01427083333333338 0.04814814814814815
1 0.45335416666666667 0.48615740740740737 0.011708333333333343 0.05191666666666666
1 0.4441979166666667 0.5174537037037037 0.012343750000000023 0.05674999999999997
1 0.37691145833333334 0.4910925925925926 0.014067708333333328 0.05616666666666669
1 0.30533333333333335 0.37150000000000005 0.013515625000000024 0.038416666666666675
1 0.14471875 0.4802685185185186 0.01225520833333332 0.058601851851851815
2 0.5000208333333334 0.38401851851851854 0.0120729166666667 0.04035185185185189
2 0.03989583333333333 0.3624907407407407 0.0072708333333333375 0.03468518518518522