1 0.13810416666666667 0.48230555555555554 0.019927083333333328 0.071712962962963
1 0.13214583333333332 0.40925 0.016291666666666683 0.05784259259259262
1 0.07036458333333333 0.3974537037037037 0.015458333333333336 0.059796296296296333
1 0.06846354166666666 0.3444722222222222 0.015880208333333336 0.051500000000000004
1 0.192703125 0.2912592592592593 0.01417187500000002 0.04124999999999996
1 0.21083333333333334 0.36318518518518517 0.012390624999999982 0.051351851851851885
1 0.24802083333333333 0.35844444444444445 0.012385416666666652 0.05240740740740743
1 0.231796875 0.2838888888888889 0.010359374999999994 0.0415462962962963
1 0.32451041666666663 0.28629629629629627 0.011526041666666724 0.04034259259259264
1 0.39081770833333335 0.3470277777777778 0.018192708333333366 0.05360185185185184
1 0.3994375 0.42841666666666667 0.015151041666666623 0.061611111111111075
1 0.4781666666666667 0.35904629629629625 0.015895833333333324 0.05962037037037036
1 0.45594270833333334 0.28306481481481477 0.012354166666666682 0.038388888888888924
1 0.47318229166666664 0.27397222222222223 0.013026041666666661 0.03973148148148145
1 0.5168541666666667 0.3609351851851852 0.02091666666666671 0.054370370370370395
1 0.5700625 0.3144814814814815 0.016598958333333278 0.04262037037037034
1 0.5879375 0.32749074074074075 0.012624999999999886 0.04909259259259258
1 0.6326041666666666 0.32937037037037037 0.0132083333333334 0.04774074074074069
1 0.6754583333333334 0.38903703703703707 0.022838541666666618 0.05348148148148147
1 0.728875 0.41782407407407407 0.018093749999999888 0.05485185185185186
1 0.7856875 0.30253703703703705 0.015072916666666695 0.04877777777777773
0 0.7955729166666666 0.4694537037037037 0.009494791666666676 0.014444444444444413
2 0.4341458333333333 0.31773148148148145 0.011869791666666648 0.04912037037037033
2 0.046260416666666665 0.2758703703703704 0.012901041666666672 0.04202777777777777