1 0.15853124999999998 0.45495370370370375 0.015401041666666693 0.06486111111111106
1 0.164640625 0.38546296296296295 0.013729166666666674 0.05555555555555555
1 0.16005729166666666 0.36810185185185185 0.012895833333333329 0.05665740740740735
1 0.12316666666666666 0.3235 0.012765624999999996 0.04897222222222221
1 0.25922395833333334 0.32523148148148145 0.011838541666666676 0.04749074074074071
1 0.29347395833333334 0.3335740740740741 0.015031249999999947 0.045638888888888854
1 0.319765625 0.426787037037037 0.022458333333333278 0.0628611111111111
1 0.2607864583333333 0.2756296296296296 0.008713541666666677 0.040916666666666615
1 0.28169791666666666 0.2680277777777778 0.010239583333333377 0.0393055555555556
1 0.3899270833333333 0.32708333333333334 0.018276041666666624 0.04872222222222223
1 0.39055208333333336 0.26716666666666666 0.0098020833333333 0.040046296296296295
1 0.45934895833333333 0.27132407407407405 0.010526041666666685 0.03353703703703706
1 0.4676822916666667 0.2548888888888889 0.00774479166666661 0.03278703703703701
1 0.4883489583333333 0.3500833333333333 0.01086979166666661 0.04902777777777782
1 0.5020364583333333 0.3361296296296296 0.011838541666666676 0.04827777777777777
1 0.6170416666666667 0.2885 0.009109374999999887 0.040712962962962986
1 0.634828125 0.3020925925925926 0.011333333333333447 0.043194444444444424
1 0.656234375 0.36162962962962963 0.01593749999999995 0.04618518518518518
1 0.6733229166666667 0.36225 0.011208333333333324 0.049888888888888885
1 0.669296875 0.3348888888888889 0.01648958333333326 0.048268518518518516
1 0.8705989583333333 0.3088148148148148 0.013223958333333266 0.04800925925925928
0 0.49655208333333334 0.3696666666666667 0.005729166666666666 0.009138888888888893
2 0.5043333333333334 0.30882407407407403 0.014067708333333328 0.04678703703703701
2 0.12851041666666668 0.26478703703703704 0.011640625000000012 0.039240740740740736