1 0.15648958333333332 0.4169259259259259 0.018026041666666673 0.06283333333333335
1 0.21182291666666667 0.44999074074074075 0.020906249999999994 0.06615740740740746
1 0.20681249999999998 0.3487314814814815 0.016536458333333334 0.052055555555555584
1 0.20761458333333332 0.3025277777777778 0.012364583333333339 0.0430092592592593
1 0.24140104166666668 0.33605555555555555 0.02083854166666666 0.05638888888888887
1 0.3116979166666667 0.2969351851851852 0.00919791666666671 0.043231481481481426
1 0.33138541666666665 0.309787037037037 0.011958333333333352 0.04495370370370366
1 0.35379687499999996 0.26762962962962966 0.01182291666666669 0.040583333333333374
1 0.36590625 0.3007037037037037 0.012270833333333305 0.04391666666666662
1 0.389234375 0.25313888888888886 0.008187500000000014 0.03673148148148147
1 0.45628645833333337 0.25931481481481483 0.013828124999999976 0.03536111111111106
1 0.46875 0.2470277777777778 0.00791666666666669 0.03250000000000002
1 0.5058697916666667 0.26416666666666666 0.012276041666666633 0.03479629629629633
1 0.5054531250000001 0.3717685185185185 0.016708333333333294 0.05815740740740736
1 0.552609375 0.29397222222222225 0.016984375000000065 0.04530555555555551
1 0.6517447916666667 0.28329629629629627 0.012921874999999972 0.04107407407407409
1 0.6720104166666666 0.29562962962962963 0.020687499999999897 0.042907407407407436
1 0.6773697916666667 0.33612037037037035 0.0192135416666666 0.04967592592592591
1 0.6857239583333333 0.38215740740740745 0.015354166666666676 0.06180555555555556
1 0.7302135416666666 0.32207407407407407 0.020192708333333323 0.051268518518518526
2 0.25663541666666667 0.24664814814814814 0.009192708333333322 0.03660185185185183
2 0.5311145833333334 0.32510185185185186 0.01576041666666672 0.04675000000000001
0 0.48167708333333337 0.26146296296296295 0.005213541666666662 0.007370370370370404