1 0.17241145833333332 0.43821296296296297 0.012807291666666684 0.04106481481481484
1 0.18172916666666666 0.4809074074074074 0.012421875000000011 0.04362962962962958
1 0.21010937500000001 0.47034259259259265 0.01118229166666668 0.05123148148148147
1 0.30770312499999997 0.45292592592592595 0.011453125000000005 0.04682407407407412
1 0.47640625000000003 0.4505555555555556 0.017031250000000022 0.04885185185185184
1 0.5113958333333334 0.46873148148148147 0.014744791666666639 0.04632407407407405
1 0.5090416666666667 0.36694444444444446 0.015750000000000004 0.038824074074074025
1 0.5469791666666667 0.6148981481481481 0.013651041666666686 0.05975925925925923
1 0.5908072916666666 0.5138703703703704 0.019536458333333447 0.052092592592592586
1 0.6682447916666666 0.4616296296296296 0.017526041666666714 0.05240740740740743
1 0.7095520833333333 0.42908333333333337 0.011723958333333447 0.04308333333333331
1 0.7537604166666667 0.44615740740740745 0.01456770833333323 0.04681481481481477
1 0.7375052083333333 0.40625 0.0143802083333334 0.04137962962962968
1 0.5836770833333333 0.3969537037037037 0.014786458333333268 0.0396851851851852
1 0.6619218750000001 0.38622222222222224 0.013442708333333305 0.03680555555555556
1 0.6816458333333333 0.36897222222222226 0.015812500000000066 0.042888888888888935
1 0.6108645833333333 0.3372685185185185 0.012119791666666657 0.0386388888888889
2 0.5376614583333333 0.3879074074074074 0.013270833333333343 0.040194444444444415
1 0.5401822916666668 0.3629722222222222 0.01431770833333328 0.035953703703703745
1 0.509140625 0.3430185185185185 0.013276041666666672 0.03661111111111108
1 0.5200729166666667 0.3398055555555556 0.01118229166666668 0.03357407407407407
0 0.5044739583333333 0.38008333333333333 0.006296874999999957 0.011453703703703707
1 0.8650312499999999 0.38628703703703704 0.014500000000000075 0.04530555555555551
2 0.21353645833333335 0.32629629629629625 0.009036458333333346 0.03163888888888885