1 0.07893750000000001 0.4258148148148148 0.018833333333333317 0.055342592592592575
1 0.26378124999999997 0.493287037037037 0.022963541666666684 0.05043518518518521
1 0.31600520833333334 0.3904351851851852 0.012890625 0.0503796296296296
1 0.34978125000000004 0.42910185185185185 0.020291666666666687 0.04546296296296298
1 0.3520364583333333 0.5015185185185185 0.016703124999999968 0.058666666666666624
1 0.39986979166666664 0.43980555555555556 0.016348958333333385 0.05863888888888893
1 0.3826927083333333 0.3294351851851852 0.010916666666666686 0.04562037037037035
1 0.48812500000000003 0.2894259259259259 0.01008854166666661 0.0334537037037037
1 0.5424322916666667 0.3575185185185185 0.00880729166666659 0.04213888888888888
2 0.56175 0.36533333333333334 0.012734374999999905 0.04131481481481482
1 0.5461875 0.3403240740740741 0.016942708333333438 0.03593518518518524
1 0.646390625 0.4370925925925926 0.014161458333333361 0.057527777777777775
1 0.693125 0.4085462962962963 0.014968749999999887 0.05100925925925929
1 0.6711406249999999 0.3435 0.014078125000000104 0.04229629629629625
1 0.7113697916666666 0.3686481481481481 0.011635416666666742 0.040574074074074123
1 0.7190885416666667 0.32182407407407404 0.012442708333333267 0.039398148148148106
1 0.6638385416666667 0.6184259259259259 0.018984374999999904 0.06763888888888885
1 0.7795677083333333 0.5046759259259259 0.019614583333333258 0.05687962962962969
1 0.8239375 0.4634166666666667 0.020583333333333325 0.0596018518518518
1 0.7950052083333333 0.3936018518518518 0.014734374999999982 0.04424999999999996
1 0.8627864583333333 0.551 0.016999999999999935 0.06138888888888885
2 0.3526666666666667 0.26773148148148146 0.011124999999999947 0.03286111111111112
0 0.2619166666666667 0.4987314814814815 0.005312500000000024 0.01033333333333341
1 0.518203125 0.8250648148148149 0.0175416666666667 0.07632407407407413