1 0.143875 0.4077222222222222 0.016119791666666692 0.04978703703703702
1 0.3283333333333333 0.5195833333333333 0.014640624999999947 0.06191666666666678
1 0.35708333333333336 0.44125000000000003 0.013192708333333296 0.03971296296296295
1 0.38110937500000003 0.4160277777777778 0.016750000000000043 0.04266666666666671
1 0.39684375000000005 0.42314814814814816 0.01373958333333339 0.04109259259259259
1 0.3940677083333333 0.45183333333333336 0.014854166666666658 0.047037037037036995
1 0.45184375 0.4852592592592593 0.01139583333333339 0.05457407407407412
1 0.460078125 0.4852592592592593 0.014510416666666614 0.0466666666666667
1 0.4874375 0.6145277777777778 0.020286458333333358 0.06196296296296303
1 0.5231927083333333 0.6030555555555556 0.021729166666666622 0.07066666666666661
2 0.545828125 0.4457037037037037 0.019166666666666762 0.05455555555555552
1 0.5665729166666666 0.48407407407407405 0.015046874999999934 0.06011111111111113
1 0.590203125 0.45282407407407416 0.01671354166666674 0.06088888888888893
1 0.6095 0.44589814814814815 0.01637500000000003 0.05099074074074079
1 0.636640625 0.5025740740740741 0.012812499999999952 0.05952777777777774
1 0.6159531250000001 0.3208888888888889 0.011479166666666648 0.038268518518518556
1 0.6446458333333334 0.3750833333333333 0.011031249999999914 0.04383333333333336
2 0.4700833333333333 0.2776666666666667 0.012281249999999962 0.02499074074074075
1 0.7384322916666667 0.5424074074074073 0.013953124999999981 0.06209259259259254
1 0.7452135416666666 0.5643703703703703 0.011953124999999905 0.0625
1 0.814671875 0.5301481481481481 0.018947916666666724 0.06129629629629634
1 0.8179531250000001 0.4416296296296296 0.01505208333333338 0.056296296296296254
1 0.7803072916666667 0.37636111111111115 0.012057291666666714 0.05230555555555556
0 0.36605208333333333 0.4432407407407407 0.005260416666666619 0.010546296296296285