1 0.14288020833333331 0.5096759259259259 0.013645833333333357 0.050722222222222196
1 0.17257291666666666 0.47027777777777774 0.013640625000000028 0.048333333333333374
1 0.18105208333333334 0.4237962962962963 0.011057291666666675 0.04011111111111116
2 0.189296875 0.3376296296296296 0.009572916666666664 0.028944444444444436
1 0.2870520833333333 0.4521481481481482 0.012838541666666713 0.046796296296296315
1 0.3877291666666667 0.3382037037037037 0.00866145833333339 0.03148148148148148
1 0.397265625 0.34167592592592594 0.008968750000000015 0.03009259259259259
1 0.4263333333333333 0.40525925925925926 0.010843749999999966 0.0419444444444444
1 0.4855677083333333 0.3318055555555556 0.010520833333333358 0.03537037037037041
1 0.5295572916666667 0.3286111111111111 0.009416666666666629 0.03731481481481477
1 0.5496041666666667 0.3388981481481481 0.010588541666666628 0.04121296296296295
1 0.5871510416666667 0.3644722222222222 0.007374999999999924 0.036777777777777805
1 0.6049270833333333 0.3584907407407408 0.009328124999999925 0.03872222222222227
1 0.5406927083333334 0.4022037037037037 0.01215104166666663 0.04137962962962968
1 0.5349114583333333 0.43214814814814817 0.013088541666666724 0.04153703703703705
1 0.6270416666666667 0.4803055555555556 0.014479166666666762 0.04753703703703702
1 0.5963697916666667 0.6158703703703704 0.016437499999999973 0.0588703703703703
1 0.6350520833333333 0.39003703703703707 0.010963541666666762 0.043462962962963016
1 0.6455625 0.40476851851851847 0.012447916666666715 0.04513888888888889
1 0.68021875 0.44507407407407407 0.010640624999999914 0.04793518518518517
1 0.706515625 0.4397962962962963 0.012437500000000056 0.048490740740740744
1 0.8125260416666666 0.3776759259259259 0.008765624999999963 0.04512962962962964
2 0.5041979166666667 0.36058333333333337 0.008708333333333347 0.035953703703703745
0 0.388171875 0.3460462962962963 0.0038437500000000568 0.00806481481481485