1 0.1662239583333333 0.38789814814814816 0.01338541666666669 0.04896296296296296
1 0.28222395833333336 0.4156666666666667 0.012453125000000042 0.0397222222222222
1 0.36542708333333335 0.42515740740740743 0.013614583333333385 0.05407407407407405
1 0.394640625 0.3869722222222222 0.013479166666666724 0.047111111111111104
1 0.44603645833333333 0.4108055555555556 0.014770833333333282 0.03462962962962961
1 0.42729687499999996 0.4860185185185185 0.013734374999999943 0.06012037037037043
1 0.43478125 0.629712962962963 0.014380208333333281 0.06528703703703703
1 0.5299583333333333 0.5909537037037037 0.018661458333333294 0.06874074074074076
1 0.46665625 0.5057962962962963 0.018281249999999954 0.055731481481481535
1 0.47706770833333334 0.42758333333333337 0.01307291666666662 0.04736111111111109
2 0.5455052083333333 0.43926851851851856 0.014624999999999963 0.04991666666666664
1 0.57159375 0.3780648148148148 0.013447916666666752 0.05011111111111111
1 0.604578125 0.38408333333333333 0.013052083333333304 0.04363888888888889
1 0.6421145833333333 0.3690462962962963 0.013958333333333428 0.03668518518518519
1 0.6064010416666666 0.311537037037037 0.011489583333333305 0.03503703703703707
1 0.6418541666666666 0.453037037037037 0.013437500000000095 0.052000000000000025
1 0.7605208333333333 0.3528425925925926 0.011333333333333447 0.050555555555555576
1 0.6795885416666666 0.5321759259259259 0.016031250000000104 0.06223148148148151
1 0.7857604166666667 0.5369259259259259 0.02017708333333322 0.06014814814814818
1 0.8415364583333333 0.5788055555555556 0.019828125000000085 0.07221296296296296
1 0.8535729166666666 0.5005925925925926 0.016572916666666753 0.06383333333333338
1 0.8194166666666667 0.4315277777777778 0.01722916666666663 0.057546296296296276
2 0.422640625 0.2713425925925926 0.009104166666666675 0.03290740740740737
0 0.4608333333333333 0.4139074074074074 0.007250000000000038 0.011722222222222193