1 0.12041145833333333 0.41208333333333336 0.017458333333333322 0.04862037037037036
1 0.20982291666666666 0.40814814814814815 0.016312500000000025 0.046240740740740686
1 0.25219270833333335 0.47937962962962966 0.014661458333333321 0.05158333333333337
1 0.34263020833333335 0.39717592592592593 0.011458333333333333 0.046231481481481436
1 0.35265625 0.474712962962963 0.01608333333333339 0.05505555555555559
1 0.42067708333333337 0.4469166666666667 0.0215208333333333 0.05064814814814819
1 0.43522916666666667 0.33316666666666667 0.010515625000000028 0.03522222222222219
1 0.48098958333333336 0.3369166666666667 0.013593749999999953 0.04089814814814811
1 0.5394479166666667 0.28241666666666665 0.010192708333333418 0.03427777777777776
1 0.572921875 0.35328703703703707 0.012343749999999905 0.046203703703703684
0 0.1219375 0.42998148148148146 0.005442708333333327 0.00787037037037037
2 0.592953125 0.38652777777777775 0.011593750000000114 0.040851851851851854
1 0.6565364583333333 0.42764814814814817 0.012869791666666686 0.04544444444444448
1 0.510640625 0.7770648148148148 0.02104687500000004 0.07282407407407415
1 0.6198645833333334 0.6223981481481482 0.017885416666666744 0.06497222222222229
1 0.7466822916666668 0.5085740740740741 0.019083333333333268 0.057712962962962897
1 0.7808645833333333 0.5440555555555556 0.020005208333333257 0.056722222222222216
1 0.7432239583333333 0.44 0.01410416666666663 0.049592592592592646
1 0.7258854166666667 0.41475 0.01282291666666661 0.04706481481481485
1 0.7049479166666667 0.3819722222222222 0.012052083333333267 0.04315740740740742
1 0.71275 0.34941666666666665 0.007750000000000057 0.035148148148148185
1 0.7153177083333334 0.33405555555555555 0.007750000000000057 0.032972222222222236
1 0.73821875 0.38186111111111115 0.014359375000000086 0.045212962962963
2 0.35603125 0.2657685185185185 0.007942708333333333 0.031138888888888886