1 0.06830208333333333 0.42742592592592593 0.016067708333333337 0.05650925925925923
1 0.18044791666666665 0.49962962962962965 0.014781249999999998 0.056962962962962944
1 0.3002239583333333 0.5219537037037038 0.014874999999999972 0.05840740740740734
1 0.36470833333333336 0.45273148148148146 0.015442708333333381 0.05363888888888884
1 0.40444270833333335 0.5086851851851851 0.022031249999999978 0.05861111111111107
1 0.5028802083333334 0.5025092592592593 0.022244791666666687 0.05449074074074066
1 0.5445208333333333 0.45818518518518514 0.017609374999999972 0.05425925925925928
1 0.5677708333333332 0.639 0.020151041666666696 0.06629629629629621
1 0.4245677083333333 0.36725925925925923 0.011385416666666615 0.04515740740740739
2 0.41849479166666664 0.2750925925925926 0.009651041666666653 0.03359259259259257
1 0.5702552083333334 0.3042037037037037 0.012401041666666638 0.03627777777777773
1 0.5548125 0.4157037037037037 0.022005208333333335 0.045398148148148125
2 0.598015625 0.4368888888888889 0.01702083333333325 0.05075000000000005
1 0.6323124999999999 0.44202777777777774 0.010421875000000113 0.04047222222222226
1 0.6372291666666666 0.4598240740740741 0.014473958333333314 0.049324074074074055
1 0.65909375 0.4798796296296296 0.01423958333333341 0.0503703703703704
1 0.6931718750000001 0.5062222222222222 0.014151041666666704 0.06601851851851848
1 0.6752447916666667 0.37589814814814815 0.012994791666666571 0.04187962962962965
1 0.736953125 0.3715833333333333 0.01263541666666678 0.053805555555555565
1 0.7707291666666667 0.43112962962962964 0.015406249999999962 0.05157407407407412
1 0.80496875 0.515787037037037 0.019104166666666582 0.06663888888888891
0 0.50196875 0.45149074074074075 0.008859374999999996 0.014148148148148123