1 0.093140625 0.46572222222222226 0.013874999999999993 0.05643518518518523
1 0.11816666666666667 0.41998148148148146 0.016864583333333332 0.050518518518518574
1 0.26906250000000004 0.5051944444444445 0.012776041666666653 0.05360185185185194
1 0.3600729166666667 0.5045277777777778 0.012973958333333376 0.05798148148148138
1 0.3531197916666667 0.42616666666666664 0.014041666666666685 0.05337037037037036
1 0.46033333333333337 0.4876944444444445 0.013489583333333381 0.06425000000000004
1 0.437765625 0.35388888888888886 0.009005208333333315 0.03812037037037033
1 0.5460729166666667 0.6742407407407407 0.020265624999999923 0.06847222222222227
1 0.6261197916666668 0.6285 0.021005208333333296 0.07015740740740739
1 0.6060677083333333 0.47815740740740736 0.014052083333333344 0.060379629629629665
1 0.6183125 0.4737777777777778 0.01608333333333339 0.05542592592592594
1 0.5329739583333333 0.3839166666666667 0.01224999999999999 0.04491666666666666
1 0.5950520833333334 0.39485185185185184 0.011276041666666714 0.038268518518518556
2 0.592328125 0.428324074074074 0.01330729166666676 0.04437037037037033
0 0.6107760416666667 0.4516203703703704 0.006354166666666572 0.012999999999999966
1 0.7551510416666667 0.5338796296296296 0.017026041666666696 0.06154629629629632
1 0.7547760416666667 0.4623703703703704 0.015208333333333239 0.055425925925925885
1 0.8019895833333333 0.48585185185185187 0.01658854166666662 0.058666666666666624
1 0.7609791666666667 0.4237592592592593 0.01477604166666661 0.04285185185185183
1 0.7388958333333334 0.3672685185185185 0.014458333333333446 0.0477592592592593
1 0.7000208333333333 0.37060185185185185 0.012651041666666647 0.04111111111111109
1 0.6766510416666667 0.411962962962963 0.014041666666666685 0.042083333333333375
1 0.582328125 0.29183333333333333 0.009354166666666686 0.033777777777777795
2 0.39357291666666666 0.2694814814814815 0.010453124999999968 0.03281481481481476