0 0.3819270833333333 0.5126111111111111 0.012890625 0.022555555555555464
2 0.8695208333333333 0.3417685185185185 0.025479166666666705 0.08590740740740738
1 0.8895468750000001 0.2598055555555555 0.024869791666666665 0.0793888888888889
1 0.4091510416666667 0.4984166666666666 0.028135416666666656 0.09109259259259264
1 0.509671875 0.6628611111111111 0.03391145833333328 0.09020370370370377
1 0.5019270833333334 0.9306944444444444 0.04621875 0.13326851851851856
1 0.5962083333333333 0.3144166666666667 0.02286458333333338 0.07448148148148143
1 0.6863385416666666 0.17289814814814813 0.02516666666666675 0.07261111111111113
1 0.19547395833333334 0.4254537037037037 0.029281250000000016 0.09004629629629629
1 0.09140625 0.22393518518518518 0.03135937499999999 0.09403703703703704
1 0.7447760416666667 0.3169351851851852 0.025692708333333297 0.08290740740740737
1 0.48980729166666664 0.1198425925925926 0.022875000000000038 0.06353703703703704
1 0.10085416666666666 0.44865740740740734 0.031234375000000016 0.10505555555555554
1 0.8935364583333333 0.1075 0.02524479166666656 0.06889814814814815
1 0.578375 0.5046388888888889 0.026963541666666656 0.08449999999999999