2 0.687984375 0.5131018518518519 0.03462500000000001 0.1091944444444445
1 0.92296875 0.5551481481481481 0.039067708333333444 0.10599074074074076
1 0.6301406249999999 0.3882222222222222 0.030984374999999887 0.08325925925925923
1 0.3833697916666667 0.7026018518518518 0.03165624999999998 0.11699999999999991
1 0.8738802083333332 0.6774629629629629 0.03857291666666664 0.1128611111111112
1 0.9865989583333333 0.3766851851851852 0.026796874999999904 0.09677777777777775
1 0.5866145833333333 0.45864814814814814 0.029135416666666695 0.09502777777777778
1 0.29346875 0.3355092592592593 0.02297916666666661 0.08950925925925922
1 0.6357291666666666 0.33008333333333334 0.02418229166666658 0.06034259259259255
1 0.670046875 0.3169722222222222 0.031520833333333324 0.08852777777777779
1 0.5600416666666667 0.36133333333333334 0.022489583333333247 0.09315740740740742
1 0.2856197916666667 0.42561111111111116 0.031187500000000055 0.10232407407407412
1 0.46941666666666665 0.3264537037037037 0.02637500000000005 0.09540740740740737
1 0.367765625 0.29057407407407404 0.022005208333333335 0.08012962962962959
1 0.7591458333333333 0.33175000000000004 0.023588541666666647 0.09261111111111109
1 0.10182812499999999 0.6325185185185185 0.032833333333333346 0.1223981481481482
1 0.738671875 0.34485185185185185 0.02194270833333339 0.08258333333333327
1 0.5273854166666667 0.33504629629629634 0.016500000000000032 0.09281481481481482
1 0.35335937500000003 0.31362962962962965 0.015458333333333367 0.08777777777777773
1 0.5412552083333334 0.33169444444444446 0.0171875 0.08915740740740738
0 0.6797760416666667 0.3487222222222222 0.008369791666666753 0.016555555555555553
2 0.3774375 0.2253703703703704 0.022317708333333287 0.08028703703703702