2 0.8154427083333334 0.597574074074074 0.034177083333333275 0.1029444444444445
1 0.389953125 0.5608611111111111 0.024458333333333353 0.09022222222222227
1 0.458078125 0.5923981481481481 0.02992708333333335 0.09605555555555556
1 0.6012447916666667 0.41297222222222224 0.02730729166666658 0.07523148148148148
1 0.5042708333333333 0.6232777777777778 0.027171875000000036 0.10054629629629622
1 0.35041666666666665 0.5363240740740741 0.02539583333333333 0.0912407407407407
1 0.4935208333333333 0.47144444444444444 0.0230104166666667 0.08967592592592595
1 0.18421875 0.7677777777777778 0.028265624999999992 0.11268518518518522
1 0.29333333333333333 0.9201666666666667 0.03477604166666666 0.12071296296296286
1 0.43266145833333336 0.37525925925925924 0.025937499999999978 0.07891666666666668
1 0.6797604166666668 0.3868611111111111 0.027671875000000058 0.07930555555555553
1 0.5620572916666667 0.3249351851851852 0.021291666666666723 0.07958333333333338
1 0.98375 0.8904166666666666 0.03250000000000005 0.09992592592592599
1 0.765875 0.8733703703703704 0.03233854166666674 0.12483333333333327
1 0.589453125 0.2888055555555556 0.02382291666666655 0.06812962962962966
1 0.332515625 0.4878055555555556 0.021619791666666662 0.10225000000000006
0 0.6722552083333333 0.41017592592592594 0.008109375000000085 0.017425925925925973
2 0.724625 0.1889259259259259 0.014468750000000105 0.08390740740740742