1 0.5158697916666667 0.28852777777777777 0.025614583333333368 0.09501851851851852
1 0.3364739583333333 0.33778703703703705 0.02702604166666672 0.09381481481481486
1 0.16428125000000002 0.5664814814814815 0.047265625 0.13433333333333328
1 0.6084114583333334 0.14288888888888887 0.02766666666666661 0.07058333333333335
1 0.24910937500000002 0.3516481481481481 0.03148437500000002 0.10325
1 0.84684375 0.31525000000000003 0.024130208333333295 0.08327777777777783
1 0.7415625 0.6615740740740741 0.04911458333333343 0.1333796296296296
1 0.5137135416666667 0.9408518518518518 0.05689583333333334 0.11829629629629629
1 0.5398385416666667 0.3176759259259259 0.029953125000000056 0.09800000000000003
1 0.8922239583333333 0.2747407407407408 0.03290104166666671 0.09924074074074077
1 0.9079479166666666 0.16975925925925925 0.025546875000000094 0.07253703703703701
1 0.5830468750000001 0.5046759259259259 0.030375000000000086 0.11734259259259261
2 0.43355208333333334 0.07646296296296295 0.028734375000000038 0.06365740740740741
1 0.6640885416666666 0.5061296296296296 0.03173958333333336 0.10310185185185182
0 0.24941145833333334 0.46152777777777776 0.013395833333333348 0.02100925925925931