1 0.03706770833333333 0.5411388888888888 0.03205208333333333 0.13338888888888883
1 0.07519270833333333 0.41165740740740736 0.029130208333333338 0.10775925925925925
1 0.23694791666666667 0.32551851851851854 0.025562500000000023 0.10215740740740745
1 0.35183333333333333 0.3008796296296296 0.02408333333333334 0.08621296296296298
2 0.39714062499999997 0.3912777777777778 0.025119791666666676 0.08922222222222223
1 0.44682812499999996 0.4438888888888889 0.030734374999999994 0.12037037037037036
1 0.48098958333333336 0.43796296296296294 0.024062500000000025 0.10851851851851856
1 0.5201510416666667 0.26235185185185184 0.027390625000000016 0.09804629629629628
1 0.6034791666666667 0.3364537037037037 0.027374999999999972 0.0980833333333334
1 0.7072187499999999 0.3818333333333333 0.02652604166666658 0.0962592592592593
1 0.6212916666666667 0.4722314814814815 0.023416666666666686 0.09926851851851855
1 0.6821197916666667 0.5246481481481482 0.02840624999999998 0.10412037037037042
1 0.7847135416666667 0.5179814814814815 0.031510416666666666 0.10559259259259256
1 0.8159635416666667 0.6546851851851851 0.03567187499999989 0.11974999999999993
1 0.6050416666666667 0.87975 0.040916666666666636 0.14395370370370372
1 0.47890625 0.7906574074074074 0.05322916666666669 0.13241666666666665
1 0.3172552083333333 0.7606481481481482 0.04658854166666669 0.12425000000000005
1 0.2641354166666667 0.5605925925925926 0.027848958333333347 0.12413888888888883
1 0.541296875 0.5883796296296296 0.021760416666666713 0.12786111111111104
1 0.5680677083333333 0.6020833333333333 0.03988020833333342 0.1330555555555556
0 0.6974322916666666 0.4135 0.011114583333333409 0.029962962962962976
2 0.9865625 0.8377037037037037 0.02687499999999995 0.1450370370370369