1 0.09969791666666666 0.3805925925925926 0.031093749999999993 0.08180555555555558
1 0.04934375 0.3796111111111111 0.03047395833333333 0.07274074074074069
0 0.516734375 0.3736203703703704 0.010963541666666642 0.016277777777777815
1 0.11871875 0.5331481481481481 0.03424479166666667 0.06933333333333344
2 0.11546875 0.28612037037037036 0.02259375 0.0706111111111111
1 0.43975000000000003 0.25766666666666665 0.026187499999999985 0.0675185185185185
1 0.3774635416666667 0.6538055555555555 0.0362395833333333 0.07665740740740737
1 0.7754791666666667 0.4798055555555556 0.028817708333333296 0.06899074074074073
1 0.4174322916666667 0.6253425925925926 0.02290104166666668 0.06864814814814824
1 0.5736822916666667 0.5145740740740741 0.02506770833333339 0.0760462962962964
1 0.802625 0.28341666666666665 0.02957291666666677 0.07762037037037041
1 0.32267708333333334 0.19674074074074074 0.027510416666666634 0.06930555555555552
1 0.6083072916666666 0.5152037037037037 0.03765104166666665 0.08118518518518525
1 0.7615885416666667 0.5510648148148148 0.027880208333333437 0.07184259259259251
1 0.296734375 0.37187037037037035 0.024828125000000038 0.06854629629629627
1 0.29898437499999997 0.2122962962962963 0.02705729166666669 0.06537037037037034
1 0.5018333333333334 0.3229444444444444 0.024343750000000004 0.07412962962962957
1 0.09263541666666668 0.5653611111111111 0.04269270833333335 0.08845370370370367
1 0.02096875 0.24498148148148147 0.02595833333333334 0.07206481481481483
1 0.2936875 0.31803703703703706 0.025015624999999986 0.06308333333333332
1 0.0043593749999999995 0.19368518518518518 0.008526041666666668 0.06447222222222222