1 0.171328125 0.34478703703703706 0.023489583333333345 0.0962407407407408
1 0.20111979166666666 0.31348148148148147 0.028901041666666672 0.09659259259259263
1 0.22767708333333334 0.3646111111111111 0.025770833333333344 0.1099537037037037
1 0.17591145833333333 0.5967129629629631 0.02432291666666669 0.12600925925925918
2 0.19111979166666665 0.5231666666666667 0.02556770833333335 0.11597222222222223
1 0.19997395833333334 0.48741666666666666 0.024526041666666682 0.10742592592592591
1 0.30340104166666665 0.8091759259259259 0.037635416666666664 0.15465740740740738
1 0.40891145833333337 0.6454259259259258 0.021578125000000035 0.13826851851851846
1 0.42484895833333336 0.616712962962963 0.026364583333333278 0.1363981481481481
1 0.515359375 0.8478981481481481 0.038640625000000026 0.1691296296296297
1 0.33787500000000004 0.3320092592592592 0.025338541666666714 0.1040092592592593
1 0.42953645833333337 0.3282962962962963 0.025322916666666608 0.09660185185185188
1 0.5572343750000001 0.44907407407407407 0.026552083333333344 0.11592592592592597
1 0.5863958333333333 0.41721296296296295 0.026546874999999897 0.09664814814814815
1 0.652015625 0.304962962962963 0.02861979166666657 0.1017685185185185
1 0.9049114583333334 0.3998055555555556 0.026078125000000084 0.1136759259259259
1 0.9922916666666667 0.6068981481481482 0.015416666666666618 0.12046296296296288
2 0.194140625 0.17529629629629628 0.021192708333333362 0.07947222222222221
0 0.5783802083333334 0.4401759259259259 0.012588541666666704 0.024046296296296323