1 0.10197916666666668 0.8049259259259259 0.06313020833333334 0.3075370370370371
1 0.21667708333333333 0.7803703703703704 0.02926041666666664 0.10505555555555558
0 0.3651302083333333 0.893287037037037 0.02095312500000001 0.03421296296296301
1 0.5126197916666667 0.7834814814814814 0.02735416666666666 0.11712962962962963
1 0.3603802083333333 0.7753518518518518 0.028489583333333356 0.10021296296296298
1 0.7432239583333333 0.786537037037037 0.034145833333333306 0.1408055555555555
1 0.9045729166666666 0.7973518518518519 0.028697916666666618 0.09840740740740739
1 0.06452083333333333 0.7781388888888888 0.015713541666666674 0.09696296296296299
1 0.15203124999999998 0.7778611111111111 0.020020833333333363 0.10920370370370376
1 0.3237552083333333 0.7762129629629629 0.030276041666666722 0.109574074074074
1 0.4171458333333333 0.7757499999999999 0.024739583333333332 0.13425
1 0.5717083333333334 0.7802314814814815 0.01815104166666662 0.08287037037037037