2 0.031276041666666664 0.5629074074074074 0.03681770833333333 0.11825000000000004
1 0.5973541666666667 0.4007222222222222 0.037380208333333324 0.09558333333333335
1 0.27616666666666667 0.3980925925925926 0.030942708333333346 0.09178703703703703
1 0.9773854166666667 0.636888888888889 0.028458333333333266 0.11882407407407401
1 0.5784479166666666 0.6885 0.04289062499999995 0.12193518518518523
1 0.208203125 0.43819444444444444 0.030531250000000003 0.09639814814814811
1 0.22280208333333332 0.3609907407407407 0.02872916666666665 0.08037037037037033
1 0.3596979166666667 0.6060925925925926 0.03735937500000001 0.11225925925925927
1 0.47334375 0.5238703703703703 0.03573437499999995 0.10872222222222223
1 0.5213541666666667 0.41885185185185186 0.03818229166666664 0.09437962962962969
1 0.4306979166666667 0.47626851851851854 0.03150520833333334 0.09734259259259254
1 0.013619791666666665 0.2581388888888889 0.018140625 0.08571296296296298
0 0.5898333333333333 0.43892592592592594 0.009859374999999915 0.015472222222222255