1 0.7331562500000001 0.4351851851851852 0.03464583333333333 0.09925000000000005
1 0.9225156250000001 0.6367222222222222 0.03419791666666659 0.13196296296296295
1 0.707640625 0.5083425925925926 0.01902604166666677 0.05668518518518521
1 0.5078645833333334 0.49574999999999997 0.031973958333333385 0.09075925925925925
1 0.529734375 0.5707777777777778 0.029890625000000053 0.10376851851851845
1 0.47515625 0.5778148148148148 0.029062499999999977 0.11044444444444441
1 0.40016145833333333 0.4735277777777779 0.02907812499999996 0.09075000000000004
1 0.48890625000000004 0.40461111111111114 0.03156249999999995 0.08626851851851848
1 0.44953645833333333 0.3105185185185185 0.02365104166666671 0.07584259259259256
1 0.23601041666666667 0.42980555555555555 0.025770833333333344 0.092212962962963
1 0.19080729166666668 0.38757407407407407 0.031192708333333326 0.09662962962962965
1 0.019359375 0.580962962962963 0.025807291666666666 0.11303703703703696
0 0.5720260416666666 0.5240833333333333 0.010302083333333437 0.025203703703703728