1 0.6693697916666667 0.6528055555555555 0.045192708333333324 0.09848148148148139
1 0.7446666666666667 0.6980833333333333 0.032109375000000044 0.09155555555555545
1 0.4165885416666667 0.8091759259259259 0.036015625000000044 0.11275925925925924
2 0.7815885416666667 0.11287037037037037 0.02507812500000005 0.058277777777777776
1 0.20093229166666668 0.54025 0.03363541666666669 0.09876851851851859
2 0.46442187500000004 0.4426111111111111 0.02575000000000003 0.08018518518518515
1 0.4256770833333333 0.49227777777777776 0.030052083333333358 0.08112962962962969
1 0.41795312500000004 0.35478703703703707 0.03195833333333328 0.08316666666666671
1 0.3444114583333333 0.3876296296296296 0.03447395833333336 0.0863981481481481
1 0.10878125000000001 0.5098425925925926 0.036276041666666654 0.10515740740740735
1 0.5874583333333334 0.4426666666666666 0.03040104166666661 0.07637037037037034
1 0.811171875 0.4043425925925926 0.028281250000000095 0.08507407407407407
1 0.06506770833333334 0.7673333333333333 0.034161458333333346 0.1206666666666666
1 0.23755729166666667 0.28312037037037036 0.033614583333333316 0.07818518518518523
1 0.368546875 0.5625925925925926 0.02660416666666663 0.08985185185185182
1 0.12663020833333333 0.6515648148148149 0.028635416666666677 0.10861111111111107
1 0.6050729166666666 0.2889351851851852 0.020427083333333228 0.07548148148148147
1 0.32297395833333337 0.5050462962962964 0.020874999999999963 0.09068518518518523
0 0.626421875 0.6919722222222222 0.012322916666666591 0.022222222222222223