1 0.16007812500000002 0.45871296296296304 0.034322916666666654 0.13520370370370374
1 0.20028645833333333 0.4238888888888889 0.02723437499999998 0.12480555555555557
1 0.21517708333333332 0.3935 0.025776041666666673 0.10849074074074071
1 0.26767708333333334 0.2775462962962963 0.022432291666666663 0.10620370370370372
1 0.4222447916666667 0.19418518518518518 0.023239583333333275 0.08022222222222221
1 0.40849479166666663 0.3320092592592592 0.02074479166666663 0.1040092592592593
1 0.4342239583333333 0.38535185185185183 0.024281249999999942 0.10700000000000005
1 0.50140625 0.30606481481481485 0.031557291666666626 0.08176851851851857
2 0.30600520833333333 0.5544814814814815 0.024093749999999994 0.1304351851851853
1 0.33558333333333334 0.4850092592592592 0.02492187499999995 0.12113888888888888
1 0.404328125 0.5089074074074074 0.03740624999999997 0.12077777777777783
1 0.48630208333333336 0.647287037037037 0.03677083333333329 0.14937962962962956
1 0.5451510416666667 0.5283518518518519 0.03571874999999996 0.11152777777777782
1 0.5785833333333333 0.6031944444444445 0.042171874999999893 0.12787037037037027
1 0.6230625 0.4257407407407408 0.024875000000000112 0.12110185185185188
1 0.7098229166666666 0.3809074074074074 0.03798437499999992 0.09811111111111115
1 0.7421145833333332 0.4527777777777778 0.040062500000000036 0.10851851851851856
1 0.8587708333333333 0.31366666666666665 0.03170833333333339 0.1080740740740741
2 0.37474999999999997 0.17121296296296296 0.019916666666666673 0.07873148148148151
0 0.7127447916666667 0.4194259259259259 0.010484375000000056 0.026999999999999972