1 0.5943072916666666 0.7901851851851852 0.060630208333333255 0.22588888888888892
1 0.7096510416666667 0.34175925925925926 0.0242916666666666 0.07487037037037038
1 0.8656666666666666 0.3743425925925926 0.03241666666666655 0.12462962962962965
1 0.95028125 0.3707314814814815 0.037947916666666734 0.11305555555555558
1 0.5666093750000001 0.45302777777777775 0.03856249999999998 0.13293518518518513
1 0.3767447916666667 0.31826851851851856 0.03684375 0.08755555555555551
1 0.3177395833333333 0.3745925925925926 0.020994791666666637 0.11037962962962966
1 0.9069635416666666 0.33701851851851855 0.03410416666666668 0.09737037037037034
2 0.6990416666666667 0.42971296296296296 0.02552604166666678 0.11886111111111111
1 0.6817864583333333 0.46422222222222226 0.0360260416666667 0.1481203703703704
1 0.32979687500000004 0.40703703703703703 0.027937500000000053 0.12113888888888892
1 0.5898697916666666 0.3049537037037037 0.02761979166666677 0.09031481481481478
1 0.88684375 0.34299999999999997 0.02428645833333339 0.10705555555555556
0 0.4091197916666667 0.3436203703703704 0.01036458333333338 0.013759259259259271