2 0.94128125 0.4036111111111111 0.03312499999999995 0.11286111111111109
1 0.41429166666666667 0.3385277777777778 0.0422239583333333 0.08188888888888894
1 0.17509375 0.776 0.06364583333333336 0.22150000000000003
1 0.5335052083333333 0.3569259259259259 0.040744791666666676 0.10515740740740735
1 0.33327604166666663 0.32636111111111116 0.035348958333333395 0.07569444444444444
1 0.474875 0.40185185185185185 0.024552083333333384 0.10116666666666665
1 0.7730833333333333 0.39658333333333334 0.024890624999999982 0.10944444444444448
1 0.871140625 0.35627777777777775 0.03359895833333345 0.1066111111111111
1 0.9796145833333333 0.3150833333333333 0.024708333333333363 0.09480555555555555
1 0.722984375 0.7411388888888888 0.03707291666666658 0.2039351851851852
1 0.9549583333333334 0.3232777777777778 0.02452604166666674 0.09602777777777781
1 0.7902708333333333 0.4439722222222222 0.031869791666666696 0.1333981481481481
1 0.7314739583333334 0.3058240740740741 0.019343749999999934 0.07876851851851857
0 0.33524479166666665 0.35431481481481486 0.00919270833333338 0.017851851851851827