1 0.26286979166666663 0.3631574074074074 0.02971875000000003 0.09071296296296298
1 0.013661458333333333 0.3270648148148148 0.027322916666666665 0.09245370370370372
1 0.43369270833333334 0.5346851851851853 0.05122916666666662 0.14905555555555558
1 0.21652083333333336 0.5583703703703703 0.05398958333333332 0.15207407407407408
1 0.324 0.40969444444444447 0.022203125000000056 0.11039814814814816
1 0.5471354166666667 0.4264907407407407 0.03634375000000004 0.11194444444444447
1 0.17069791666666667 0.5740833333333333 0.04069791666666666 0.1444351851851852
1 0.19695312499999998 0.31223148148148144 0.017421875000000024 0.08506481481481482
1 0.7580885416666666 0.511175925925926 0.025927083333333437 0.13171296296296298
1 0.8879895833333333 0.596574074074074 0.03672916666666666 0.15333333333333324
1 0.9406979166666667 0.5956111111111111 0.04064583333333331 0.14178703703703713
2 0.9343385416666667 0.46944444444444444 0.025218750000000036 0.1132037037037037
0 0.9236249999999999 0.5741759259259259 0.01402604166666658 0.026564814814814864