1 0.041026041666666666 0.44907407407407407 0.027468750000000004 0.11592592592592597
1 0.17945312500000002 0.3420092592592593 0.02723958333333331 0.08697222222222228
1 0.282046875 0.42943518518518525 0.030343749999999996 0.09887962962962965
1 0.2614270833333333 0.7913981481481481 0.03493229166666669 0.13389814814814827
1 0.31277604166666667 0.7619444444444444 0.04388020833333333 0.14537037037037037
1 0.42286979166666666 0.8143611111111111 0.04532291666666666 0.13539814814814816
1 0.30048437499999997 0.5930000000000001 0.03180208333333331 0.10378703703703696
2 0.28933854166666667 0.522425925925926 0.03242708333333333 0.09966666666666671
1 0.34152083333333333 0.34163888888888894 0.02638020833333338 0.09363888888888888
1 0.4041197916666667 0.39664814814814814 0.02449479166666665 0.09626851851851854
1 0.5909791666666667 0.3912777777777778 0.03571354166666675 0.08922222222222223
1 0.5489010416666668 0.5713333333333332 0.034885416666666676 0.12340740740740738
1 0.7800260416666667 0.5494722222222221 0.03255729166666678 0.11672222222222217
1 0.6986822916666667 0.8454814814814815 0.03860937500000006 0.1531944444444445
1 0.5122395833333333 0.7834351851851852 0.02822395833333336 0.14389814814814822
1 0.53515625 0.8017685185185185 0.03427604166666664 0.15464814814814812
1 0.981875 0.6420925925925927 0.036249999999999956 0.12418518518518508
1 0.8567916666666666 0.40647222222222223 0.034000000000000107 0.11220370370370376
1 0.6612864583333333 0.27958333333333335 0.03673958333333331 0.08434259259259262
2 0.22601041666666666 0.07488888888888888 0.02243750000000002 0.0638611111111111
0 0.40193229166666666 0.4490648148148148 0.013869791666666723 0.027018518518518473