1 0.2585625 0.26261111111111113 0.031234374999999984 0.06396296296296297
1 0.1295625 0.5718796296296296 0.04574479166666667 0.1367407407407408
1 0.425640625 0.6914351851851852 0.06557812500000004 0.19267592592592586
1 0.04760416666666667 0.23851851851851855 0.02576041666666667 0.0714259259259259
1 0.4735520833333334 0.3613611111111111 0.03170833333333339 0.10436111111111114
1 0.699203125 0.4828703703703704 0.03863541666666658 0.10771296296296295
1 0.10919270833333333 0.3085833333333333 0.02478645833333332 0.08543518518518517
1 0.6759166666666666 0.25607407407407407 0.02649479166666661 0.06844444444444443
1 0.7752291666666667 0.4624166666666667 0.04727083333333345 0.11930555555555558
1 0.496421875 0.32357407407407407 0.029265625000000028 0.09756481481481481
0 0.7743385416666667 0.522425925925926 0.01484375 0.021296296296296296