1 0.21500520833333334 0.44090740740740736 0.028479166666666642 0.10392592592592588
1 0.8279635416666667 0.31148148148148147 0.028244791666666675 0.08763888888888886
2 0.6194375 0.4896296296296296 0.032005208333333236 0.10063888888888894
1 0.20196874999999997 0.3228888888888889 0.027296874999999984 0.08896296296296301
1 0.6749010416666666 0.3658518518518519 0.024229166666666656 0.08947222222222222
1 0.328828125 0.34091666666666665 0.028281249999999977 0.07972222222222225
1 0.40173958333333337 0.44278703703703703 0.026932291666666684 0.09503703703703703
1 0.4428645833333333 0.7029814814814815 0.04125000000000002 0.12676851851851859
1 0.7234895833333332 0.26937962962962964 0.035390624999999905 0.07617592592592591
1 0.48088020833333334 0.30666666666666664 0.029557291666666666 0.07822222222222223
1 0.5172083333333333 0.38075 0.03018229166666669 0.08654629629629632
1 0.5214375 0.30739814814814814 0.03083333333333336 0.05912037037037039
1 0.7205989583333333 0.6624722222222222 0.0349270833333333 0.1254907407407407
1 0.205640625 0.5615185185185185 0.037348958333333356 0.1194166666666667
1 0.7691145833333334 0.6393518518518518 0.03608333333333344 0.12249999999999996
1 0.7534791666666667 0.3128425925925926 0.025296875000000087 0.0837592592592593
1 0.984375 0.6059722222222222 0.03125 0.11858333333333328
1 0.6906666666666667 0.2681944444444444 0.026963541666666656 0.06981481481481479
2 0.24947395833333333 0.21455555555555555 0.030005208333333342 0.07039814814814818
0 0.6254427083333333 0.2729259259259259 0.008703125000000018 0.01637962962962968