2 0.70409375 0.3344537037037037 0.028156249999999973 0.09721296296296297
1 0.7559270833333334 0.7946388888888889 0.05168229166666668 0.13773148148148148
1 0.9548749999999999 0.14784259259259258 0.025520833333333333 0.07833333333333331
1 0.43130208333333336 0.5707314814814815 0.043807291666666616 0.09738888888888894
1 0.494875 0.5881851851851851 0.03798958333333336 0.10896296296296303
1 0.5980260416666667 0.3692407407407407 0.026364583333333278 0.1076944444444444
1 0.6982447916666668 0.4463425925925927 0.038098958333333384 0.09514814814814819
1 0.3674739583333333 0.18519444444444444 0.022062499999999947 0.07936111111111109
1 0.402484375 0.8165092592592593 0.0467135416666667 0.18058333333333332
1 0.805953125 0.6842962962962963 0.034317708333333266 0.13237962962962965
1 0.3646875 0.3609351851851852 0.029218749999999953 0.1065370370370371
1 0.0069166666666666664 0.337712962962963 0.013739583333333333 0.10899074074074078
1 0.8957812500000001 0.14162962962962963 0.023166666666666676 0.07593518518518518
0 0.3982708333333333 0.7439537037037037 0.012369791666666666 0.02725925925925931