2 0.5703802083333334 0.43944444444444447 0.028822916666666743 0.10741666666666666
1 0.5224791666666666 0.366787037037037 0.03533333333333329 0.08725925925925927
1 0.5720104166666666 0.7859444444444444 0.040244791666666654 0.15448148148148141
1 0.5618229166666667 0.2909074074074074 0.03286979166666673 0.07305555555555554
1 0.8627760416666667 0.5690925925925926 0.03617708333333335 0.11685185185185189
1 0.08982291666666667 0.6367592592592592 0.04290104166666667 0.1359259259259259
1 0.8569895833333334 0.5024537037037037 0.03141666666666675 0.08179629629629627
1 0.265890625 0.4262222222222222 0.03604166666666669 0.06510185185185191
1 0.6476770833333333 0.3718148148148148 0.027010416666666735 0.0988796296296296
1 0.29544270833333336 0.4772037037037037 0.03792187499999997 0.10189814814814811
1 0.4230260416666667 0.2534814814814815 0.033531250000000054 0.07175925925925926
1 0.6199947916666667 0.4877222222222222 0.02652604166666658 0.11329629629629626
1 0.44433333333333336 0.4325555555555556 0.02823958333333335 0.08767592592592587
1 0.9146249999999999 0.6818240740740741 0.04224479166666673 0.150287037037037
1 0.49536458333333333 0.7235925925925926 0.036479166666666646 0.14109259259259269
1 0.432484375 0.3747037037037037 0.017916666666666713 0.08879629629629628
0 0.33638541666666666 0.37521296296296297 0.011833333333333347 0.02190740740740738
1 0.6002760416666667 0.5216574074074074 0.027463541666666678 0.11466666666666664