1 0.6096979166666666 0.3949259259259259 0.023072916666666762 0.0789907407407407
2 0.20010416666666667 0.2045833333333333 0.028395833333333325 0.06982407407407404
1 0.6056354166666666 0.5758796296296297 0.034250000000000114 0.10086111111111117
1 0.6744947916666667 0.3203425925925926 0.032401041666666686 0.06170370370370369
1 0.19340104166666666 0.48416666666666663 0.04041666666666668 0.10361111111111114
1 0.7904010416666666 0.5790925925925926 0.038406249999999885 0.10235185185185182
1 0.5386197916666667 0.28787962962962965 0.02432812500000002 0.055861111111111146
1 0.6190416666666666 0.36479629629629634 0.02252083333333322 0.07349074074074075
2 0.5204322916666667 0.410787037037037 0.02578125 0.07883333333333332
1 0.21051041666666667 0.306787037037037 0.027645833333333356 0.0738981481481482
1 0.5426302083333333 0.24377777777777776 0.026640625000000046 0.055907407407407406
1 0.6302239583333333 0.30053703703703705 0.017421874999999906 0.06755555555555559
1 0.9228802083333334 0.39921296296296294 0.0314114583333333 0.08575925925925926
1 0.2950885416666667 0.5464166666666667 0.03260937499999995 0.11075925925925936
1 0.7213177083333334 0.25624074074074077 0.019609375000000047 0.07264814814814816
1 0.5884791666666668 0.23022222222222222 0.022322916666666734 0.0679351851851852
1 0.4579739583333333 0.8760925925925925 0.0492552083333333 0.12311111111111114