1 0.44780729166666666 0.4733611111111111 0.03744270833333339 0.08384259259259255
1 0.68178125 0.5198981481481482 0.035395833333333356 0.11008333333333338
1 0.6962395833333334 0.6675925925925926 0.03963020833333341 0.13304629629629636
1 0.7938437500000001 0.4720648148148148 0.02996874999999998 0.10238888888888893
1 0.27448958333333334 0.43460185185185185 0.032109375000000016 0.1036481481481482
2 0.611859375 0.34979629629629627 0.030192708333333228 0.09903703703703708
1 0.8835364583333334 0.7331944444444445 0.04699999999999989 0.1411666666666667
0 0.46443229166666666 0.5415277777777778 0.013218750000000057 0.0205740740740741
1 0.402859375 0.454712962962963 0.0370729166666667 0.10787962962962967
1 0.9596822916666666 0.40125925925925926 0.040536458333333296 0.11053703703703703
1 0.3798229166666667 0.23416666666666666 0.024989583333333343 0.0791111111111111
1 0.26338541666666665 0.6002685185185185 0.04081250000000001 0.12071296296296286
1 0.20956770833333332 0.47804629629629625 0.027390625000000016 0.11238888888888894
1 0.28842708333333333 0.570962962962963 0.030994791666666664 0.11190740740740732
1 0.48606770833333335 0.4553611111111111 0.025661458333333324 0.07367592592592598
1 0.788375 0.28852777777777777 0.028901041666666554 0.08256481481481477
1 0.29759375 0.3988055555555555 0.027104166666666648 0.10987962962962959
1 0.5901197916666666 0.05424074074074074 0.016958333333333304 0.06464814814814814