1 0.02321354166666667 0.6376481481481481 0.039765625 0.1301111111111111
1 0.18934895833333334 0.7239722222222222 0.040776041666666644 0.14720370370370373
1 0.033526041666666666 0.4709351851851852 0.029135416666666667 0.12261111111111113
1 0.0858125 0.4114722222222222 0.037880208333333346 0.1110925925925926
1 0.15393229166666667 0.3823888888888889 0.028286458333333365 0.10107407407407404
1 0.23476041666666667 0.28458333333333335 0.023270833333333307 0.08324074074074073
1 0.318921875 0.3623796296296296 0.02492187499999995 0.1055092592592593
1 0.33506250000000004 0.5033518518518518 0.02596354166666662 0.10225000000000006
2 0.24351041666666667 0.5276203703703705 0.024104166666666652 0.12486111111111108
1 0.41391145833333337 0.40202777777777776 0.03157291666666661 0.10330555555555561
1 0.42630729166666664 0.5139074074074074 0.025114583333333346 0.10485185185185186
1 0.48921875 0.5624444444444445 0.025937499999999978 0.12043518518518513
1 0.524421875 0.6246851851851851 0.03384895833333334 0.12639814814814815
1 0.5717135416666667 0.462037037037037 0.032588541666666755 0.10482407407407411
1 0.6775364583333333 0.4990925925925926 0.03590625000000003 0.11965740740740742
1 0.5905625000000001 0.32385185185185184 0.026546874999999897 0.08770370370370373
1 0.6574322916666666 0.37275925925925923 0.022786458333333332 0.0966203703703704
1 0.8775208333333333 0.3320092592592592 0.027536458333333277 0.1040092592592593
1 0.9165781249999999 0.6343148148148148 0.0327395833333334 0.1308518518518518
2 0.28017187499999996 0.18751851851851853 0.022432291666666635 0.06687962962962965
1 0.41547395833333334 0.20919444444444446 0.020114583333333276 0.09172222222222225
0 0.6755572916666667 0.5337129629629629 0.013197916666666743 0.029657407407407382