1 0.25621354166666666 0.7227962962962963 0.07415104166666667 0.21308333333333324
1 0.289828125 0.20864814814814814 0.027088541666666664 0.0801203703703704
1 0.7301510416666667 0.3702037037037037 0.04572916666666676 0.11741666666666672
1 0.2535833333333333 0.3094074074074074 0.0441770833333333 0.09790740740740742
1 0.49686979166666667 0.2766574074074074 0.028734375000000038 0.09791666666666667
1 0.66234375 0.3814814814814815 0.03244270833333331 0.10751851851851853
1 0.6558489583333333 0.5531574074074074 0.09073958333333323 0.15608333333333327
1 0.07932291666666667 0.2335648148148148 0.025130208333333334 0.09258333333333334
1 0.01603125 0.5159907407407407 0.0320625 0.17457407407407405
1 0.12494270833333333 0.2774537037037037 0.03229166666666667 0.09692592592592596
0 0.7200000000000001 0.4223703703703704 0.01427083333333338 0.019425925925925944