1 0.514265625 0.5121851851851852 0.039328125 0.0860277777777778
1 0.4031458333333333 0.7052962962962963 0.032760416666666715 0.10683333333333343
1 0.8251510416666666 0.5341481481481481 0.02791666666666662 0.10723148148148143
1 0.7445625 0.6515740740740741 0.034296874999999956 0.10214814814814809
1 0.8273854166666667 0.29194444444444445 0.02944270833333344 0.07639814814814815
1 0.7937604166666666 0.3619074074074074 0.02431770833333336 0.08642592592592596
1 0.17570312500000002 0.3732962962962963 0.033093749999999984 0.10215740740740745
1 0.6526197916666666 0.613537037037037 0.0386562499999999 0.11319444444444444
1 0.6213177083333333 0.324037037037037 0.023630208333333277 0.08836111111111107
1 0.27216145833333333 0.5914444444444444 0.038442708333333304 0.12161111111111103
1 0.9798749999999999 0.4263333333333334 0.023677083333333352 0.09958333333333334
0 0.18550000000000003 0.4109351851851852 0.009072916666666646 0.01529629629629628
2 0.7990572916666667 0.12777777777777777 0.013776041666666572 0.06733333333333334
1 0.99153125 0.4544074074074074 0.01601041666666655 0.09797222222222217