1 0.34397916666666667 0.6442962962962964 0.06820312500000002 0.16341666666666668
1 0.8114427083333333 0.4555 0.05209374999999999 0.1371388888888889
1 0.5699375 0.3577222222222222 0.027953125000000037 0.10800925925925924
1 0.24425 0.33923148148148147 0.02681770833333334 0.104787037037037
1 0.503546875 0.24915740740740738 0.02397395833333332 0.07748148148148146
1 0.32050520833333335 0.2815925925925926 0.024354166666666663 0.08132407407407412
1 0.518984375 0.3426388888888889 0.026182291666666656 0.11574074074074074
1 0.733765625 0.31419444444444444 0.03332812499999989 0.1022592592592592
1 0.14909895833333334 0.4794814814814815 0.032484375 0.15346296296296297
1 0.20563541666666665 0.30912962962962964 0.02453645833333334 0.10192592592592596
0 0.7249895833333333 0.3517962962962963 0.010916666666666686 0.01693518518518515