1 0.5503125 0.25277777777777777 0.016921874999999885 0.05694444444444444
0 0.6571822916666666 0.4946296296296297 0.010453125000000086 0.01586111111111121
1 0.5443281249999999 0.5617500000000001 0.02936979166666666 0.08507407407407418
1 0.901765625 0.5427314814814814 0.02658854166666676 0.07781481481481478
1 0.6774635416666667 0.5570277777777778 0.029317708333333314 0.07069444444444437
1 0.7131510416666667 0.28798148148148145 0.022078124999999935 0.06007407407407407
1 0.13463541666666667 0.3719444444444444 0.020447916666666663 0.06449074074074072
1 0.5934114583333333 0.5587500000000001 0.026437500000000114 0.07882407407407417
1 0.944765625 0.4935833333333334 0.033947916666666585 0.07995370370370367
1 0.3563385416666666 0.3026944444444445 0.018619791666666666 0.06325000000000006
1 0.44957291666666666 0.16462037037037036 0.014734374999999982 0.04490740740740741
1 0.2642291666666667 0.20285185185185187 0.017531249999999984 0.05471296296296294
1 0.9371302083333333 0.563138888888889 0.02305208333333345 0.07809259259259252
2 0.6501614583333333 0.3540648148148148 0.024666666666666733 0.06635185185185183
1 0.6574375 0.17981481481481482 0.01636458333333337 0.05415740740740742
1 0.33271875 0.19086111111111112 0.017906250000000058 0.053796296296296314
1 0.6138385416666666 0.24985185185185182 0.021963541666666704 0.0540648148148148
1 0.8322083333333333 0.305287037037037 0.018125000000000096 0.06829629629629629
1 0.45307291666666666 0.45523148148148146 0.015572916666666714 0.0555648148148148
1 0.12265625 0.28828703703703706 0.016494791666666675 0.06259259259259262
1 0.46154687499999997 0.43744444444444447 0.01572395833333336 0.06590740740740736
1 0.44160937499999997 0.2748425925925926 0.01825520833333331 0.056537037037037094
2 0.09876041666666667 0.13702777777777778 0.015281249999999988 0.048694444444444464