1 0.6315104166666666 0.9637685185185184 0.04513541666666659 0.0724537037037037
1 0.8970208333333333 0.4579444444444445 0.03460416666666669 0.10975000000000003
1 0.2730416666666667 0.4298518518518519 0.04132812499999998 0.10143518518518514
1 0.6033072916666666 0.7300092592592592 0.03671875 0.14160185185185192
1 0.3311145833333333 0.481287037037037 0.037010416666666636 0.09454629629629625
1 0.7534947916666667 0.7226111111111111 0.04165104166666656 0.14415740740740746
1 0.947515625 0.48743518518518514 0.02602083333333335 0.1099537037037037
1 0.483421875 0.3413148148148148 0.018484375000000004 0.09423148148148146
1 0.28380208333333334 0.6375833333333334 0.03667708333333334 0.1336203703703703
1 0.7778020833333333 0.2736574074074074 0.02325520833333338 0.07590740740740742
1 0.144265625 0.33275925925925925 0.028125 0.09439814814814819
1 0.501796875 0.2832777777777778 0.02898437500000005 0.06477777777777781
2 0.7498177083333334 0.3965462962962963 0.02915625000000001 0.10196296296296296
1 0.6530989583333333 0.21560185185185182 0.023479166666666627 0.07141666666666664
1 0.6959531250000001 0.4878240740740741 0.025567708333333408 0.11624074074074071
1 0.989984375 0.6680370370370371 0.02002604166666657 0.12517592592592597
1 0.8380572916666666 0.3493796296296296 0.022276041666666656 0.0912407407407407
2 0.13407291666666668 0.20750000000000002 0.022718750000000003 0.07536111111111113
1 0.6130625 0.4384722222222222 0.022510416666666564 0.09431481481481482
1 0.7050677083333333 0.5284722222222222 0.01963020833333336 0.11257407407407406
0 0.2904010416666667 0.46955555555555556 0.008781249999999947 0.018250000000000034