1 0.67434375 0.3716481481481481 0.03337499999999996 0.09993518518518524
2 0.046619791666666674 0.47497222222222224 0.046973958333333336 0.13682407407407407
1 0.7193333333333333 0.5610462962962962 0.06040625000000001 0.14011111111111105
1 0.07188020833333333 0.6318611111111111 0.060197916666666657 0.20860185185185182
1 0.35262499999999997 0.29230555555555554 0.027729166666666673 0.08311111111111111
1 0.5762031249999999 0.271 0.024770833333333304 0.0803611111111111
1 0.2583020833333334 0.3385925925925926 0.02684895833333334 0.09322222222222218
1 0.13883333333333334 0.4829537037037037 0.044312500000000005 0.14840740740740738
1 0.5665781249999999 0.3800277777777778 0.034359374999999893 0.12275000000000004
1 0.9067500000000001 0.9638611111111112 0.0623385416666667 0.07226851851851858
1 0.24059895833333333 0.3164537037037037 0.015932291666666685 0.10602777777777776
1 0.6920625 0.32910185185185187 0.03274479166666661 0.10869444444444443
0 0.6446979166666666 0.3700925925925926 0.008921875000000056 0.020611111111111104