0 0.29128125 0.29337037037037034 0.010468749999999952 0.01774074074074071
2 0.8340677083333333 0.41645370370370366 0.03248958333333339 0.11257407407407412
1 0.13126041666666668 0.6954074074074074 0.053489583333333326 0.1479629629629629
1 0.35075 0.3241851851851852 0.028515625 0.08373148148148155
1 0.37618229166666667 0.20202777777777778 0.02645833333333331 0.08444444444444446
1 0.445546875 0.20978703703703702 0.02882812499999995 0.08378703703703705
1 0.8513854166666667 0.25435185185185183 0.026661458333333363 0.08600925925925924
1 0.7570989583333334 0.25558333333333333 0.032760416666666715 0.08284259259259262
1 0.6800677083333333 0.6266759259259259 0.045057291666666784 0.1149537037037038
1 0.653484375 0.38360185185185186 0.03121354166666658 0.08942592592592596
1 0.028932291666666665 0.39011111111111113 0.029682291666666673 0.11665740740740742
1 0.652953125 0.16772222222222222 0.027463541666666678 0.08135185185185187
1 0.6200052083333334 0.3771388888888889 0.03135416666666657 0.09571296296296297
1 0.9200520833333333 0.14109259259259258 0.018406250000000075 0.08144444444444443
2 0.2513802083333333 0.11040740740740738 0.014265624999999994 0.08466666666666665