1 0.45453125 0.6189537037037037 0.061661458333333384 0.19675
1 0.6982604166666667 0.42191666666666666 0.037588541666666704 0.15357407407407409
1 0.2753333333333333 0.5025462962962963 0.05567708333333335 0.17988888888888888
1 0.511765625 0.8948981481481482 0.06676562499999997 0.20701851851851846
1 0.34146875 0.31462962962962965 0.028614583333333363 0.11704629629629627
1 0.8396875 0.29385185185185186 0.03456770833333327 0.10188888888888885
1 0.767109375 0.3513981481481481 0.04322395833333322 0.12895370370370368
1 0.382734375 0.4121203703703703 0.036791666666666716 0.14743518518518514
1 0.5479531249999999 0.27379629629629626 0.033786458333333276 0.09545370370370374
1 0.008302083333333333 0.36629629629629634 0.016604166666666666 0.12112962962962957
2 0.3209739583333333 0.4377314814814815 0.06592708333333329 0.15890740740740736
1 0.46116666666666667 0.265537037037037 0.016223958333333382 0.10800925925925924
1 0.574078125 0.2986759259259259 0.020583333333333325 0.11645370370370368
1 0.24333333333333332 0.3070185185185185 0.028473958333333313 0.12200925925925925
2 0.13748958333333333 0.24430555555555558 0.021984375000000004 0.09445370370370369