2 0.37893229166666664 0.4267222222222222 0.027942708333333382 0.09832407407407412
1 0.9809583333333334 0.508361111111111 0.03111458333333322 0.11503703703703705
1 0.82396875 0.5077314814814815 0.027427083333333258 0.10553703703703705
1 0.22949479166666667 0.30257407407407405 0.025203124999999993 0.08302777777777774
1 0.9585312500000001 0.2684722222222222 0.02159895833333323 0.08607407407407408
1 0.07919791666666667 0.49012962962962964 0.029968750000000002 0.09214814814814813
1 0.5126145833333333 0.31043518518518515 0.03082812500000003 0.08853703703703704
1 0.5208802083333334 0.2247962962962963 0.024583333333333356 0.06428703703703705
1 0.84 0.34632407407407406 0.02396874999999999 0.08404629629629629
1 0.19271875 0.3037592592592593 0.021119791666666644 0.08537962962962967
1 0.7226614583333333 0.7340092592592593 0.03463541666666667 0.11686111111111115
1 0.02869791666666667 0.7493796296296297 0.039109375 0.07873148148148146
1 0.03894270833333333 0.2710185185185185 0.038427083333333334 0.07867592592592595
1 0.63075 0.3289722222222222 0.027932291666666723 0.09276851851851846
1 0.073796875 0.43645370370370373 0.023567708333333333 0.07221296296296296
1 0.48896875 0.24708333333333335 0.022744791666666705 0.05584259259259257
1 0.028739583333333336 0.8042407407407408 0.035317708333333336 0.058055555555555596
1 0.012046875 0.25450925925925927 0.023708333333333335 0.08104629629629627