1 0.38341666666666663 0.5065925925925926 0.038973958333333295 0.11803703703703705
0 0.40732812500000004 0.33205555555555555 0.009593750000000038 0.016629629629629664
2 0.7884010416666667 0.4662962962962963 0.03804166666666665 0.1224907407407407
1 0.9758802083333333 0.40682407407407406 0.03886979166666672 0.10420370370370367
1 0.4371770833333333 0.2894351851851852 0.02580729166666664 0.09563888888888886
1 0.7454166666666667 0.8540555555555556 0.05386979166666658 0.1764629629629629
1 0.9574374999999999 0.4964444444444444 0.03744791666666671 0.13255555555555557
1 0.6019166666666667 0.3771851851851852 0.042234375000000074 0.10339814814814811
2 0.018651041666666666 0.2832222222222222 0.03689062499999999 0.09643518518518517
1 0.3568645833333333 0.6144259259259259 0.046177083333333376 0.15316666666666673
1 0.104859375 0.35562037037037036 0.042885416666666655 0.10893518518518516
1 0.21933854166666666 0.5113148148148149 0.0496458333333333 0.13510185185185186
1 0.6955625 0.4212777777777778 0.031046875000000067 0.10431481481481479
1 0.49014062500000005 0.2958148148148148 0.03235416666666661 0.09574999999999997
1 0.7166093750000001 0.7223888888888889 0.04079687499999996 0.1423425925925926
1 0.9490520833333334 0.3708148148148148 0.024322916666666573 0.08249074074074077
1 0.9097864583333333 0.5366851851851852 0.03157291666666661 0.1297407407407408