1 0.20037500000000003 0.6888518518518519 0.04920833333333334 0.15394444444444444
1 0.45310937500000004 0.2528796296296296 0.02976041666666672 0.09884259259259259
1 0.3110416666666667 0.4066574074074074 0.04865104166666671 0.11093518518518523
1 0.8229583333333333 0.4940462962962963 0.03674999999999997 0.11310185185185188
1 0.6371718749999999 0.5944444444444444 0.03457812499999993 0.13720370370370377
1 0.81225 0.26430555555555557 0.026317708333333436 0.1017685185185185
1 0.5565885416666667 0.37239814814814814 0.03038541666666674 0.11522222222222217
1 0.6681979166666667 0.11302777777777777 0.024036458333333382 0.07762037037037035
1 0.5970989583333334 0.3036111111111111 0.026442708333333325 0.101462962962963
0 0.31066145833333336 0.45793518518518517 0.015598958333333357 0.02259259259259257
1 0.9481406250000001 0.3096388888888889 0.032078125000000075 0.09224074074074075
1 0.9439791666666667 0.186 0.024901041666666637 0.09814814814814815
2 0.7151041666666667 0.026851851851851852 0.025 0.053703703703703705