2 0.6423229166666666 0.2877962962962963 0.035770833333333245 0.10200925925925924
1 0.12772395833333333 0.4063148148148148 0.04221875 0.10926851851851851
1 0.22161458333333334 0.7834629629629629 0.07061979166666668 0.14748148148148146
1 0.7819687500000001 0.26487037037037037 0.029031249999999887 0.0969259259259259
1 0.34975 0.22977777777777778 0.03755729166666662 0.09245370370370368
1 0.7149322916666667 0.5320370370370371 0.051020833333333356 0.12500925925925926
1 0.9801875 0.2868148148148148 0.03961979166666675 0.10600000000000001
1 0.59959375 0.6597685185185185 0.051078125000000085 0.14822222222222214
1 0.6640416666666666 0.3816759259259259 0.04443229166666664 0.12304629629629628
1 0.91728125 0.4924351851851852 0.04330208333333327 0.12309259259259264
1 0.8385937499999999 0.5440833333333334 0.045874999999999964 0.137287037037037
1 0.2619739583333333 0.767287037037037 0.054338541666666657 0.13445370370370374
1 0.9880208333333333 0.6337962962962963 0.023958333333333335 0.11388888888888889
1 0.8947135416666666 0.10293518518518519 0.024708333333333363 0.06547222222222222
1 0.6518229166666667 0.6242037037037037 0.0401614583333334 0.12107407407407407
0 0.24258333333333332 0.761287037037037 0.016999999999999994 0.02651851851851861