1 0.5524947916666666 0.5786574074074075 0.030979166666666676 0.08319444444444436
1 0.5005885416666667 0.5405740740740741 0.02623958333333339 0.0868518518518518
1 0.5646510416666667 0.29910185185185184 0.022380208333333228 0.06587037037037036
1 0.86040625 0.34742592592592597 0.028401041666666772 0.06778703703703708
1 0.4505572916666667 0.3383148148148148 0.02246875000000005 0.0712777777777778
1 0.7096354166666666 0.17800000000000002 0.019010416666666665 0.05949999999999999
1 0.28078125000000004 0.22895370370370371 0.019166666666666644 0.06174074074074075
1 0.9092447916666667 0.3083796296296296 0.02276562500000002 0.07475925925925926
1 0.386234375 0.17700925925925926 0.016807291666666658 0.05285185185185184
1 0.87865625 0.5390277777777778 0.025020833333333315 0.0787037037037037
1 0.7149322916666667 0.2627962962962963 0.01903645833333343 0.06106481481481483
2 0.715234375 0.3633333333333333 0.028994791666666703 0.06752777777777784
1 0.28203645833333335 0.3302685185185185 0.023375000000000055 0.06250925925925925
1 0.7346510416666666 0.4812962962962963 0.02013541666666659 0.0790740740740741
1 0.2825 0.38603703703703707 0.022432291666666635 0.06712962962962964
1 0.31995312499999995 0.17471296296296296 0.0168333333333333 0.05239814814814818
1 0.826078125 0.4987314814814815 0.025093749999999915 0.07840740740740747
1 0.49635416666666665 0.2763425925925926 0.018838541666666705 0.06776851851851846
1 0.5260572916666667 0.6075185185185186 0.02528124999999998 0.07432407407407406
1 0.7270677083333333 0.43137037037037035 0.015421875000000066 0.06350925925925929
0 0.8186041666666667 0.5288518518518518 0.00919270833333338 0.014425925925925858