1 0.10539583333333334 0.20234259259259257 0.027041666666666676 0.12616666666666662
1 0.17111979166666666 0.21937962962962965 0.02723958333333331 0.11580555555555558
2 0.22476041666666668 0.2773611111111111 0.028270833333333318 0.12436111111111114
1 0.19893229166666665 0.3401574074074074 0.026609375000000015 0.12031481481481486
1 0.18955729166666666 0.3864722222222222 0.03702604166666668 0.14627777777777778
1 0.049567708333333335 0.47704629629629636 0.04038541666666666 0.14595370370370375
1 0.11716666666666666 0.7513888888888889 0.04849479166666666 0.18722222222222226
1 0.36183333333333334 0.7256388888888889 0.03575000000000005 0.17647222222222214
1 0.47734375 0.8078888888888889 0.03968750000000002 0.2224537037037037
1 0.5199427083333333 0.6254259259259259 0.039473958333333316 0.15751851851851842
1 0.5050520833333334 0.4972407407407407 0.03259895833333329 0.1381851851851852
1 0.3655833333333333 0.5557777777777778 0.034916666666666644 0.13673148148148154
1 0.3549583333333333 0.5120555555555555 0.0345 0.12337037037037038
1 0.39766145833333333 0.3935092592592593 0.032411458333333344 0.12330555555555552
1 0.49223958333333334 0.3786851851851852 0.029895833333333382 0.13812037037037034
1 0.4549479166666667 0.3364537037037037 0.026151041666666687 0.14254629629629634
1 0.4650520833333333 0.2182685185185185 0.027609374999999995 0.10616666666666669
1 0.44849479166666667 0.19196296296296295 0.025734375000000042 0.10541666666666669