1 0.016234375000000002 0.48675000000000007 0.03205729166666667 0.10980555555555553
1 0.035609375000000006 0.4593518518518519 0.03330208333333333 0.11425000000000005
1 0.171015625 0.7233888888888889 0.029114583333333322 0.131212962962963
1 0.16341145833333334 0.5647037037037037 0.02432291666666669 0.11385185185185188
1 0.10685416666666667 0.4010277777777778 0.03412499999999999 0.09760185185185183
1 0.20393229166666668 0.5037870370370371 0.019942708333333316 0.11424074074074068
1 0.18382812499999998 0.30325925925925923 0.023489583333333345 0.0798611111111111
1 0.25923958333333336 0.3684351851851852 0.024307291666666675 0.09169444444444443
1 0.40786979166666665 0.5519259259259259 0.023661458333333368 0.10682407407407418
1 0.45630208333333333 0.5254537037037037 0.02677604166666671 0.10942592592592598
1 0.8450208333333333 0.6511759259259259 0.029213541666666742 0.12753703703703703
1 0.3548541666666667 0.23437962962962963 0.01970833333333329 0.07543518518518522
1 0.46369791666666665 0.32307407407407407 0.02698437499999997 0.07874074074074071
1 0.4821354166666667 0.3910277777777778 0.028437499999999952 0.08501851851851856
1 0.49203125000000003 0.43064814814814817 0.025312499999999953 0.09760185185185187
1 0.5436927083333334 0.38658333333333333 0.020302083333333342 0.09094444444444447
1 0.7071145833333333 0.46194444444444444 0.028401041666666772 0.09722222222222222
1 0.7719010416666666 0.3367777777777778 0.020473958333333306 0.09873148148148148
2 0.2595520833333333 0.5198981481481482 0.027015625 0.10572222222222229
2 0.21684374999999997 0.20161111111111113 0.020776041666666658 0.07285185185185189
0 0.6903489583333333 0.48250000000000004 0.013614583333333267 0.02351851851851855