1 0.5090260416666667 0.6729814814814815 0.03070833333333335 0.1371944444444445
1 0.8908020833333333 0.5519351851851853 0.041770833333333236 0.12407407407407407
1 0.401421875 0.19585185185185186 0.029859374999999962 0.07133333333333335
1 0.4730989583333333 0.8095462962962963 0.05013541666666666 0.16027777777777769
1 0.6758697916666667 0.5105925925925926 0.04353645833333341 0.09597222222222225
1 0.7059270833333334 0.18948148148148147 0.024411458333333278 0.07189814814814813
1 0.6284010416666667 0.16546296296296295 0.022468749999999933 0.07066666666666666
1 0.78653125 0.26714814814814813 0.027359375000000106 0.08375925925925927
1 0.25340625 0.5024351851851852 0.03788020833333331 0.11750000000000003
1 0.16350520833333335 0.62675 0.036593749999999994 0.11824074074074079
1 0.6301249999999999 0.4641851851851852 0.04489583333333324 0.12529629629629635
1 0.76315625 0.5767407407407408 0.033255208333333286 0.12769444444444453
1 0.8657239583333334 0.3157037037037037 0.017515625000000055 0.06308333333333332
1 0.6330052083333333 0.3912222222222222 0.033786458333333276 0.08001851851851847
1 0.0078125 0.26342592592592595 0.015625 0.10092592592592593
1 0.8708645833333333 0.36514814814814817 0.039057291666666556 0.0804722222222222
1 0.41336979166666665 0.2843425925925926 0.03007291666666667 0.08587037037037037
1 0.6787447916666667 0.2826296296296296 0.026645833333333258 0.0881851851851852
0 0.145375 0.6164814814814814 0.010927083333333342 0.018500000000000016