1 0.9783437500000001 0.5741296296296295 0.04330729166666671 0.19375925925925924
1 0.4995260416666667 0.37672222222222224 0.03361979166666664 0.11645370370370368
1 0.368796875 0.8223240740740739 0.055765624999999965 0.2576574074074073
1 0.468375 0.5846388888888888 0.04959375000000001 0.17290740740740743
1 0.4248958333333333 0.23905555555555555 0.021760416666666654 0.08083333333333331
1 0.51534375 0.3290277777777778 0.026901041666666715 0.11459259259259258
1 0.266609375 0.3433611111111111 0.04238020833333336 0.1032685185185185
1 0.7751302083333333 0.3859444444444444 0.041463541666666735 0.1294444444444445
1 0.15809375 0.3030925925925926 0.028947916666666688 0.09574999999999997
1 0.21283854166666666 0.259212962962963 0.01721874999999997 0.09632407407407405
1 0.11044270833333333 0.45189814814814816 0.02936458333333333 0.14415740740740735
2 0.07233333333333333 0.43697222222222226 0.02534374999999999 0.1467592592592593
0 0.5236458333333334 0.3766759259259259 0.0112916666666667 0.018222222222222174