0 0.25319270833333335 0.32103703703703707 0.010567708333333314 0.014222222222222235
1 0.5248229166666667 0.2628240740740741 0.031052083333333334 0.07567592592592594
1 0.7636354166666667 0.7638611111111111 0.04497916666666673 0.1290833333333334
1 0.9295625 0.3288425925925926 0.027635416666666638 0.08669444444444444
1 0.45496875 0.5163888888888889 0.029635416666666713 0.1161666666666667
1 0.9919635416666667 0.2710092592592593 0.016072916666666732 0.08872222222222224
1 0.09008333333333333 0.30874999999999997 0.03182291666666668 0.09169444444444443
1 0.44567187500000005 0.4423981481481481 0.02248437500000004 0.07404629629629626
1 0.6647031250000001 0.2076574074074074 0.02738020833333342 0.07638888888888887
1 0.8905677083333334 0.2951944444444444 0.025901041666666676 0.0868333333333333
1 0.8339375 0.43374999999999997 0.02126041666666675 0.08949999999999997
1 0.8255260416666667 0.3989537037037037 0.014937499999999914 0.0709907407407407
1 0.9800520833333334 0.23483333333333334 0.01755208333333324 0.08299074074074074
2 0.5874791666666667 0.18060185185185187 0.019140625 0.08187962962962964