1 0.792734375 0.49977777777777777 0.038687500000000104 0.1033148148148148
1 0.47783854166666667 0.767212962962963 0.056208333333333374 0.137425925925926
1 0.7567291666666667 0.6941666666666667 0.04573958333333342 0.12621296296296292
1 0.8508802083333333 0.3435462962962963 0.034505208333333336 0.09243518518518522
1 0.5964010416666666 0.38791666666666663 0.03142708333333341 0.08963888888888895
1 0.3437395833333333 0.20373148148148149 0.024942708333333386 0.07055555555555555
1 0.5499791666666667 0.3454351851851852 0.02964583333333337 0.08344444444444445
1 0.145078125 0.2924907407407407 0.032869791666666676 0.08246296296296292
1 0.025437500000000002 0.4769166666666667 0.036203124999999996 0.10819444444444441
1 0.3445625 0.4021296296296296 0.033567708333333356 0.10278703703703702
1 0.29136979166666666 0.3353148148148148 0.029140625000000024 0.0848240740740741
1 0.5585208333333332 0.5674074074074074 0.04041145833333341 0.11258333333333326
1 0.2646875 0.48720370370370364 0.043526041666666695 0.0842314814814815
1 0.10383854166666667 0.3710555555555556 0.03460937499999999 0.09704629629629624
1 0.01571875 0.7012222222222223 0.0314375 0.13139814814814824
2 0.22688541666666667 0.5421018518518519 0.030411458333333325 0.10862962962962958
0 0.7605416666666667 0.5330462962962963 0.012406250000000086 0.01990740740740741
1 0.537359375 0.46170370370370367 0.030020833333333326 0.09932407407407405
1 0.566046875 0.5019166666666667 0.027927083333333276 0.0804907407407408
2 0.17865104166666665 0.18611111111111112 0.030489583333333313 0.06939814814814814
1 0.23565104166666667 0.4695092592592592 0.028473958333333313 0.08745370370370369