1 0.018942708333333332 0.4231388888888889 0.024973958333333334 0.1085092592592593
1 0.13747916666666665 0.5924444444444444 0.02453645833333334 0.11378703703703713
1 0.23351041666666666 0.8551203703703704 0.0374375 0.14282407407407408
1 0.14778645833333334 0.5491018518518518 0.022244791666666687 0.09375925925925925
1 0.146015625 0.3957222222222222 0.020786458333333317 0.08329629629629633
1 0.08612500000000001 0.3423796296296296 0.023921875000000002 0.08030555555555557
1 0.28683854166666667 0.4501851851851852 0.027427083333333376 0.11074074074074076
1 0.2495520833333333 0.27291666666666664 0.02368750000000001 0.0858240740740741
1 0.38777083333333334 0.428324074074074 0.018869791666666677 0.08924074074074073
1 0.40609895833333337 0.4864907407407407 0.022203125000000056 0.09446296296296294
1 0.44328645833333336 0.5342777777777777 0.027817708333333375 0.09375
1 0.44453645833333333 0.6543148148148148 0.030317708333333353 0.11159259259259258
1 0.5128645833333334 0.5491018518518518 0.025307291666666624 0.10857407407407406
1 0.442765625 0.3809074074074074 0.02885937500000004 0.08328703703703708
1 0.7230520833333334 0.39979629629629626 0.024854166666666563 0.08404629629629629
1 0.9327239583333333 0.6139351851851852 0.03378125000000007 0.12713888888888883
2 0.10289583333333334 0.26272222222222225 0.022041666666666664 0.07655555555555559
2 0.20913541666666668 0.55725 0.026192708333333314 0.11006481481481492
0 0.7150312499999999 0.4246111111111111 0.010901041666666582 0.022555555555555568