2 0.04765625 0.5806296296296297 0.024510416666666666 0.09187962962962964
1 0.07553125000000001 0.7613425925925926 0.03127083333333334 0.10633333333333325
1 0.61484375 0.49722222222222223 0.027239583333333428 0.08152777777777774
1 0.11742708333333333 0.2498425925925926 0.022713541666666674 0.06019444444444444
1 0.6867135416666666 0.3852777777777778 0.03481770833333329 0.07624074074074078
1 0.23183854166666668 0.35044444444444445 0.021604166666666678 0.06568518518518524
1 0.9603177083333333 0.5586944444444444 0.036781249999999946 0.08794444444444446
1 0.4528385416666667 0.28800925925925924 0.026041666666666668 0.06402777777777775
1 0.5221302083333333 0.9585185185185185 0.04212500000000006 0.08296296296296288
1 0.22309374999999998 0.4326388888888889 0.024192708333333358 0.07936111111111115
1 0.28878125000000004 0.378037037037037 0.019661458333333333 0.06968518518518518
1 0.7465520833333333 0.5468888888888889 0.026682291666666677 0.08190740740740744
1 0.45625520833333333 0.4381388888888889 0.02333854166666664 0.07737037037037042
1 0.43336979166666667 0.7421296296296296 0.033890624999999966 0.09350000000000001
0 0.6749791666666667 0.4131944444444444 0.007203124999999962 0.012185185185185157