1 0.17528645833333334 0.49315740740740743 0.02723958333333331 0.10780555555555561
1 0.2001770833333333 0.6165277777777778 0.054109374999999994 0.11009259259259267
1 0.24298958333333334 0.6106018518518519 0.03347916666666665 0.12787037037037027
1 0.38443229166666665 0.6165277777777778 0.04553645833333337 0.11009259259259267
1 0.3575625 0.41350925925925924 0.02929166666666667 0.08924074074074073
1 0.523484375 0.40257407407407403 0.025723958333333387 0.09330555555555554
1 0.523484375 0.6441296296296296 0.03405729166666672 0.10233333333333332
1 0.573796875 0.6359814814814815 0.028421875000000086 0.11565740740740749
2 0.5901458333333333 0.43591666666666673 0.02571354166666661 0.08591666666666668
1 0.6374375000000001 0.44907407407407407 0.03278645833333324 0.11592592592592597
1 0.71378125 0.45685185185185184 0.02506770833333339 0.09444444444444444
1 0.892203125 0.6945092592592593 0.02982812499999999 0.09938888888888882
1 0.915953125 0.5474351851851852 0.027322916666666686 0.10894444444444452
1 0.9213697916666667 0.3412685185185185 0.02982291666666678 0.10031481481481484
2 0.29319270833333333 0.14157407407407407 0.02138541666666664 0.06389814814814813
0 0.437453125 0.5616851851851852 0.01615624999999999 0.03004629629629634