2 0.8027395833333333 0.27496296296296296 0.029005208333333362 0.09291666666666669
1 0.6615104166666667 0.5396574074074074 0.045598958333333425 0.10923148148148151
1 0.13102604166666668 0.6578518518518519 0.053479166666666654 0.13066666666666657
1 0.558125 0.6796111111111112 0.05552083333333328 0.12401851851851857
1 0.39213020833333334 0.3862685185185185 0.02854687499999997 0.09951851851851853
1 0.39984895833333334 0.18134259259259258 0.023270833333333366 0.06847222222222221
1 0.040234375 0.31762037037037033 0.027088541666666664 0.09337962962962965
1 0.9455677083333334 0.15919444444444444 0.024739583333333332 0.07103703703703707
1 0.8902812499999999 0.12502777777777777 0.024796875000000065 0.06824999999999998
1 0.7577239583333333 0.35078703703703706 0.030192708333333228 0.07492592592592588
1 0.70303125 0.5235185185185185 0.03280208333333334 0.1084259259259259
1 0.6448854166666667 0.6555462962962963 0.030838541666666684 0.12629629629629638
1 0.44575000000000004 0.24667592592592594 0.028640625000000006 0.08264814814814814
1 0.36052083333333335 0.4914351851851852 0.036234374999999965 0.11217592592592596
0 0.33714062499999997 0.7381944444444445 0.015901041666666654 0.024379629629629564