1 0.008322916666666668 0.568925925925926 0.016223958333333333 0.12229629629629622
1 0.11466666666666667 0.5405833333333334 0.026833333333333324 0.12857407407407398
1 0.143515625 0.679138888888889 0.03245312500000001 0.13902777777777786
1 0.024671875 0.35052777777777777 0.021848958333333335 0.08179629629629633
1 0.03581770833333333 0.37646296296296294 0.021218750000000005 0.10403703703703705
1 0.15684895833333332 0.46982407407407417 0.017453124999999996 0.11298148148148152
2 0.17841145833333333 0.4922314814814815 0.020989583333333308 0.10965740740740747
1 0.11591666666666667 0.26012962962962966 0.020999999999999998 0.09360185185185188
1 0.17143229166666665 0.32162962962962965 0.021614583333333333 0.09807407407407404
1 0.24934375 0.3440462962962963 0.01910416666666664 0.1095740740740741
2 0.187890625 0.1504722222222222 0.017031250000000022 0.0668611111111111
1 0.36704166666666665 0.19474074074074074 0.025333333333333385 0.08503703703703706
1 0.35902083333333334 0.29421296296296295 0.01970833333333329 0.08768518518518523
1 0.3813125 0.2710648148148148 0.018453125000000032 0.10435185185185186
1 0.41786979166666666 0.4676018518518518 0.018656249999999968 0.1085277777777778
1 0.42578645833333334 0.4231388888888889 0.01782291666666668 0.1085092592592593
1 0.527859375 0.40535185185185185 0.030307291666666694 0.08774999999999998
1 0.6625364583333333 0.42387962962962966 0.02257291666666674 0.09516666666666664
1 0.701390625 0.2864351851851852 0.023192708333333437 0.09435185185185183
1 0.799296875 0.5387314814814815 0.03567708333333333 0.13227777777777774
0 0.657828125 0.4497685185185185 0.013932291666666667 0.031342592592592616