2 0.6314166666666666 0.41237962962962965 0.02972916666666663 0.10846296296296296
1 0.24191666666666667 0.2946018518518519 0.02915625000000001 0.09240740740740737
1 0.3784322916666667 0.3528888888888889 0.02951562500000004 0.10019444444444447
1 0.46228125000000003 0.35097222222222224 0.029421875000000004 0.09325000000000003
1 0.498078125 0.5604166666666667 0.03791666666666664 0.12280555555555565
1 0.06597916666666667 0.6693981481481482 0.048177083333333336 0.1558518518518518
1 0.772484375 0.33614814814814814 0.023484375000000075 0.09655555555555553
1 0.7598541666666667 0.21349074074074073 0.023031249999999896 0.08606481481481483
1 0.3463541666666667 0.19248148148148148 0.028369791666666682 0.08237962962962965
1 0.5787760416666666 0.23675 0.025833333333333285 0.08559259259259257
1 0.9921458333333334 0.34297222222222223 0.015708333333333258 0.08674999999999995
1 0.655703125 0.22674074074074074 0.0194583333333334 0.08371296296296293
1 0.011630208333333333 0.1827685185185185 0.023255208333333336 0.10738888888888891
1 0.4436041666666667 0.1930648148148148 0.025156249999999977 0.08488888888888889
1 0.605359375 0.15083333333333335 0.020119791666666723 0.08496296296296295
0 0.33984375 0.22630555555555557 0.008354166666666647 0.01582407407407405