1 0.212828125 0.1350462962962963 0.025692708333333356 0.0632314814814815
1 0.3569791666666667 0.17241666666666666 0.027187500000000024 0.06521296296296297
1 0.2658385416666667 0.30714814814814817 0.0327135416666667 0.09207407407407413
1 0.36164583333333333 0.6215648148148147 0.06103125000000003 0.1181018518518518
1 0.3827447916666667 0.3612314814814815 0.03810416666666671 0.09178703703703703
1 0.90978125 0.7713888888888889 0.05693229166666664 0.12359259259259261
1 0.44427083333333334 0.2638888888888889 0.02591666666666666 0.08087962962962965
1 0.4835520833333333 0.37933333333333336 0.03811458333333337 0.09467592592592593
1 0.06834895833333333 0.35666666666666663 0.043015624999999995 0.08611111111111111
1 0.0269375 0.6020833333333333 0.05156770833333333 0.11122222222222213
1 0.40748958333333335 0.6026666666666667 0.052578125000000024 0.11781481481481482
2 0.33376041666666667 0.2959351851851852 0.03892708333333334 0.08651851851851856
1 0.825046875 0.6609722222222223 0.04979687500000007 0.12028703703703711
0 0.5732864583333334 0.12505555555555556 0.016088541666666602 0.027027777777777776