2 0.39147916666666666 0.561675925925926 0.03126041666666666 0.11148148148148157
1 0.8606354166666667 0.38065740740740744 0.03498437500000004 0.10153703703703701
1 0.31281770833333333 0.586574074074074 0.03638020833333329 0.12018518518518514
1 0.30102083333333335 0.3703796296296296 0.03235937500000006 0.08331481481481483
1 0.5144583333333334 0.6592592592592592 0.03660416666666665 0.12410185185185182
1 0.584734375 0.40052777777777776 0.03060937499999999 0.08756481481481486
2 0.34548958333333335 0.2644814814814815 0.03508333333333328 0.08332407407407408
1 0.32385416666666667 0.3431944444444444 0.0242552083333333 0.08245370370370367
1 0.5599843750000001 0.4429537037037037 0.03040104166666661 0.10144444444444439
1 0.019140625 0.523 0.029286458333333328 0.11525925925925927
1 0.6576458333333334 0.4935 0.03347916666666677 0.10019444444444447
1 0.07653125 0.5447592592592593 0.034208333333333334 0.12742592592592603
1 0.4658333333333333 0.4081759259259259 0.03397916666666667 0.09749074074074071
1 0.5783645833333334 0.3257685185185185 0.027057291666666573 0.07074999999999997
1 0.23832291666666666 0.4105740740740741 0.027000000000000017 0.10421296296296292
1 0.6520520833333333 0.59075 0.03491145833333344 0.12176851851851851
1 0.24560416666666668 0.5370555555555555 0.028052083333333342 0.12137962962962956
1 0.3700104166666666 0.7095740740740741 0.038526041666666684 0.13725
1 0.5429479166666666 0.2965740740740741 0.02105729166666664 0.06698148148148152
1 0.3060208333333333 0.9682222222222223 0.04629687500000005 0.06355555555555555
0 0.8474531249999999 0.4197592592592592 0.009729166666666582 0.018203703703703673