1 0.9809895833333333 0.5569444444444445 0.03802083333333333 0.09351851851851851
1 0.636625 0.5751203703703703 0.029364583333333392 0.09534259259259262
1 0.16985416666666667 0.40146296296296297 0.027541666666666666 0.07113888888888893
1 0.7505416666666667 0.791175925925926 0.04079687499999996 0.10316666666666674
1 0.6479166666666667 0.4040277777777778 0.02815104166666676 0.0727592592592593
2 0.055234374999999995 0.5875 0.02629166666666666 0.09643518518518526
1 0.3803072916666667 0.28756481481481483 0.02279687499999999 0.0655
1 0.8195520833333333 0.5735092592592592 0.03359375 0.08458333333333325
1 0.24485416666666668 0.44275925925925924 0.023817708333333344 0.0714074074074074
1 0.5102916666666667 0.49840740740740735 0.030213541666666663 0.09107407407407403
1 0.19645833333333332 0.49271296296296296 0.02347395833333336 0.08020370370370376
1 0.65159375 0.7256481481481482 0.03760937500000002 0.0982314814814814
1 0.6302760416666667 0.42616666666666664 0.00657291666666661 0.013759259259259271