2 0.013541666666666667 0.4152777777777778 0.027083333333333334 0.09722222222222222
1 0.8859270833333334 0.43514814814814806 0.041484375000000046 0.09996296296296295
1 0.16002604166666667 0.33202777777777776 0.025770833333333344 0.07312037037037039
1 0.6885885416666666 0.5193888888888889 0.04169791666666664 0.11323148148148145
1 0.6275833333333334 0.23849074074074073 0.02346354166666676 0.05698148148148147
1 0.6471979166666666 0.5812407407407407 0.0452395833333334 0.14592592592592585
1 0.15948437499999998 0.23926851851851855 0.016489583333333318 0.05555555555555555
1 0.03963020833333333 0.33971296296296294 0.025546875000000004 0.07443518518518517
1 0.33123958333333337 0.27847222222222223 0.01998958333333339 0.06416666666666662
1 0.029484375 0.2702314814814815 0.018671874999999998 0.054101851851851804
1 0.5466718749999999 0.5954814814814815 0.041453125000000014 0.12665740740740739
1 0.5769270833333333 0.2925277777777778 0.026614583333333285 0.07629629629629628
1 0.4942083333333333 0.33631481481481484 0.024338541666666675 0.08688888888888892
0 0.6327395833333332 0.6237962962962963 0.013135416666666563 0.028611111111111195