1 0.4067395833333334 0.6213518518518518 0.03254166666666668 0.11082407407407413
1 0.302703125 0.3414629629629629 0.02396354166666666 0.08561111111111115
1 0.09344270833333333 0.4514722222222223 0.03253645833333332 0.10860185185185187
1 0.3097239583333333 0.8119537037037037 0.04132812499999995 0.15012962962962972
1 0.8502083333333333 0.23971296296296296 0.021010416666666743 0.07916666666666666
1 0.19675 0.2532777777777778 0.027406250000000004 0.0886388888888889
1 0.9453697916666666 0.2770740740740741 0.021317708333333248 0.07921296296296292
1 0.7073229166666667 0.16114814814814815 0.019010416666666665 0.06833333333333334
2 0.6044270833333333 0.10176851851851852 0.01544791666666659 0.06829629629629629
1 0.7668385416666667 0.4418888888888889 0.017057291666666665 0.09971296296296302
1 0.782828125 0.4518611111111111 0.019885416666666583 0.10006481481481476
0 0.204125 0.289962962962963 0.008338541666666663 0.01412037037037037