1 0.5774895833333333 0.3348703703703704 0.03238541666666658 0.0816666666666667
1 0.6684895833333333 0.5001851851851852 0.0338281249999999 0.09023148148148152
1 0.26759374999999996 0.8146666666666667 0.03417187499999998 0.11763888888888885
2 0.025875000000000002 0.5323333333333333 0.025812500000000006 0.10734259259259266
2 0.9658593750000001 0.6911574074074075 0.03043229166666658 0.10928703703703702
1 0.20647395833333335 0.22767592592592592 0.02136979166666665 0.07222222222222222
1 0.42690104166666665 0.6045092592592592 0.02550000000000002 0.09904629629629633
1 0.4373697916666667 0.4876111111111111 0.0316770833333333 0.09600925925925931
1 0.19123958333333332 0.36949074074074073 0.024692708333333317 0.07512962962962962
1 0.2983177083333333 0.8281851851851852 0.027260416666666624 0.12178703703703701
0 0.5761354166666667 0.5387777777777778 0.009380208333333447 0.016712962962962923