1 0.6029270833333332 0.9029537037037038 0.06740625000000004 0.19193518518518515
1 0.383359375 0.347462962962963 0.031182291666666608 0.08918518518518513
2 0.14388541666666665 0.533787037037037 0.041223958333333324 0.15961111111111115
1 0.6126197916666667 0.2886944444444445 0.03442708333333329 0.08337037037037033
1 0.7796875 0.36872222222222223 0.02976562500000005 0.11361111111111115
1 0.7466875000000001 0.5293888888888889 0.0377343749999999 0.14957407407407405
0 0.5326614583333333 0.3426666666666667 0.009677083333333296 0.016194444444444452
1 0.06736458333333334 0.45870370370370367 0.038557291666666674 0.14341666666666672
1 0.42959895833333334 0.3433611111111111 0.025796874999999986 0.10737962962962966
1 0.2992708333333333 0.3106388888888889 0.04426041666666668 0.08111111111111113
1 0.06891145833333333 0.30591666666666667 0.03195833333333334 0.08523148148148144
1 0.570390625 0.3806203703703704 0.029708333333333316 0.11267592592592587
1 0.03006770833333333 0.47024074074074074 0.042583333333333334 0.15838888888888883