1 0.568125 0.5611111111111111 0.031197916666666714 0.12273148148148144
1 0.12333333333333334 0.2980092592592593 0.035588541666666675 0.10161111111111112
1 0.9011302083333333 0.6468981481481482 0.04435416666666659 0.13647222222222233
1 0.653140625 0.36593518518518514 0.02781250000000005 0.10241666666666668
1 0.4962708333333333 0.4817592592592592 0.03406770833333338 0.11342592592592593
1 0.47079687499999995 0.14664814814814814 0.023635416666666725 0.0757962962962963
1 0.4238489583333333 0.8009907407407408 0.04427604166666666 0.17537037037037045
2 0.8285312499999999 0.3467037037037037 0.0262447916666666 0.10289814814814814
1 0.7801927083333333 0.3795462962962963 0.029036458333333334 0.08541666666666667
1 0.4590520833333333 0.39214814814814813 0.029427083333333333 0.09880555555555559
1 0.9524166666666667 0.10681481481481482 0.017213541666666762 0.07542592592592594
1 0.09591145833333334 0.5476296296296297 0.03588020833333332 0.125111111111111
0 0.42039062499999996 0.7281759259259258 0.015583333333333371 0.026370370370370388