1 0.6365364583333334 0.25669444444444445 0.023828125 0.09312037037037034
1 0.15554166666666666 0.31225 0.02954687500000001 0.10049999999999996
1 0.34963541666666664 0.21346296296296297 0.027937500000000053 0.07181481481481482
1 0.31391145833333334 0.32625000000000004 0.044869791666666714 0.0927037037037037
1 0.09001041666666666 0.439287037037037 0.02960937500000001 0.14234259259259255
1 0.18723958333333332 0.2324259259259259 0.02560416666666665 0.08935185185185182
1 0.01446875 0.24805555555555553 0.0289375 0.08904629629629629
1 0.08990104166666667 0.5342962962962963 0.04031249999999999 0.17518518518518522
1 0.19913541666666665 0.5957037037037037 0.03626041666666667 0.18927777777777785
1 0.40607812499999996 0.3231203703703704 0.03245312499999997 0.11835185185185179
1 0.6907239583333333 0.38628703703703704 0.02919791666666664 0.13594444444444448
0 0.66990625 0.4467777777777778 0.013588541666666742 0.027907407407407395