0 0.25381770833333334 0.5082685185185185 0.012062499999999983 0.017194444444444384
2 0.9190364583333334 0.25384259259259256 0.024270833333333287 0.10058333333333333
1 0.2660625 0.3590925925925926 0.026619791666666674 0.10145370370370375
1 0.37741145833333334 0.0922314814814815 0.021083333333333343 0.07175925925925927
1 0.6098177083333333 0.5674537037037037 0.0321197916666667 0.137462962962963
1 0.44390104166666666 0.25872222222222224 0.026291666666666675 0.08992592592592594
1 0.029682291666666662 0.20137962962962963 0.03533854166666666 0.09241666666666665
1 0.434140625 0.868787037037037 0.055802083333333384 0.1660000000000001
1 0.8230260416666667 0.20888888888888887 0.026437500000000114 0.09772222222222224
1 0.21865104166666666 0.454212962962963 0.03696875000000001 0.11610185185185184
1 0.8868385416666666 0.0330925925925926 0.02170312500000004 0.048009259259259265
1 0.748703125 0.28275 0.026968750000000104 0.08690740740740742
1 0.4996510416666667 0.4350925925925926 0.032213541666666616 0.09766666666666668
1 0.9888020833333333 0.1837962962962963 0.022395833333333334 0.075
1 0.37631770833333333 0.3047314814814815 0.022265625 0.10084259259259257
1 0.392 0.20236111111111113 0.019692708333333305 0.09355555555555554
1 0.8656197916666667 0.11788888888888888 0.022875000000000038 0.07270370370370369
1 0.9893229166666667 0.3055555555555556 0.021354166666666667 0.1037037037037037