1 0.2992239583333333 0.3522037037037037 0.02080729166666669 0.06442592592592597
1 0.6727708333333333 0.39209259259259255 0.027015624999999942 0.06110185185185186
1 0.160515625 0.2394074074074074 0.019880208333333312 0.059972222222222205
1 0.26387499999999997 0.4495462962962963 0.03152604166666665 0.06963888888888892
1 0.251890625 0.5826574074074073 0.024374999999999977 0.08255555555555563
1 0.49406770833333336 0.27899074074074076 0.02390625000000005 0.06503703703703705
1 0.516828125 0.391287037037037 0.025614583333333368 0.055351851851851826
1 0.23438020833333334 0.53925 0.029989583333333354 0.0716944444444445
1 0.943140625 0.5715092592592593 0.026989583333333417 0.09831481481481487
1 0.6446145833333333 0.5036111111111111 0.029062500000000095 0.07248148148148145
1 0.331953125 0.4043981481481482 0.02495312500000004 0.07278703703703705
1 0.4594270833333333 0.9821574074074074 0.03154687499999997 0.03568518518518515
1 0.6147864583333333 0.5004074074074074 0.02738020833333342 0.0890092592592593
0 0.6360677083333334 0.42310185185185184 0.006921874999999981 0.013870370370370387