1 0.8013489583333333 0.2049537037037037 0.04440625000000011 0.08074999999999997
1 0.349296875 0.35448148148148145 0.033635416666666626 0.1022037037037037
1 0.4505208333333333 0.09210185185185185 0.021614583333333333 0.07186111111111113
1 0.7692552083333334 0.27316666666666667 0.028744791666666696 0.08943518518518521
1 0.3565260416666666 0.8666574074074074 0.07410416666666665 0.15568518518518507
1 0.6215260416666666 0.5855092592592592 0.042583333333333445 0.127888888888889
2 0.9401614583333333 0.26046296296296295 0.027588541666666563 0.10897222222222219
1 0.5322604166666667 0.42662037037037037 0.036015625000000044 0.10272222222222227
1 0.09408854166666666 0.2125 0.028760416666666653 0.09133333333333332
1 0.21670833333333334 0.45527777777777784 0.0358125 0.14284259259259263
1 0.4729114583333333 0.24296296296296294 0.019343750000000052 0.09343518518518515
1 0.97421875 0.031018518518518518 0.025520833333333333 0.062037037037037036
1 0.3916510416666667 0.22678703703703704 0.02614062500000003 0.09836111111111112
0 0.23656770833333332 0.5109722222222223 0.013218749999999998 0.01796296296296305
1 0.8849374999999999 0.1115462962962963 0.027880208333333437 0.07561111111111112
1 0.45934895833333333 0.2635277777777778 0.018838541666666705 0.09063888888888888