1 0.2038125 0.7680555555555556 0.06981770833333337 0.16043518518518518
1 0.98 0.39897222222222223 0.03493749999999996 0.10465740740740738
1 0.457421875 0.3213425925925926 0.038526041666666684 0.10423148148148152
1 0.6192916666666667 0.2098796296296296 0.03794270833333328 0.08049074074074075
1 0.7177291666666666 0.4845277777777777 0.03299479166666662 0.11302777777777771
1 0.749578125 0.3446944444444444 0.0338958333333333 0.0996944444444444
1 0.9849947916666667 0.5015833333333334 0.0300052083333334 0.1242777777777778
1 0.865015625 0.6411944444444444 0.03481770833333329 0.14087037037037026
1 0.4908541666666667 0.34402777777777777 0.033255208333333286 0.09738888888888884
1 0.7694895833333334 0.2695740740740741 0.026989583333333417 0.09375925925925925
0 0.29339583333333336 0.4383425925925926 0.012562499999999944 0.01774074074074071
1 0.7879739583333334 0.3472777777777778 0.022958333333333296 0.09132407407407407
2 0.5575208333333334 0.15234259259259259 0.03250520833333326 0.08625925925925927