2 0.36700520833333333 0.42374999999999996 0.03071354166666668 0.10190740740740736
1 0.45745833333333336 0.2716574074074074 0.03416145833333329 0.07915740740740741
1 0.7746145833333333 0.2915648148148148 0.027250000000000087 0.08754629629629626
1 0.8105260416666666 0.25093518518518515 0.02755729166666659 0.07847222222222222
1 0.4505 0.6035833333333334 0.03783854166666671 0.09885185185185184
1 0.8468229166666668 0.4116388888888889 0.0360260416666667 0.10433333333333329
1 0.08626041666666667 0.21774074074074073 0.031510416666666666 0.0864259259259259
1 0.8979322916666667 0.6313796296296296 0.03341666666666659 0.128
1 0.8291510416666666 0.7902777777777777 0.03833333333333329 0.13880555555555563
1 0.2842864583333334 0.3010462962962963 0.03144270833333328 0.07997222222222222
1 0.8168645833333333 0.4844537037037037 0.031473958333333246 0.10749999999999997
1 0.219859375 0.6496111111111111 0.04285416666666665 0.11357407407407415