1 0.017796875 0.7441666666666668 0.028932291666666665 0.15424999999999991
1 0.15434895833333334 0.739712962962963 0.02911979166666665 0.13053703703703706
1 0.19216145833333334 0.4190648148148148 0.023484375000000016 0.10775925925925925
1 0.25934375 0.5161296296296296 0.030765625000000026 0.10929629629629627
1 0.25903125 0.7921296296296296 0.028057291666666668 0.12056481481481485
1 0.30017187500000003 0.5179814814814815 0.02909374999999995 0.09077777777777775
2 0.3018385416666666 0.4564814814814815 0.024093749999999994 0.08629629629629634
1 0.42620312499999996 0.3157037037037037 0.0269895833333333 0.08622222222222223
1 0.5826458333333334 0.41425 0.02738020833333342 0.09072222222222225
1 0.6652447916666666 0.41202777777777777 0.032156249999999886 0.08626851851851848
1 0.5676510416666667 0.6161574074074074 0.030713541666666563 0.10194444444444437
1 0.6147291666666667 0.6393148148148149 0.04154166666666678 0.11492592592592582
1 0.5509843750000001 0.8047314814814815 0.03071875000000001 0.1309444444444445
1 0.5788958333333334 0.7854629629629629 0.03654687500000004 0.12204629629629625
1 0.6130625 0.8365925925925926 0.03678645833333339 0.12058333333333335
1 0.7327395833333333 0.7728703703703704 0.05047916666666671 0.14129629629629623
1 0.7783593750000001 0.7124814814814815 0.045885416666666616 0.10200000000000008
1 0.8038802083333334 0.6633888888888889 0.028177083333333287 0.11123148148148158
0 0.8686666666666666 0.7760092592592593 0.011916666666666723 0.025342592592592493
2 0.9314739583333334 0.7928703703703703 0.05627604166666676 0.12204629629629625