1 0.5704999999999999 0.47745370370370366 0.030843749999999896 0.10618518518518524
1 0.48511979166666663 0.4851574074074074 0.04044791666666671 0.10074999999999995
1 0.3109166666666667 0.7353703703703705 0.049479166666666664 0.14476851851851844
1 0.22239583333333332 0.17712037037037037 0.02397395833333332 0.07495370370370369
1 0.8118229166666667 0.4816666666666667 0.051874999999999956 0.10604629629629628
1 0.6450364583333333 0.4054259259259259 0.029625000000000058 0.1106944444444444
1 0.08800520833333333 0.5544444444444444 0.031020833333333334 0.11407407407407412
1 0.15359375 0.41491666666666666 0.033729166666666664 0.10027777777777773
1 0.5023125 0.3353888888888889 0.023604166666666634 0.0837592592592593
1 0.48612500000000003 0.15375925925925926 0.016666666666666666 0.07359259259259261
2 0.5335260416666666 0.2574814814814815 0.023093750000000017 0.08583333333333334
1 0.6583697916666666 0.24460185185185188 0.02525520833333322 0.08233333333333333
1 0.7217760416666666 0.3122962962962963 0.022109374999999907 0.09132407407407407
1 0.42353124999999997 0.5999907407407408 0.036489583333333304 0.12895370370370368
1 0.7372604166666666 0.3302962962962963 0.022140625000000115 0.09501851851851852
1 0.9825104166666667 0.6103333333333333 0.03497916666666659 0.12188888888888898
1 0.32304166666666667 0.24442592592592594 0.026536458333333356 0.0886388888888889
1 0.5585104166666667 0.16517592592592592 0.02028645833333324 0.07058333333333335