1 0.13774479166666667 0.24282407407407408 0.027223958333333322 0.09010185185185182
1 0.6334583333333333 0.6328240740740741 0.032437500000000105 0.13716666666666655
1 0.8566614583333333 0.47159259259259256 0.029109374999999934 0.11467592592592595
1 0.4442447916666667 0.4056666666666667 0.02748958333333332 0.10949999999999999
1 0.4179322916666666 0.6953240740740741 0.043770833333333314 0.14467592592592593
1 0.5960729166666667 0.7042777777777778 0.034145833333333306 0.1404074074074075
1 0.46691145833333336 0.13416666666666668 0.02016666666666668 0.07201851851851854
1 0.824203125 0.19142592592592594 0.02152083333333342 0.08272222222222225
1 0.11136458333333334 0.4960277777777778 0.03848958333333332 0.13012037037037036
1 0.8269427083333334 0.3234444444444444 0.02492187499999995 0.11025000000000004
1 0.6923645833333333 0.5554629629629629 0.03593229166666655 0.12210185185185196
1 0.5786458333333333 0.2733981481481481 0.03010416666666676 0.09912037037037036
2 0.677671875 0.32475000000000004 0.031192708333333267 0.11746296296296298
1 0.8369895833333333 0.13375925925925927 0.017593750000000106 0.06784259259259258
1 0.395078125 0.46243518518518517 0.029296875 0.11563888888888887
1 0.7881354166666666 0.30097222222222225 0.029359374999999945 0.08588888888888888
0 0.46394270833333334 0.6898796296296297 0.015453125000000038 0.025999999999999933