2 0.17006770833333332 0.5655277777777777 0.03942187500000003 0.12340740740740738
1 0.4655260416666666 0.32862962962962966 0.0382447916666667 0.08861111111111115
1 0.5244322916666666 0.6945833333333333 0.036442708333333344 0.10745370370370366
1 0.30856770833333336 0.41014814814814815 0.033531250000000054 0.10157407407407412
1 0.26253645833333333 0.6098518518518519 0.036359375000000034 0.12171296296296301
1 0.6688229166666667 0.4952685185185185 0.04063541666666666 0.11137962962962959
1 0.5805 0.9221111111111112 0.04568229166666669 0.15213888888888893
1 0.7728177083333333 0.5434537037037036 0.0426510416666666 0.11923148148148147
1 0.548703125 0.7779537037037038 0.051755208333333275 0.1335833333333333
1 0.9283854166666666 0.4161944444444445 0.03574479166666673 0.12078703703703708
1 0.017890625000000004 0.6880092592592593 0.03553125 0.153212962962963
1 0.67625 0.38580555555555557 0.0344635416666667 0.08568518518518516
1 0.5470104166666666 0.6058703703703704 0.04298437500000005 0.12538888888888897
1 0.23032291666666668 0.522 0.045359375000000014 0.12234259259259264
1 0.557546875 0.2781018518518519 0.03161979166666669 0.08685185185185183
1 0.16319791666666666 0.3476666666666667 0.022843750000000006 0.09644444444444442
1 0.24303645833333334 0.3587314814814815 0.03234375000000001 0.09636111111111116
2 0.11547395833333333 0.24543518518518517 0.028546875000000003 0.07285185185185183
0 0.6679322916666667 0.4190555555555555 0.0106197916666666 0.020324074074074116