1 0.09913541666666667 0.3531481481481481 0.025505208333333317 0.09991666666666664
1 0.034151041666666666 0.48431481481481475 0.03602083333333333 0.12353703703703706
1 0.52703125 0.4228981481481482 0.034989583333333366 0.12237962962962964
1 0.42963541666666666 0.4416018518518519 0.04071354166666671 0.12594444444444447
1 0.939828125 0.3063240740740741 0.024442708333333247 0.09156481481481481
1 0.5026145833333333 0.9311574074074073 0.06247916666666668 0.13092592592592592
1 0.155140625 0.29941666666666666 0.02329166666666668 0.08041666666666669
1 0.6583072916666667 0.3458888888888889 0.03628645833333337 0.10454629629629626
1 0.07638020833333334 0.3245925925925926 0.019635416666666662 0.08909259259259261
1 0.7118333333333333 0.6218518518518519 0.04255208333333324 0.17752777777777778
1 0.4911510416666667 0.2720925925925926 0.024885416666666653 0.08034259259259258
2 0.0091875 0.5282777777777777 0.018375 0.12818518518518524
0 0.6449479166666666 0.3883333333333333 0.010244791666666704 0.018194444444444423