1 0.16216145833333334 0.7693055555555556 0.04682291666666665 0.13416666666666674
1 0.034671875 0.41879629629629633 0.025177083333333336 0.10352777777777783
1 0.059984375 0.3873240740740741 0.044546875 0.09242592592592597
1 0.15768229166666667 0.2758611111111111 0.019119791666666684 0.08430555555555554
1 0.24267708333333332 0.41880555555555554 0.03910416666666669 0.08871296296296302
1 0.26736458333333335 0.33825925925925926 0.019723958333333305 0.08688888888888892
1 0.34975 0.5045277777777778 0.023250000000000052 0.10090740740740742
1 0.35110416666666666 0.47768518518518516 0.027208333333333338 0.09536111111111112
1 0.6872239583333334 0.5782222222222222 0.0281979166666666 0.10755555555555563
1 0.5330677083333334 0.5398981481481482 0.028218749999999973 0.10126851851851863
1 0.5205677083333333 0.48268518518518516 0.02655729166666661 0.09424999999999997
1 0.7182604166666666 0.5861851851851853 0.03610416666666675 0.09755555555555546
1 0.9344947916666667 0.5787777777777778 0.035239583333333255 0.11237037037037027
1 0.820546875 0.33955555555555555 0.028171875000000075 0.09317592592592593
1 0.523796875 0.38028703703703703 0.02009895833333335 0.08575925925925926
1 0.51296875 0.3364074074074074 0.031765625000000006 0.0757777777777778
1 0.30350520833333333 0.1942037037037037 0.01909375000000004 0.07285185185185186
2 0.23476041666666667 0.5248981481481482 0.03160416666666664 0.10461111111111113
2 0.17976562499999998 0.17253703703703704 0.021614583333333333 0.0628611111111111
0 0.7409687500000001 0.6215555555555555 0.01068749999999999 0.023851851851851843