1 0.090203125 0.3116203703703704 0.03652604166666666 0.08699074074074079
2 0.535171875 0.43380555555555556 0.028260416666666722 0.10519444444444441
1 0.17200520833333333 0.6721851851851852 0.041703124999999966 0.13195370370370368
2 0.05271875 0.2038425925925926 0.034531250000000006 0.07944444444444446
1 0.851078125 0.34676851851851853 0.028999999999999915 0.10349999999999998
1 0.6468385416666667 0.2632314814814815 0.02865104166666678 0.08487962962962962
1 0.027015625 0.5430462962962963 0.04319791666666666 0.1290833333333334
1 0.5639375 0.5292037037037036 0.0374270833333334 0.10739814814814816
1 0.5337395833333333 0.26817592592592593 0.023239583333333275 0.08619444444444448
1 0.686125 0.23558333333333334 0.024625000000000105 0.08414814814814814
1 0.37995833333333334 0.3585462962962963 0.02396874999999999 0.08144444444444447
1 0.5080416666666667 0.6496203703703703 0.041703124999999966 0.1290462962962964
1 0.6659375 0.2539444444444444 0.027791666666666732 0.0883333333333333
1 0.27870833333333334 0.25405555555555553 0.028921874999999986 0.07992592592592589
1 0.9378541666666667 0.7284907407407407 0.04606770833333324 0.13237037037037042
1 0.8520520833333334 0.5123333333333334 0.03967187500000004 0.12211111111111106
1 0.3857552083333333 0.3085 0.020583333333333325 0.08577777777777776
1 0.5808958333333333 0.30468518518518517 0.02389583333333339 0.0908425925925926
1 0.4125729166666667 0.2547037037037037 0.021651041666666634 0.0837777777777778