2 0.143796875 0.6119722222222221 0.04392708333333335 0.11070370370370365
1 0.59753125 0.5131851851851852 0.032192708333333306 0.09820370370370365
2 0.08540104166666666 0.27125925925925926 0.028578125000000003 0.06950000000000003
1 0.5652604166666666 0.42833333333333334 0.026250000000000048 0.09648148148148153
1 0.35391666666666666 0.6160833333333333 0.03333333333333333 0.10553703703703705
1 0.13775520833333335 0.3297777777777778 0.030494791666666656 0.07824074074074074
1 0.43875 0.35439814814814813 0.03204687499999999 0.07416666666666669
1 0.7765729166666666 0.38499074074074074 0.03959374999999999 0.09907407407407408
1 0.16727604166666668 0.5051481481481481 0.02944270833333332 0.0970833333333333
1 0.9441510416666666 0.6087592592592593 0.03241666666666655 0.11410185185185187
1 0.038552083333333334 0.45087037037037037 0.04194791666666666 0.10085185185185182
1 0.3071510416666667 0.2729259259259259 0.024369791666666647 0.07670370370370373
1 0.5340677083333334 0.41214814814814815 0.027968749999999966 0.0886018518518519
1 0.3472708333333333 0.7339166666666667 0.03210416666666672 0.12228703703703697
1 0.2772604166666667 0.37363888888888885 0.02581770833333333 0.08759259259259261
1 0.30975520833333337 0.39058333333333334 0.034177083333333275 0.09133333333333332
1 0.534765625 0.5456851851851852 0.03242708333333339 0.10799074074074064
1 0.207421875 0.4994814814814815 0.030161458333333318 0.09807407407407409
0 0.7640677083333334 0.42316666666666664 0.009802083333333418 0.016185185185185202