0 0.5321822916666666 0.44105555555555553 0.02211458333333335 0.026277777777777775
2 0.32540625 0.37166666666666665 0.03919791666666666 0.14455555555555555
1 0.052890625 0.21741666666666667 0.03686458333333333 0.10367592592592595
1 0.97884375 0.48960185185185184 0.042312499999999885 0.14839814814814814
1 0.5584635416666667 0.21712037037037038 0.040041666666666725 0.09150925925925928
1 0.26875 0.9291666666666667 0.05625 0.14166666666666666
1 0.407015625 0.3468425925925926 0.03869270833333331 0.10134259259259264
1 0.7184062499999999 0.3515462962962963 0.033578124999999896 0.11937037037037034
1 0.30351041666666667 0.3321851851851852 0.023734374999999967 0.11944444444444445
1 0.49708854166666666 0.2814537037037037 0.0490260416666666 0.11041666666666666
1 0.8107604166666668 0.27635185185185185 0.043359375 0.11462037037037036
1 0.14397916666666666 0.21397222222222223 0.03175000000000001 0.09846296296296295
1 0.7081770833333334 0.22528703703703704 0.02765624999999995 0.09260185185185184
1 0.444984375 0.38076851851851856 0.04481770833333331 0.11844444444444441
1 0.01484375 0.3490740740740741 0.0296875 0.1574074074074074
1 0.9095520833333333 0.28885185185185186 0.03931250000000001 0.13526851851851854