1 0.8085572916666667 0.7261203703703704 0.05241145833333339 0.1176296296296296
1 0.24163541666666666 0.3898611111111111 0.03421354166666664 0.08400925925925927
1 0.6085416666666668 0.5490462962962963 0.03397916666666655 0.1007037037037037
1 0.544390625 0.505425925925926 0.03340104166666672 0.09765740740740743
1 0.652421875 0.2846296296296296 0.029677083333333344 0.07797222222222226
1 0.8410572916666667 0.44930555555555557 0.029859374999999962 0.08952777777777783
1 0.21847395833333336 0.6186574074074074 0.03365104166666667 0.09699074074074074
1 0.26252083333333337 0.626287037037037 0.039218750000000004 0.10529629629629632
1 0.930953125 0.42016666666666663 0.031125000000000114 0.09840740740740739
1 0.4481875 0.5658148148148149 0.03840104166666668 0.1176666666666666
1 0.8697604166666667 0.36124999999999996 0.026328125000000095 0.08138888888888887
2 0.86996875 0.1938425925925926 0.027630208333333427 0.05802777777777779
1 0.47038541666666667 0.5814907407407407 0.033994791666666656 0.11404629629629637
0 0.22773958333333333 0.5436388888888889 0.010343750000000007 0.01832407407407404