2 0.7825624999999999 0.40335185185185185 0.025307291666666742 0.0883148148148148
1 0.37972395833333333 0.6783240740740741 0.06134374999999999 0.17539814814814822
1 0.978140625 0.7408888888888888 0.04371875000000003 0.18637037037037035
1 0.41088020833333333 0.41347222222222224 0.024567708333333372 0.08687037037037042
1 0.6004166666666666 0.48663888888888895 0.03090104166666663 0.11554629629629626
1 0.8970052083333333 0.34556481481481477 0.02961979166666661 0.07818518518518514
1 0.9415364583333333 0.40347222222222223 0.023901041666666602 0.09428703703703707
1 0.6559322916666667 0.31534259259259256 0.021250000000000095 0.06252777777777775
1 0.956640625 0.3608796296296296 0.01857812500000004 0.08745370370370374
1 0.435203125 0.3813611111111111 0.023703124999999995 0.07441666666666667
1 0.7235520833333333 0.33108333333333334 0.018526041666666753 0.06681481481481479
1 0.7034010416666666 0.3564907407407407 0.02733333333333334 0.07574074074074069
1 0.35513020833333336 0.3189074074074074 0.020723958333333313 0.06997222222222227
1 0.15494270833333335 0.47206481481481477 0.03504166666666665 0.11226851851851846
0 0.34341145833333336 0.37333333333333335 0.010072916666666624 0.014416666666666713
1 0.8413072916666666 0.2766851851851852 0.017932291666666583 0.05748148148148152