1 0.6891875 0.37739814814814815 0.0458593750000001 0.11491666666666668
1 0.7941197916666667 0.5735462962962963 0.03247916666666673 0.12922222222222218
1 0.906875 0.2677407407407408 0.026932291666666684 0.10358333333333333
1 0.5744947916666666 0.24692592592592594 0.029979166666666637 0.08835185185185183
1 0.2998541666666667 0.3988055555555555 0.05163541666666672 0.1231759259259259
1 0.7645625 0.11341666666666667 0.02333854166666664 0.0850925925925926
1 0.9355833333333333 0.429962962962963 0.04113020833333323 0.10731481481481485
1 0.312546875 0.68775 0.04260937499999997 0.16765740740740734
1 0.7094322916666667 0.2862222222222222 0.028942708333333417 0.10209259259259258
2 0.739171875 0.037425925925925925 0.021781250000000085 0.07450000000000001
0 0.31413541666666667 0.44630555555555557 0.011427083333333362 0.020314814814814865