1 0.11856249999999999 0.5916481481481481 0.02876041666666668 0.10454629629629637
1 0.17910416666666668 0.8447777777777777 0.034468750000000034 0.1274907407407408
1 0.6132083333333332 0.3260648148148148 0.02293229166666677 0.08658333333333333
1 0.211515625 0.22505555555555556 0.021255208333333307 0.07133333333333333
1 0.3927083333333333 0.8296666666666667 0.03795312499999994 0.12287037037037041
1 0.16972916666666665 0.34358333333333335 0.02432812500000002 0.08198148148148145
1 0.6347552083333333 0.48187037037037034 0.027645833333333297 0.09756481481481487
1 0.4385104166666667 0.4267592592592592 0.025515625000000004 0.08626851851851848
1 0.4033125 0.5132777777777778 0.022312499999999957 0.08532407407407411
2 0.9642239583333333 0.7158611111111111 0.03527083333333323 0.11299999999999996
0 0.6050156250000001 0.5394814814814815 0.010125000000000028 0.01820370370370378