1 0.24184375 0.7704166666666666 0.029104166666666664 0.12898148148148145
1 0.0951875 0.593037037037037 0.02745833333333335 0.10755555555555563
1 0.06196354166666666 0.4767592592592592 0.02559374999999999 0.11202777777777778
1 0.053421874999999994 0.3795462962962963 0.02934375000000001 0.08427777777777776
1 0.12987500000000002 0.324 0.01974479166666665 0.07688888888888885
1 0.17424479166666668 0.34325925925925926 0.020989583333333308 0.08576851851851851
1 0.3517291666666667 0.3758425925925926 0.017624999999999957 0.09168518518518518
1 0.3656875 0.6326574074074074 0.024708333333333363 0.12012962962962964
1 0.49109375 0.5128611111111111 0.025520833333333333 0.09905555555555558
1 0.4064114583333333 0.33196296296296296 0.024911458333333296 0.08170370370370371
1 0.42297395833333334 0.3660277777777778 0.018447916666666706 0.07576851851851855
1 0.4830729166666667 0.41824999999999996 0.036562500000000026 0.08389814814814817
1 0.5156770833333334 0.4721296296296296 0.02468229166666672 0.10647222222222223
1 0.6971197916666667 0.38325000000000004 0.02506770833333339 0.09168518518518518
1 0.9533489583333333 0.5589629629629629 0.029192708333333428 0.11348148148148143
1 0.40536979166666665 0.25419444444444445 0.021994791666666676 0.0743148148148148
2 0.11039583333333333 0.2410462962962963 0.020375 0.0739537037037037
2 0.12841666666666668 0.5447129629629629 0.020994791666666682 0.10349074074074073
1 0.4472447916666667 0.9724074074074075 0.039901041666666616 0.0551851851851851
0 0.6822239583333333 0.42010185185185184 0.009864583333333362 0.02094444444444445