1 0.07258854166666667 0.3746111111111111 0.02600520833333334 0.10774074074074075
1 0.198515625 0.4157314814814815 0.025776041666666673 0.10850000000000005
1 0.25371875 0.4483333333333333 0.040348958333333344 0.09962962962962965
2 0.18861979166666665 0.5333611111111111 0.028901041666666672 0.12524074074074074
1 0.11674999999999999 0.26828703703703705 0.022666666666666658 0.09508333333333335
2 0.12685416666666666 0.18603703703703703 0.02411979166666668 0.07874074074074076
1 0.30788020833333335 0.34423148148148147 0.023677083333333352 0.10624074074074075
1 0.3389166666666667 0.3031111111111111 0.02325520833333338 0.09065740740740738
1 0.3407916666666667 0.19529629629629627 0.022838541666666618 0.08986111111111113
1 0.51453125 0.32162962962962965 0.02030729166666667 0.08325925925925923
1 0.42036979166666666 0.6708055555555555 0.02365625000000004 0.12605555555555545
1 0.46953125 0.9372222222222223 0.05531250000000002 0.12555555555555548
1 0.45921875 0.5772592592592594 0.03260937499999995 0.10562962962962956
1 0.5040104166666667 0.5298425925925926 0.02634895833333329 0.12931481481481483
1 0.5651510416666666 0.4663055555555556 0.02571354166666661 0.1022314814814815
1 0.5657760416666666 0.41425 0.031130208333333322 0.07589814814814817
1 0.6643072916666667 0.4136944444444445 0.024031249999999935 0.1007222222222222
1 0.7907552083333333 0.30348148148148146 0.02276041666666657 0.09880555555555559
1 0.9507447916666667 0.5239074074074075 0.02606770833333343 0.11745370370370367
0 0.657015625 0.4451759259259259 0.013619791666666714 0.02293518518518517