1 0.45418749999999997 0.29918518518518517 0.029489583333333277 0.07231481481481483
1 0.17758333333333332 0.3536296296296296 0.027932291666666664 0.1003611111111111
1 0.6980260416666667 0.9209074074074075 0.0518645833333333 0.1400833333333334
2 0.6147552083333333 0.3768518518518518 0.025588541666666725 0.0933703703703704
1 0.35032291666666665 0.6085462962962963 0.03307812499999999 0.11477777777777781
1 0.8389947916666666 0.3352777777777778 0.030078125 0.09502777777777778
1 0.17465624999999999 0.5597777777777777 0.04783854166666668 0.12363888888888887
1 0.424140625 0.2494259259259259 0.022609375000000043 0.07795370370370373
1 0.5373802083333333 0.4713148148148148 0.02745312500000002 0.10185185185185185
1 0.37650520833333334 0.20974074074074076 0.02364583333333338 0.06531481481481484
1 0.27713020833333335 0.2577777777777778 0.021869791666666673 0.07183333333333335
1 0.8397864583333334 0.23010185185185184 0.028510416666666552 0.0669074074074074
1 0.24883854166666666 0.2212314814814815 0.016598958333333337 0.08121296296296297
1 0.5269635416666667 0.17571296296296296 0.02808333333333337 0.07365740740740742
1 0.65559375 0.23258333333333334 0.022927083333333324 0.07888888888888891
2 0.22641145833333332 0.1623425925925926 0.01629687499999998 0.07514814814814817