1 0.6634218749999999 0.31927777777777777 0.015072916666666695 0.08120370370370375
1 0.6234791666666666 0.5124537037037038 0.027151041666666723 0.09474999999999999
1 0.5082447916666667 0.5147407407407407 0.02781250000000005 0.09625000000000004
1 0.355140625 0.6413240740740741 0.033406250000000054 0.11190740740740732
1 0.29018229166666665 0.29485185185185186 0.030421875000000043 0.08790740740740735
1 0.4427083333333333 0.4717037037037037 0.026500000000000058 0.08952777777777772
1 0.6061510416666667 0.3600925925925926 0.022718749999999944 0.08001851851851847
1 0.11167708333333333 0.7543518518518519 0.03789583333333333 0.1194722222222222
1 0.7633854166666667 0.5908518518518519 0.02307812499999997 0.10832407407407409
2 0.4615520833333333 0.7424074074074074 0.02179687499999995 0.12206481481481475
1 0.63 0.3343981481481481 0.020130208333333382 0.06875925925925926
1 0.6396197916666666 0.2967685185185185 0.013979166666666742 0.0743148148148148
1 0.5568385416666667 0.38907407407407407 0.021244791666666648 0.08914814814814813
1 0.6492239583333334 0.3543425925925926 0.019229166666666703 0.08083333333333328
1 0.5158541666666667 0.44169444444444445 0.02787499999999999 0.0819722222222222
1 0.5787187500000001 0.3831759259259259 0.018968750000000038 0.08946296296296297
1 0.8578281249999999 0.37280555555555556 0.026317708333333436 0.09024074074074077
2 0.9486458333333334 0.1287685185185185 0.026114583333333267 0.060037037037037055
1 0.491796875 0.7691944444444445 0.019979166666666614 0.11624999999999996
1 0.6320520833333333 0.3916851851851852 0.01668749999999998 0.07943518518518515
1 0.5012604166666667 0.7343981481481481 0.017958333333333344 0.09962037037037029
0 0.47556770833333334 0.7978240740740741 0.011281250000000043 0.01842592592592601
1 0.67859375 0.31307407407407406 0.021401041666666742 0.07970370370370373