1 0.5004427083333333 0.8468611111111112 0.07065104166666665 0.22223148148148147
1 0.12236979166666666 0.3552592592592593 0.02491145833333334 0.09985185185185189
1 0.379859375 0.4172962962962963 0.031796874999999974 0.10836111111111109
1 0.46405208333333337 0.39425000000000004 0.032432291666666654 0.11462037037037033
1 0.6800625 0.5417037037037037 0.045895833333333275 0.14404629629629623
1 0.644765625 0.35591666666666666 0.035578124999999974 0.09809259259259265
1 0.07186979166666667 0.32561111111111113 0.02314583333333333 0.09050000000000001
1 0.546609375 0.27976851851851847 0.020656249999999925 0.07861111111111109
1 0.1923645833333333 0.3052037037037037 0.02311979166666666 0.08280555555555562
1 0.05744270833333334 0.47230555555555553 0.03024479166666667 0.13602777777777775
2 0.007994791666666666 0.5576203703703704 0.015984375000000002 0.14594444444444435
0 0.6261197916666668 0.40593518518518523 0.009505208333333333 0.0169074074074074