2 0.42667187500000003 0.4262222222222222 0.0269895833333333 0.10060185185185183
1 0.3060260416666667 0.7644537037037037 0.04128125 0.13402777777777777
1 0.2655572916666667 0.40602777777777777 0.027671875000000026 0.08463888888888886
1 0.35580729166666664 0.5182314814814816 0.04196354166666663 0.1136759259259259
1 0.45663020833333334 0.31952777777777774 0.02830208333333329 0.09115740740740745
1 0.4227135416666667 0.3058888888888889 0.027192708333333353 0.08867592592592591
1 0.896625 0.33178703703703705 0.03501562500000001 0.09436111111111108
1 0.543625 0.2624351851851852 0.010791666666666562 0.0825925925925926
1 0.9250572916666666 0.5560092592592593 0.04822916666666662 0.1206666666666666
1 0.6001458333333333 0.23295370370370372 0.01967187499999999 0.0786388888888889
1 0.18743229166666667 0.2765833333333333 0.02681770833333334 0.08530555555555555
1 0.2920989583333334 0.26195370370370374 0.023286458333333353 0.08066666666666666
1 0.8679322916666667 0.7499074074074074 0.03815104166666667 0.12755555555555556
1 0.11728125 0.3300925925925926 0.03174999999999999 0.08310185185185186