1 0.25872395833333334 0.7981851851851851 0.06712500000000003 0.22782407407407404
1 0.398375 0.7838148148148149 0.033645833333333285 0.13148148148148148
1 0.9789375 0.8188981481481481 0.02634374999999996 0.10363888888888895
1 0.050666666666666665 0.7844444444444445 0.025911458333333335 0.0980833333333334
1 0.35090625000000003 0.7875462962962962 0.03290104166666671 0.08582407407407412
1 0.890703125 0.8063888888888888 0.0270260416666666 0.08957407407407408
1 0.12627604166666667 0.7842129629629631 0.03184895833333332 0.09232407407407411
1 0.4771145833333333 0.7972407407407407 0.03685416666666666 0.09351851851851851
1 0.009375 0.7851851851851852 0.01875 0.1111111111111111
1 0.786125 0.8005925925925926 0.025802083333333316 0.12683333333333335
1 0.153359375 0.7866388888888889 0.024734375000000006 0.09567592592592586
1 0.18374479166666668 0.7820648148148148 0.020718749999999987 0.09019444444444452
1 0.20415625 0.7856296296296297 0.027604166666666666 0.09183333333333339
1 0.9579062500000001 0.8156111111111112 0.02233333333333339 0.0859814814814814
1 0.5980989583333333 0.7939537037037038 0.020541666666666694 0.07374074074074083
0 0.8015000000000001 0.31790740740740736 0.01598437500000003 0.02846296296296297