2 0.07383854166666667 0.5291018518518518 0.028505208333333334 0.12783333333333327
1 0.062796875 0.30625925925925923 0.03558854166666666 0.09325000000000003
1 0.10695833333333334 0.46723148148148147 0.03225000000000001 0.11519444444444447
1 0.16934895833333333 0.4870462962962963 0.03411458333333333 0.11410185185185187
1 0.22351041666666666 0.3383055555555556 0.03410416666666668 0.10920370370370376
1 0.24257291666666667 0.20307407407407407 0.024312499999999973 0.08319444444444446
1 0.31621354166666665 0.31977777777777777 0.023671875000000023 0.10177777777777774
1 0.3564166666666667 0.2855092592592593 0.024916666666666625 0.08138888888888887
1 0.40266145833333333 0.35867592592592595 0.0257447916666667 0.0981018518518519
1 0.32787499999999997 0.5476203703703704 0.038671875 0.12042592592592588
1 0.291421875 0.6357962962962963 0.028260416666666663 0.11899999999999998
1 0.524734375 0.3933148148148148 0.02822395833333336 0.08218518518518518
1 0.5630677083333333 0.4396296296296297 0.029880208333333276 0.09332407407407409
1 0.620875 0.304962962962963 0.030916666666666735 0.1017685185185185
1 0.8834583333333333 0.5531759259259259 0.028994791666666703 0.12413888888888883
0 0.8159635416666667 0.5494629629629629 0.010677083333333334 0.027814814814814782