1 0.9136666666666666 0.7770462962962963 0.10316666666666663 0.18275925925925937
0 0.6784739583333333 0.5092314814814815 0.020786458333333258 0.027777777777777776
1 0.554265625 0.3076574074074074 0.04107291666666673 0.09300000000000005
1 0.33765625 0.44662962962962965 0.05625 0.1109537037037037
1 0.21873958333333335 0.3811203703703704 0.03785937500000003 0.12158333333333328
1 0.41993749999999996 0.7204722222222222 0.05830208333333336 0.2025462962962963
2 0.16208333333333333 0.37275925925925923 0.03881770833333332 0.11042592592592591
1 0.9209010416666668 0.5363333333333333 0.05260937500000011 0.12373148148148158
1 0.19756770833333331 0.2741388888888889 0.03427083333333331 0.08312037037037036
1 0.34686458333333337 0.22991666666666666 0.02614062500000003 0.07240740740740742
1 0.46499479166666663 0.3915925925925926 0.042765624999999946 0.11313888888888883
1 0.11473958333333334 0.42118518518518516 0.05282291666666666 0.1249444444444445
1 0.41354166666666664 0.23798148148148146 0.027744791666666657 0.07322222222222223
1 0.022510416666666665 0.3856574074074074 0.03442708333333333 0.11792592592592593
1 0.4168541666666667 0.4505555555555556 0.04717187499999997 0.11390740740740739
1 0.528421875 0.2780740740740741 0.025364583333333357 0.10097222222222221