1 0.0745625 0.6246851851851851 0.04038020833333334 0.12639814814814815
1 0.22840625 0.6083796296296295 0.037645833333333316 0.13824999999999996
1 0.12497916666666666 0.4401851851851852 0.03286979166666666 0.11296296296296296
1 0.2649635416666667 0.34867592592592594 0.029515625000000007 0.10031481481481484
1 0.4119322916666667 0.34349074074074076 0.02553124999999999 0.08993518518518519
2 0.4722395833333334 0.4053611111111111 0.02322916666666662 0.1025648148148148
1 0.41224479166666667 0.6798796296296297 0.036572916666666684 0.1256851851851852
1 0.4984895833333333 0.7098888888888888 0.03405729166666672 0.1338518518518518
1 0.5320260416666667 0.807324074074074 0.030302083333333306 0.14353703703703702
1 0.569734375 0.708037037037037 0.03488020833333323 0.10791666666666662
1 0.6297291666666667 0.683212962962963 0.02986979166666662 0.12495370370370375
1 0.5166145833333333 0.48908333333333337 0.024473958333333337 0.10706481481481486
1 0.5409843750000001 0.48834259259259255 0.027385416666666627 0.10557407407407406
1 0.689515625 0.5383611111111111 0.028609374999999916 0.0944907407407407
1 0.7259687499999999 0.6846944444444445 0.030687500000000038 0.12791666666666676
1 0.8508541666666667 0.7736111111111111 0.03254166666666668 0.1427777777777778
1 0.8641875 0.6180092592592593 0.025874999999999915 0.11305555555555546
1 0.8665833333333333 0.5885555555555555 0.024416666666666722 0.10970370370370372
1 0.7276354166666666 0.37275925925925923 0.025687500000000085 0.0966203703703704
1 0.772109375 0.41350925925925924 0.03339062500000007 0.08924074074074073
1 0.5847291666666667 0.26901851851851855 0.02321354166666675 0.08174999999999999
0 0.4239114583333333 0.73025 0.018239583333333323 0.03384259259259255