1 0.14776562499999998 0.7846481481481481 0.06326562500000002 0.31397222222222215
1 0.22707291666666668 0.7710092592592593 0.03223958333333332 0.10435185185185189
1 0.6070781249999999 0.7853425925925925 0.032895833333333256 0.11902777777777773
1 0.44497395833333336 0.7710833333333333 0.03248437499999994 0.10444444444444441
1 0.30888541666666663 0.7748518518518519 0.042578125 0.11613888888888894
1 0.8406302083333334 0.7944537037037037 0.041015625 0.14012962962962955
1 0.9290833333333333 0.7936944444444445 0.032109375000000044 0.09791666666666667
1 0.491359375 0.7752407407407408 0.04520312499999998 0.1419074074074074
0 0.36399479166666665 0.8891388888888889 0.02126562499999996 0.033777777777777795
1 0.06926041666666666 0.7736944444444445 0.023182291666666664 0.09680555555555552
1 0.5700625 0.7739351851851852 0.014734374999999982 0.08010185185185184