1 0.36493749999999997 0.46675925925925926 0.03135416666666669 0.08549074074074073
1 0.5999010416666667 0.13327777777777777 0.021651041666666752 0.07387962962962964
1 0.04303645833333333 0.2796296296296296 0.026843749999999996 0.08534259259259258
1 0.4303072916666667 0.471787037037037 0.02858854166666672 0.10130555555555558
1 0.8441302083333333 0.45902777777777776 0.02960937499999995 0.0933611111111111
2 0.428 0.3573148148148148 0.02166145833333329 0.08900000000000001
1 0.45774479166666665 0.8567592592592592 0.03848958333333338 0.11918518518518521
1 0.9913385416666666 0.11931481481481483 0.017317708333333334 0.0778888888888889
1 0.656671875 0.5404259259259259 0.02698437499999997 0.10441666666666664
1 0.5549166666666667 0.8659907407407407 0.03104166666666662 0.12260185185185193
1 0.9854947916666668 0.5535648148148148 0.029010416666666573 0.10202777777777783
1 0.6578333333333333 0.7304259259259259 0.03358333333333334 0.10949999999999999
1 0.27493229166666666 0.1633425925925926 0.022562499999999996 0.06662962962962961
1 0.24981770833333333 0.7398055555555556 0.03475000000000002 0.12935185185185188
1 0.706609375 0.3966851851851852 0.02355208333333323 0.08712962962962965
1 0.694828125 0.22698148148148148 0.022416666666666647 0.08075
1 0.9604427083333333 0.5672407407407407 0.028677083333333304 0.09325925925925928
1 0.5259479166666667 0.4402592592592593 0.03093229166666672 0.09032407407407403
1 0.4384635416666667 0.3244814814814815 0.016135416666666676 0.086037037037037