2 0.7174166666666667 0.6271666666666667 0.030463541666666552 0.10253703703703705
1 0.4865729166666667 0.5350648148148148 0.026109375000000056 0.09119444444444445
1 0.5529010416666666 0.6932962962962963 0.028031250000000084 0.09507407407407413
1 0.66325 0.45854629629629634 0.023781249999999924 0.08399074074074077
1 0.5900729166666667 0.7548981481481482 0.03253125000000002 0.11146296296296307
1 0.31821354166666665 0.4095185185185185 0.027395833333333286 0.08036111111111108
1 0.16948437500000002 0.7506296296296295 0.03675520833333336 0.10645370370370373
1 0.4093333333333333 0.4940925925925926 0.031156249999999965 0.08055555555555556
1 0.50209375 0.4432407407407407 0.027854166666666676 0.08303703703703699
1 0.008036458333333333 0.29989814814814814 0.016072916666666666 0.07475925925925926
1 0.9596354166666666 0.9675925925925926 0.034895833333333334 0.06481481481481481
1 0.22046875000000002 0.5438425925925926 0.026088541666666683 0.09462037037037042
1 0.41851041666666666 0.3559537037037037 0.024937500000000057 0.07002777777777777
1 0.454046875 0.5400555555555555 0.025890625000000018 0.09110185185185195
1 0.4456354166666667 0.39149074074074075 0.024916666666666625 0.07903703703703704
0 0.3243958333333333 0.4945462962962963 0.012515624999999985 0.018509259259259267