1 0.08008333333333333 0.16917592592592592 0.04100520833333334 0.08576851851851851
1 0.056755208333333335 0.3736851851851852 0.027677083333333328 0.1095925925925926
1 0.067171875 0.5342870370370371 0.02350520833333333 0.10856481481481481
1 0.046234375 0.7773148148148148 0.05871874999999999 0.1501944444444445
1 0.279234375 0.8151018518518518 0.06430208333333336 0.13687962962962957
1 0.291734375 0.903462962962963 0.04763541666666669 0.14692592592592588
1 0.2856927083333333 0.6006018518518518 0.03971875 0.1300925925925926
1 0.3735 0.6609907407407407 0.034078125000000035 0.1397592592592593
1 0.42453645833333337 0.6813611111111111 0.03198958333333337 0.14347222222222225
1 0.4702604166666667 0.6165277777777778 0.033854166666666664 0.11009259259259267
1 0.5501510416666666 0.48315740740740737 0.03738541666666671 0.11001851851851846
1 0.574734375 0.513537037037037 0.028213541666666706 0.11151851851851857
1 0.73628125 0.6295000000000001 0.04506249999999999 0.12862037037037044
1 0.814296875 0.5346574074074074 0.04067187500000007 0.13153703703703698
1 0.5902499999999999 0.3342222222222222 0.03217187499999999 0.09363888888888888
1 0.33725 0.4079537037037037 0.03658854166666667 0.10035185185185184
1 0.292046875 0.4031388888888889 0.025343750000000043 0.0981203703703704
2 0.09216666666666667 0.5283518518518519 0.03183333333333334 0.11152777777777782
0 0.45089062500000004 0.6331851851851852 0.01594270833333328 0.03230555555555565