2 0.17922395833333335 0.5213796296296297 0.03626041666666667 0.11358333333333334
1 0.03544270833333333 0.8752777777777777 0.04888541666666666 0.1566296296296296
1 0.7066874999999999 0.2916944444444444 0.030593749999999885 0.08826851851851855
1 0.12159375 0.30825 0.034078125 0.08519444444444443
1 0.834953125 0.6046759259259259 0.03678645833333339 0.10233333333333332
1 0.386265625 0.3229259259259259 0.02723958333333331 0.08429629629629626
1 0.705171875 0.42345370370370367 0.0317135416666666 0.09362037037037038
1 0.03480208333333333 0.29266666666666663 0.03138541666666666 0.08729629629629627
1 0.24804166666666666 0.3636388888888889 0.03227604166666668 0.09222222222222225
1 0.2826875 0.17179629629629628 0.021781249999999967 0.06972222222222223
1 0.4234114583333334 0.5810185185185185 0.034890625 0.11369444444444442
2 0.06355208333333334 0.1612685185185185 0.024515625000000003 0.06864814814814814
1 0.7038281249999999 0.6168703703703704 0.04939062499999996 0.09372222222222225
1 0.5908177083333332 0.5443611111111111 0.039322916666666666 0.11000925925925921
1 0.43674999999999997 0.28971296296296295 0.027083333333333334 0.08475925925925923
1 0.5338437500000001 0.3751759259259259 0.03103645833333335 0.0904444444444444
1 0.36448958333333337 0.5398981481481482 0.03537500000000004 0.07991666666666662
1 0.34153645833333335 0.45508333333333334 0.03365624999999994 0.09946296296296298
1 0.011197916666666667 0.4222222222222222 0.022395833333333334 0.1111111111111111
0 0.8387760416666666 0.6430833333333333 0.010437499999999982 0.02014814814814814