1 0.7559635416666667 0.5153055555555556 0.029994791666666742 0.11624999999999996
0 0.42634375 0.7185185185185186 0.012557291666666614 0.02164814814814825
1 0.7007604166666667 0.5312037037037037 0.03872916666666673 0.11665740740740742
1 0.6568854166666667 0.6418333333333333 0.028661458333333438 0.1400277777777778
1 0.6967656249999999 0.23916666666666667 0.02596354166666662 0.09090740740740738
2 0.745546875 0.3116203703703704 0.030989583333333334 0.10069444444444445
1 0.47571875 0.4237870370370371 0.022395833333333334 0.10722222222222223
1 0.09885416666666667 0.277037037037037 0.027973958333333323 0.09299999999999997
1 0.8233958333333333 0.11368518518518518 0.01758854166666666 0.07222222222222222
1 0.4463229166666667 0.28053703703703703 0.02379687500000003 0.09514814814814813
1 0.8608072916666667 0.14335185185185184 0.023531249999999913 0.07455555555555554
1 0.4477552083333334 0.13731481481481483 0.020156250000000025 0.07467592592592592
1 0.37221354166666665 0.682962962962963 0.03624479166666662 0.14325000000000004
1 0.7792760416666666 0.318537037037037 0.022739583333333258 0.08898148148148151
1 0.45428645833333337 0.4621574074074074 0.025312499999999953 0.11476851851851856
2 0.21827083333333333 0.025666666666666664 0.020249999999999997 0.049851851851851856