1 0.37736458333333334 0.6460462962962963 0.050968749999999945 0.09478703703703693
1 0.32428125 0.22425 0.021749999999999995 0.07294444444444442
1 0.9151197916666667 0.37395370370370373 0.028239583333333228 0.09912962962962958
1 0.6332760416666667 0.7498888888888889 0.027145833333333275 0.10562962962962956
1 0.152765625 0.5905648148148147 0.03363541666666669 0.09497222222222217
1 0.7094947916666666 0.23858333333333334 0.022093750000000037 0.06866666666666664
1 0.7648333333333334 0.3102314814814815 0.025015625000000104 0.08169444444444446
0 0.4317239583333333 0.4945185185185186 0.0152708333333333 0.01928703703703697
1 0.63046875 0.22352777777777777 0.021828124999999924 0.07483333333333332
2 0.5925260416666667 0.37707407407407406 0.027500000000000094 0.09249074074074073
1 0.4531041666666667 0.2205277777777778 0.02628645833333335 0.07235185185185186
1 0.6795000000000001 0.09559259259259259 0.023151041666666573 0.06003703703703704
1 0.3818958333333333 0.0956388888888889 0.018968750000000038 0.06454629629629631
1 0.7443802083333334 0.7011018518518519 0.035770833333333245 0.11823148148148153
1 0.10021354166666667 0.14149074074074075 0.020651041666666654 0.06196296296296298
1 0.09476562499999999 0.5669722222222222 0.04413541666666667 0.10312037037037047
1 0.6088333333333333 0.6965370370370371 0.03269270833333333 0.11281481481481474
1 0.4708229166666667 0.10706481481481481 0.020015625000000033 0.06646296296296295
1 0.229875 0.37972222222222224 0.018453124999999973 0.08512037037037043
1 0.2141875 0.4017777777777778 0.02476041666666665 0.08007407407407409
1 0.9018072916666667 0.15939814814814815 0.015182291666666714 0.0771388888888889