1 0.3573177083333333 0.44065740740740744 0.04606770833333336 0.0877870370370371
1 0.9635 0.4505462962962963 0.03692708333333338 0.10149074074074076
1 0.08771354166666666 0.4201851851851852 0.033447916666666654 0.11332407407407406
1 0.23802604166666666 0.27516666666666667 0.03629687500000003 0.07012037037037039
1 0.8237291666666666 0.24682407407407406 0.018557291666666722 0.08178703703703705
1 0.9019895833333333 0.3089166666666667 0.032458333333333415 0.09316666666666668
2 0.6685572916666668 0.4456296296296296 0.03355729166666658 0.0966851851851852
1 0.050265625 0.22132407407407406 0.022843749999999993 0.0790185185185185
1 0.8416250000000001 0.2966111111111111 0.025234374999999906 0.08298148148148149
1 0.4456822916666667 0.6901018518518518 0.04322395833333334 0.1223611111111112
1 0.47661458333333334 0.2504722222222222 0.027953125000000037 0.08269444444444442
1 0.7588072916666667 0.3190648148148148 0.023807291666666685 0.08292592592592599
1 0.4419791666666667 0.38104629629629627 0.025973958333333276 0.08272222222222225
1 0.5934375000000001 0.29174999999999995 0.023781249999999924 0.07823148148148149
1 0.461015625 0.3852777777777778 0.02396874999999999 0.08850925925925929
1 0.41924479166666667 0.28372222222222226 0.02112499999999997 0.08134259259259262
2 0.11430729166666667 0.20923148148148146 0.03408854166666666 0.07257407407407404
1 0.45693229166666666 0.2920833333333333 0.02112499999999997 0.08362037037037043
0 0.29694791666666664 0.2651574074074074 0.009750000000000014 0.01266666666666662
1 0.4428697916666666 0.23546296296296299 0.017520833333333385 0.08111111111111113
1 0.7821302083333334 0.2452314814814815 0.02840624999999998 0.08450925925925924