1 0.5994895833333334 0.23008333333333333 0.025880208333333363 0.0848425925925926
1 0.5636927083333333 0.7682685185185185 0.06684895833333329 0.20732407407407416
0 0.266453125 0.6550462962962963 0.023203125000000005 0.033759259259259294
1 0.10584895833333333 0.1758611111111111 0.02755208333333332 0.07175000000000001
1 0.47088541666666667 0.09498148148148149 0.01704687500000001 0.049287037037037025
1 0.44640104166666666 0.2383611111111111 0.028901041666666672 0.08659259259259258
1 0.6029322916666667 0.12299074074074075 0.02986979166666662 0.0636111111111111
1 0.7147083333333334 0.14296296296296296 0.026328125000000095 0.07451851851851854
1 0.88003125 0.24135185185185187 0.02784895833333323 0.09025000000000002
1 0.92265625 0.1437962962962963 0.025447916666666733 0.06241666666666665
1 0.5965885416666666 0.4292962962962963 0.05042187499999997 0.1317407407407407
1 0.4165729166666667 0.16491666666666668 0.03262500000000005 0.07953703703703702
2 0.5807135416666667 0.2559351851851852 0.0186770833333334 0.09732407407407409
1 0.9764166666666667 0.4120462962962963 0.030630208333333304 0.13657407407407407