1 0.7776875000000001 0.5349814814814815 0.04411458333333324 0.08750925925925924
1 0.6394947916666667 0.7407222222222223 0.03652083333333327 0.09462962962962967
1 0.4739583333333333 0.3762037037037037 0.02851041666666667 0.07854629629629634
1 0.2983333333333333 0.3476018518518519 0.027651041666666622 0.06637962962962958
1 0.5319791666666667 0.806675925925926 0.04407812499999994 0.11521296296296302
2 0.40282291666666664 0.3796574074074074 0.024874999999999994 0.0798611111111111
1 0.37429166666666663 0.5988703703703704 0.036999999999999984 0.0867222222222223
1 0.9400625 0.17119444444444443 0.028760416666666563 0.07219444444444446
1 0.7377291666666667 0.5460833333333334 0.028078124999999923 0.08814814814814818
1 0.499953125 0.17332407407407407 0.0211302083333333 0.06541666666666665
1 0.6540364583333333 0.32116666666666666 0.027281250000000055 0.08145370370370372
1 0.40659375 0.6592129629629631 0.034296874999999956 0.07694444444444436
1 0.9622135416666667 0.6335648148148149 0.0357812499999999 0.08282407407407412
1 0.556625 0.1828888888888889 0.026369791666666722 0.06700000000000002
0 0.5079010416666666 0.6769814814814815 0.012510416666666658 0.019851851851851902
1 0.5108125 0.525712962962963 0.027494791666666647 0.08690740740740731
1 0.5997864583333333 0.654962962962963 0.028114583333333342 0.07992592592592587
1 0.074578125 0.712324074074074 0.026937500000000007 0.11635185185185193
1 0.5906666666666667 0.6894722222222223 0.035416666666666666 0.08774999999999998
1 0.9865625 0.6911759259259259 0.02687499999999995 0.09643518518518526