2 0.111875 0.6118055555555556 0.04410416666666665 0.11206481481481478
1 0.15735416666666666 0.4383148148148148 0.03465104166666665 0.0889259259259259
1 0.8748229166666667 0.6712407407407408 0.049734374999999886 0.12273148148148144
1 0.6387447916666668 0.4124537037037037 0.03157291666666661 0.0921944444444445
1 0.2684166666666667 0.9009907407407407 0.03985937499999999 0.13694444444444442
1 0.6772291666666667 0.599574074074074 0.03961458333333331 0.10695370370370369
1 0.3229166666666667 0.48621296296296296 0.03617708333333335 0.09172222222222218
1 0.32715625 0.6577037037037038 0.03624479166666662 0.11760185185185185
1 0.4672135416666666 0.8752685185185185 0.04842187500000002 0.15324074074074073
1 0.426796875 0.6747777777777778 0.03609374999999997 0.12500925925925926
1 0.5242916666666666 0.6061759259259258 0.0415052083333333 0.1161666666666667
1 0.2835520833333333 0.5899166666666666 0.03711979166666666 0.11909259259259271
1 0.3238489583333333 0.28474074074074074 0.03290104166666671 0.0798055555555556
1 0.6960468750000001 0.8023703703703703 0.05184895833333343 0.1378425925925925
1 0.11915104166666667 0.4951203703703704 0.037916666666666675 0.09787962962962966
1 0.316453125 0.4373055555555555 0.03152604166666665 0.0735833333333333