1 0.801546875 0.504462962962963 0.035598958333333285 0.09978703703703702
2 0.41056770833333334 0.3122037037037037 0.026338541666666635 0.07862037037037034
1 0.08815104166666667 0.4558611111111111 0.03264583333333334 0.09889814814814821
1 0.988140625 0.1439074074074074 0.02371874999999998 0.07338888888888888
1 0.73415625 0.5336944444444445 0.0315677083333334 0.09895370370370381
1 0.7369114583333333 0.30825 0.021958333333333257 0.07265740740740743
1 0.3779375 0.3916574074074074 0.024937500000000057 0.08370370370370368
1 0.6117239583333334 0.12371296296296297 0.018057291666666704 0.05999074074074076
1 0.9721822916666666 0.5336944444444445 0.023135416666666703 0.09049074074074076
1 0.5029427083333333 0.32110185185185186 0.02326041666666671 0.08102777777777777
1 0.2669947916666667 0.3582407407407407 0.024947916666666684 0.07355555555555561
1 0.526734375 0.3672314814814815 0.02528645833333331 0.08086111111111115
1 0.9700104166666667 0.48182407407407407 0.02098958333333343 0.07237962962962964
1 0.5730885416666667 0.8581388888888889 0.042822916666666565 0.11850925925925927
1 0.579859375 0.11979629629629629 0.021677083333333277 0.06649999999999999
1 0.6299791666666666 0.8673703703703703 0.0361718749999999 0.11059259259259265
1 0.6743229166666667 0.20528703703703705 0.01891666666666675 0.06285185185185185
1 0.3881822916666666 0.6582777777777779 0.02844270833333328 0.09816666666666665
1 0.359609375 0.6553240740740741 0.03232291666666664 0.10493518518518512
0 0.5401510416666666 0.8508611111111111 0.014869791666666703 0.022138888888888965
1 0.289796875 0.1347962962962963 0.014411458333333372 0.07097222222222224
1 0.22333333333333333 0.12926851851851853 0.014968750000000005 0.05342592592592592