1 0.7524166666666667 0.31169444444444444 0.0442291666666667 0.0871759259259259
1 0.27906770833333333 0.16149074074074074 0.029265625000000028 0.08008333333333334
0 0.29645312500000004 0.6393981481481481 0.018619791666666666 0.026888888888888855
1 0.5074791666666667 0.6167407407407408 0.044973958333333286 0.09189814814814815
2 0.7288645833333334 0.22905555555555554 0.026369791666666722 0.08549074074074076
1 0.2664427083333333 0.3650277777777778 0.03527083333333332 0.10170370370370373
1 0.9785989583333333 0.623712962962963 0.04280208333333325 0.11348148148148143
1 0.8810416666666666 0.4506111111111112 0.04926562500000008 0.10417592592592596
1 0.511671875 0.22374074074074074 0.027708333333333356 0.08704629629629629
1 0.5916302083333334 0.8846851851851852 0.04796354166666674 0.17337962962962963
1 0.18027083333333332 0.5193703703703704 0.04241666666666669 0.12161111111111109
1 0.44398437500000004 0.4888888888888889 0.036442708333333344 0.0915185185185185
1 0.09979166666666667 0.35344444444444445 0.027750000000000014 0.09295370370370369
1 0.20834375 0.11302777777777777 0.023890625000000002 0.050046296296296304
1 0.177484375 0.41225925925925927 0.029645833333333312 0.1062685185185185
1 0.4441614583333333 0.35480555555555554 0.03296874999999998 0.08280555555555551
1 0.7334010416666668 0.44465740740740745 0.03155208333333329 0.10116666666666665
1 0.65525 0.034888888888888886 0.020255208333333267 0.06650925925925925
1 0.6770364583333334 0.09871296296296296 0.02329166666666656 0.061240740740740755
1 0.6945833333333333 0.2055648148148148 0.025104166666666573 0.07561111111111109