1 0.29465104166666667 0.8816851851851852 0.07306770833333331 0.23662037037037043
0 0.653765625 0.39187037037037037 0.013760416666666704 0.01926851851851847
1 0.21177083333333335 0.22667592592592592 0.019135416666666672 0.058203703703703716
1 0.43729687500000003 0.2251574074074074 0.022843749999999947 0.0750648148148148
1 0.8537395833333333 0.3858888888888889 0.03434895833333324 0.13487037037037033
1 0.39225 0.321212962962963 0.02609895833333328 0.09164814814814816
1 0.5225000000000001 0.34864814814814815 0.04874999999999995 0.08485185185185184
1 0.097484375 0.4525092592592592 0.03685416666666666 0.1598425925925926
1 0.568 0.31875 0.036906250000000064 0.1077314814814815
1 0.20656770833333335 0.2877222222222222 0.02535416666666664 0.08839814814814817
1 0.5406458333333333 0.600712962962963 0.051718750000000036 0.17333333333333337
2 0.055802083333333335 0.45489814814814816 0.042536458333333325 0.1632962962962963