1 0.928015625 0.6401388888888889 0.049213541666666555 0.12905555555555545
1 0.6781666666666666 0.17637962962962964 0.03570833333333331 0.06982407407407404
1 0.7251302083333333 0.9363888888888888 0.04545312499999999 0.12722222222222232
1 0.355421875 0.34611111111111115 0.03734375000000002 0.07879629629629632
1 0.244875 0.38760185185185186 0.03909895833333336 0.1011203703703704
1 0.8906510416666666 0.7120000000000001 0.036338541666666654 0.14588888888888885
1 0.9597916666666666 0.34029629629629626 0.028531250000000105 0.08566666666666665
2 0.571609375 0.4363240740740741 0.023875000000000077 0.10121296296296291
1 0.1945625 0.6206111111111111 0.03696354166666668 0.13900925925925936
1 0.5833125 0.39221296296296293 0.019729166666666725 0.10750925925925928
0 0.25665104166666663 0.42464814814814816 0.010135416666666685 0.020703703703703717
2 0.40315104166666665 0.09891666666666667 0.016843749999999956 0.0703888888888889