1 0.7785260416666666 0.6821296296296296 0.0380468750000001 0.12871296296296295
1 0.48674999999999996 0.22253703703703703 0.02422395833333333 0.06501851851851849
1 0.506953125 0.4787037037037037 0.03850000000000004 0.10152777777777781
1 0.2700885416666667 0.709212962962963 0.05077083333333334 0.12119444444444433
1 0.8435677083333334 0.7382037037037037 0.03603124999999992 0.13327777777777783
1 0.055166666666666676 0.3712314814814815 0.02904166666666667 0.0897592592592592
0 0.17814583333333334 0.5553981481481481 0.011989583333333324 0.01974074074074068
1 0.9796927083333333 0.2054814814814815 0.02430208333333326 0.07212037037037039
1 0.8057968750000001 0.5824444444444444 0.03177083333333333 0.11338888888888893
1 0.930484375 0.17824074074074073 0.01971354166666662 0.06822222222222223
2 0.8519427083333333 0.3087777777777778 0.021416666666666608 0.08204629629629631
1 0.4623802083333333 0.5118981481481482 0.03148437500000002 0.11112037037037036
1 0.419796875 0.30521296296296296 0.027208333333333338 0.07772222222222228
1 0.8715052083333333 0.3867407407407408 0.032781250000000026 0.0809074074074074