1 0.7206510416666667 0.6789444444444445 0.08045312499999989 0.24440740740740743
1 0.6560208333333333 0.5498240740740741 0.050338541666666715 0.20714814814814816
1 0.24246875 0.2891111111111111 0.04321354166666668 0.12523148148148147
1 0.304203125 0.28833333333333333 0.04095312499999994 0.12789814814814815
1 0.6177604166666666 0.30607407407407405 0.04197395833333341 0.12323148148148151
1 0.5053645833333333 0.4081018518518518 0.03651041666666662 0.17432407407407405
1 0.012166666666666666 0.3756851851851852 0.024333333333333332 0.1606574074074074
1 0.8797760416666667 0.3601666666666667 0.03987499999999997 0.16573148148148148
1 0.9140885416666666 0.418462962962963 0.04396354166666659 0.18906481481481477
1 0.5338437500000001 0.25013888888888886 0.035734375000000006 0.10606481481481479
2 0.3756510416666667 0.4358888888888889 0.04330729166666671 0.18447222222222223
1 0.5794635416666666 0.23003703703703704 0.02823437500000002 0.11896296296296298
0 0.55703125 0.2824259259259259 0.010437499999999982 0.02274074074074069