2 0.33321875 0.6156666666666666 0.03381250000000004 0.122
1 0.8087135416666666 0.45640740740740743 0.03568749999999999 0.08764814814814811
1 0.48741666666666666 0.615 0.035958333333333314 0.12084259259259258
1 0.6290052083333334 0.5687222222222222 0.036989583333333326 0.1168703703703704
1 0.3115833333333333 0.40687962962962965 0.0342864583333333 0.09534259259259262
1 0.347578125 0.3446111111111111 0.030406250000000058 0.08740740740740739
1 0.855828125 0.37873148148148145 0.029192708333333428 0.0966759259259259
1 0.2669583333333333 0.4242870370370371 0.035593749999999987 0.10090740740740742
1 0.704265625 0.44645370370370374 0.030567708333333363 0.10271296296296292
1 0.22793229166666668 0.5993055555555555 0.037776041666666656 0.11703703703703712
1 0.6022083333333333 0.35714814814814816 0.032895833333333256 0.07455555555555554
1 0.29846874999999995 0.7124907407407407 0.04279166666666671 0.13414814814814824
1 0.095875 0.5298148148148148 0.044859375 0.11349999999999999
1 0.213453125 0.5454907407407408 0.03050000000000003 0.0962407407407408
1 0.5061822916666666 0.3998425925925926 0.028317708333333278 0.08962037037037034
2 0.3443645833333333 0.27499074074074076 0.02433333333333335 0.06636111111111108
1 0.5002187499999999 0.3086666666666667 0.02418750000000003 0.04437962962962958
1 0.5071979166666667 0.3671018518518519 0.025802083333333316 0.07909259259259256
0 0.7938020833333332 0.4332592592592593 0.009447916666666601 0.019407407407407443