1 0.43259895833333334 0.3329537037037037 0.029890625000000053 0.0824074074074074
1 0.24938541666666666 0.2550277777777778 0.024145833333333342 0.07450000000000001
1 0.815421875 0.2274074074074074 0.025312499999999953 0.07750925925925924
1 0.668328125 0.5258148148148148 0.032192708333333306 0.0602962962962964
1 0.44648958333333333 0.8041203703703704 0.03275520833333338 0.11114814814814812
1 0.23161979166666666 0.4237222222222222 0.027854166666666676 0.08654629629629632
1 0.6827760416666667 0.613712962962963 0.03466666666666664 0.08834259259259267
1 0.7473854166666667 0.5917777777777777 0.029468749999999964 0.09232407407407411
2 0.9243229166666667 0.7937314814814815 0.052958333333333246 0.11097222222222214
1 0.6364166666666667 0.6206388888888889 0.03424479166666667 0.08609259259259261
0 0.7381458333333334 0.6468796296296296 0.012687500000000067 0.01909259259259249