2 0.199390625 0.3688518518518519 0.03730208333333333 0.11601851851851848
1 0.2836458333333333 0.4655833333333333 0.04729166666666664 0.12102777777777776
1 0.5891197916666666 0.6837129629629629 0.05539062499999995 0.1466574074074075
1 0.38761979166666666 0.6426944444444445 0.050406249999999986 0.14224074074074086
1 0.25228125 0.7742685185185185 0.06410416666666666 0.14620370370370378
1 0.5506510416666667 0.3414814814814815 0.031692708333333285 0.11042592592592591
1 0.31863541666666667 0.6358425925925927 0.05903124999999996 0.1402314814814815
1 0.5231197916666667 0.5605648148148148 0.04235416666666663 0.13418518518518524
1 0.364328125 0.33875925925925926 0.03720312500000003 0.09865740740740736
1 0.3722083333333333 0.7252407407407407 0.06245833333333337 0.12337962962962963
0 0.16414062499999998 0.5527407407407408 0.017197916666666656 0.027120370370370336
1 0.7767447916666667 0.2821018518518519 0.034000000000000107 0.11665740740740742
1 0.452296875 0.14462037037037037 0.029630208333333387 0.0889537037037037
1 0.9343854166666666 0.13423148148148148 0.02642708333333322 0.06628703703703703
1 0.5895677083333334 0.48407407407407405 0.0453125 0.1232407407407407
1 0.9349843750000001 0.675611111111111 0.04861979166666662 0.15053703703703697