1 0.2713177083333333 0.2957037037037037 0.03180729166666666 0.10547222222222219
1 0.31631770833333334 0.41480555555555554 0.030130208333333287 0.12517592592592597
1 0.311734375 0.6078240740740741 0.04596354166666667 0.13342592592592584
1 0.3686041666666667 0.46056481481481487 0.03054166666666672 0.11667592592592597
1 0.527546875 0.6102314814814814 0.03593229166666667 0.11972222222222217
1 0.7876302083333333 0.3723888888888889 0.029010416666666573 0.10329629629629634
1 0.7331562500000001 0.16010185185185186 0.017979166666666657 0.08612962962962961
1 0.920015625 0.24531481481481482 0.020864583333333304 0.0935925925925926
1 0.9763645833333333 0.2790277777777778 0.023145833333333362 0.09435185185185183
1 0.9709479166666667 0.3401574074074074 0.02898437500000005 0.09067592592592598
2 0.8723124999999999 0.0904537037037037 0.021291666666666723 0.06535185185185184
0 0.312984375 0.6431944444444444 0.015135416666666639 0.03008333333333334
1 0.8781458333333333 0.45740740740740743 0.03295312499999999 0.11408333333333337