2 0.4095833333333333 0.3752037037037037 0.036156250000000036 0.07781481481481478
1 0.30079687499999996 0.4315 0.03367708333333338 0.08357407407407406
1 0.8112239583333333 0.37325 0.04532291666666666 0.08083333333333328
1 0.086484375 0.41616666666666663 0.038057291666666666 0.0783796296296296
1 0.29670312499999996 0.3471111111111111 0.03144270833333328 0.06588888888888886
1 0.9186614583333333 0.5446018518518518 0.05627083333333331 0.07783333333333328
1 0.14697916666666666 0.21649074074074073 0.028802083333333325 0.06669444444444442
1 0.532546875 0.939212962962963 0.05085937500000005 0.11644444444444443
1 0.09900520833333333 0.9722314814814814 0.03777604166666668 0.05553703703703705
1 0.9097291666666667 0.4944722222222222 0.040963541666666714 0.056611111111111154
1 0.72875 0.27104629629629634 0.03782291666666661 0.07212037037037036
1 0.704390625 0.3066574074074074 0.02808854166666658 0.058583333333333314
1 0.85828125 0.7838611111111111 0.04506249999999999 0.0942037037037037
1 0.34134375 0.16187037037037036 0.02170312500000004 0.061509259259259264
1 0.8796979166666666 0.8752592592592592 0.05414062499999991 0.10365740740740745
0 0.6830833333333334 0.17069444444444443 0.013265624999999896 0.02074074074074072
1 0.06601041666666667 0.6902592592592592 0.05077083333333333 0.10566666666666656