1 0.8764583333333333 0.7654814814814815 0.04263541666666673 0.16442592592592586
1 0.702078125 0.3963425925925926 0.04706770833333328 0.10488888888888886
1 0.08107291666666666 0.42338888888888887 0.04229687499999999 0.1309814814814815
1 0.3168229166666666 0.9411666666666667 0.04941666666666673 0.1176666666666666
1 0.38597395833333337 0.3088518518518519 0.03881249999999999 0.09132407407407407
1 0.8877708333333333 0.6500555555555555 0.03620833333333332 0.1360555555555556
1 0.5463958333333333 0.39861111111111114 0.03991145833333339 0.11568518518518524
1 0.6158125 0.2649814814814815 0.03540104166666656 0.0790833333333333
1 0.9777395833333333 0.5265740740740741 0.044015625000000114 0.1306203703703703
1 0.9890625 0.35648148148148145 0.021875 0.10740740740740741
1 0.3821510416666667 0.45076851851851846 0.03783854166666671 0.1129444444444444
1 0.7586510416666666 0.2548148148148148 0.030552083333333258 0.08239814814814815
1 0.4970208333333333 0.30721296296296297 0.027999999999999994 0.10275925925925927
2 0.19279166666666667 0.22789814814814816 0.03484895833333332 0.09249999999999999
0 0.5332395833333333 0.43960185185185185 0.013093750000000052 0.02397222222222221