1 0.8200364583333334 0.3538703703703704 0.033786458333333276 0.07777777777777778
1 0.38863020833333334 0.3802222222222222 0.026932291666666684 0.09500925925925927
1 0.3362239583333333 0.689861111111111 0.05478125000000003 0.1271296296296296
1 0.843 0.12760185185185186 0.020703125 0.06411111111111112
1 0.6601354166666666 0.518462962962963 0.027114583333333307 0.11123148148148153
1 0.35884375 0.1821388888888889 0.020510416666666722 0.07041666666666668
2 0.7663020833333333 0.28194444444444444 0.02883854166666661 0.09110185185185184
1 0.591140625 0.5349814814814815 0.026807291666666563 0.10629629629629625
1 0.009401041666666667 0.3076481481481481 0.018802083333333334 0.09249074074074073
1 0.9415885416666666 0.26887962962962964 0.024432291666666592 0.08280555555555559
1 0.5620572916666667 0.6556203703703705 0.03481770833333329 0.11927777777777772
1 0.3140833333333333 0.4904537037037038 0.030229166666666647 0.10561111111111106
1 0.4006458333333333 0.256037037037037 0.022671874999999987 0.0825925925925926
1 0.8945260416666667 0.15687962962962965 0.022036458333333304 0.06920370370370371
0 0.3240416666666667 0.7483055555555556 0.01597395833333337 0.023648148148148116