1 0.126359375 0.25912962962962965 0.030041666666666654 0.09417592592592593
1 0.399578125 0.6055 0.05872395833333333 0.17492592592592598
1 0.403109375 0.3759537037037037 0.02901562500000002 0.11023148148148144
1 0.160578125 0.3164814814814815 0.025656249999999995 0.1169444444444444
1 0.4781875 0.4088148148148148 0.046395833333333296 0.11879629629629626
1 0.6244322916666667 0.27637962962962964 0.025593749999999933 0.09928703703703705
1 0.030848958333333332 0.6202685185185185 0.06169270833333333 0.17183333333333325
1 0.5614739583333334 0.3091574074074074 0.03213541666666657 0.1018796296296296
1 0.8626979166666667 0.5169814814814815 0.05021875000000004 0.16569444444444448
1 0.8448333333333333 0.37497222222222226 0.031385416666666784 0.15120370370370367
1 0.80159375 0.33540740740740743 0.0322656249999999 0.11835185185185179
1 0.9336770833333333 0.3247685185185185 0.03082812500000003 0.12725925925925932
1 0.49016145833333336 0.3249722222222223 0.04048437500000001 0.09157407407407406
1 0.20820833333333333 0.23592592592592593 0.030520833333333344 0.0825833333333333
1 0.9544270833333334 0.2658055555555556 0.024802083333333277 0.10288888888888889
1 0.37605208333333334 0.3766759259259259 0.03408333333333336 0.11126851851851847
0 0.41132291666666665 0.41314814814814815 0.012067708333333371 0.025157407407407368
0 0.18946354166666665 0.48305555555555557 0.03627083333333333 0.16314814814814818