1 0.41472916666666665 0.6521851851851852 0.028598958333333376 0.10092592592592593
1 0.509234375 0.6948333333333333 0.03068229166666671 0.10652777777777774
1 0.352609375 0.6585 0.030588541666666677 0.10843518518518509
1 0.47838020833333333 0.49824074074074076 0.02809375000000003 0.09223148148148144
1 0.40156770833333333 0.5033518518518518 0.02844270833333328 0.09236111111111112
1 0.6556458333333333 0.32654629629629633 0.0171875 0.08420370370370366
1 0.6968593750000001 0.3494537037037037 0.02997395833333343 0.0868333333333333
1 0.609390625 0.5268888888888889 0.024666666666666733 0.08599074074074065
1 0.30463541666666666 0.3026296296296296 0.027994791666666668 0.08441666666666663
1 0.6610208333333334 0.418962962962963 0.028776041666666665 0.08761111111111111
1 0.841671875 0.3895 0.017098958333333296 0.08579629629629627
2 0.9272447916666666 0.14301851851851852 0.022635416666666686 0.057953703703703695
1 0.7434375000000001 0.5988703703703704 0.023244791666666723 0.10704629629629621
1 0.47042708333333333 0.6807129629629629 0.025947916666666633 0.07395370370370381
2 0.447375 0.7494166666666666 0.03380208333333338 0.11936111111111118
1 0.53953125 0.4225555555555556 0.015776041666666647 0.09381481481481475
1 0.6325677083333333 0.3390833333333333 0.018828125000000046 0.07306481481481479
1 0.5231041666666667 0.4079351851851852 0.021567708333333376 0.08684259259259255
1 0.6329166666666667 0.4024814814814815 0.027791666666666732 0.08764814814814811
1 0.46778125 0.6104629629629629 0.024911458333333296 0.09137962962962969
1 0.47690104166666664 0.7451944444444444 0.020874999999999963 0.11074074074074065
1 0.550109375 0.40717592592592594 0.01135416666666676 0.09055555555555551
0 0.46378125000000003 0.8036944444444445 0.009848958333333376 0.021527777777777778