1 0.4783541666666667 0.5876111111111111 0.02805208333333328 0.09205555555555563
1 0.3090260416666667 0.29326851851851854 0.022604166666666713 0.06176851851851855
2 0.557125 0.5074722222222222 0.028348958333333247 0.08289814814814812
1 0.6701093749999999 0.28012037037037035 0.021218749999999887 0.06249074074074075
1 0.15119270833333334 0.3466111111111111 0.02476041666666665 0.07325925925925926
1 0.25875 0.7522407407407407 0.030640625000000022 0.10617592592592599
1 0.9889427083333333 0.5931203703703705 0.02211458333333335 0.0937685185185185
1 0.5788020833333333 0.40937962962962965 0.020453124999999992 0.072037037037037
1 0.2526145833333333 0.5014814814814815 0.028911458333333327 0.09126851851851846
1 0.40010937500000004 0.2710740740740741 0.02266145833333333 0.06412037037037037
1 0.6487395833333333 0.5492037037037036 0.02711979166666675 0.0848796296296297
1 0.8947447916666668 0.6906388888888889 0.028749999999999904 0.0889444444444444
1 0.17573437500000003 0.47212037037037036 0.027109374999999977 0.09000000000000004
1 0.847890625 0.3915092592592592 0.02525000000000001 0.07013888888888889
1 0.7950520833333333 0.4326203703703704 0.023921874999999915 0.0793703703703704
1 0.6373489583333334 0.3766481481481481 0.02418229166666658 0.0635648148148148
1 0.6220677083333332 0.35018518518518515 0.019770833333333352 0.04879629629629634
1 0.859375 0.34775925925925927 0.020130208333333382 0.05595370370370366
2 0.16173958333333335 0.1905185185185185 0.018515624999999977 0.06475
1 0.5598333333333334 0.4255833333333333 0.01715625000000003 0.07165740740740739
1 0.5596770833333333 0.3785833333333333 0.019468750000000055 0.06454629629629632
0 0.6004270833333333 0.3417685185185185 0.007072916666666628 0.014361111111111102