1 0.579546875 0.5974537037037037 0.037864583333333236 0.10475925925925936
1 0.33777604166666664 0.32437962962962963 0.030692708333333367 0.07858333333333334
1 0.1004375 0.42489814814814814 0.03534895833333333 0.10161111111111112
1 0.756765625 0.29132407407407407 0.027755208333333316 0.08066666666666666
1 0.8042135416666666 0.2757037037037037 0.027114583333333307 0.08015740740740737
1 0.6824635416666667 0.4095462962962963 0.023390624999999925 0.08427777777777776
1 0.3898645833333333 0.2606203703703704 0.0316041666666667 0.07340740740740738
1 0.6598489583333333 0.1552037037037037 0.02254687499999998 0.07285185185185186
0 0.421109375 0.30014814814814816 0.010442708333333309 0.018296296296296286
1 0.666078125 0.3955277777777778 0.017729166666666647 0.08812962962962959
1 0.55053125 0.9507314814814815 0.03331770833333323 0.0985370370370371
2 0.6891041666666666 0.10214814814814814 0.019234374999999915 0.0643425925925926