1 0.13033854166666667 0.4884907407407408 0.056583333333333326 0.14758333333333337
1 0.7269166666666667 0.26291666666666663 0.03264062500000004 0.09527777777777775
1 0.882234375 0.8442407407407407 0.06323437499999993 0.17997222222222212
1 0.6338177083333334 0.49899074074074073 0.04192708333333333 0.12869444444444444
1 0.32285416666666666 0.3143518518518518 0.03969791666666668 0.10649074074074073
1 0.6179479166666667 0.26475925925925925 0.03248958333333339 0.09836111111111112
1 0.8927656249999999 0.6796944444444445 0.03676041666666663 0.1607129629629629
1 0.51621875 0.48637037037037034 0.0433958333333333 0.1268981481481481
1 0.5842760416666667 0.3293055555555555 0.04121354166666672 0.11428703703703709
1 0.8992291666666666 0.40885185185185186 0.03250520833333326 0.10673148148148147
2 0.16630729166666666 0.24845370370370368 0.03972395833333332 0.10276851851851852
0 0.3357291666666667 0.35791666666666666 0.010786458333333353 0.020842592592592583