2 0.7022239583333333 0.4603425925925926 0.027005208333333287 0.09014814814814816
1 0.6145937499999999 0.5193796296296296 0.03546874999999995 0.08035185185185183
1 0.21773958333333335 0.6006574074074075 0.026848958333333308 0.0875
1 0.8809322916666668 0.511638888888889 0.029541666666666563 0.10049999999999996
1 0.296171875 0.3271574074074074 0.027010416666666613 0.07263888888888893
1 0.43819270833333335 0.36588888888888893 0.02901562500000002 0.0709166666666667
1 0.952828125 0.2555462962962963 0.02489583333333343 0.07422222222222219
1 0.5210885416666666 0.16902777777777778 0.023885416666666614 0.0602962962962963
1 0.4174583333333333 0.22001851851851853 0.021260416666666632 0.06787962962962961
1 0.24802083333333333 0.36610185185185184 0.02638541666666665 0.07186111111111113
1 0.8298125 0.36386111111111114 0.02809895833333324 0.08043518518518519
1 0.6244739583333333 0.6564907407407408 0.02315625000000002 0.09202777777777787
1 0.5764635416666667 0.3031388888888889 0.020307291666666553 0.06991666666666665
1 0.9019791666666667 0.7002777777777778 0.03487500000000002 0.12287037037037041
1 0.5922760416666667 0.3573611111111111 0.02024479166666661 0.07824074074074074
1 0.24233854166666668 0.5638611111111111 0.020447916666666663 0.09584259259259259
1 0.5708020833333334 0.5811759259259259 0.033958333333333236 0.09243518518518512
1 0.5609479166666667 0.18455555555555556 0.018197916666666696 0.06343518518518518
2 0.522046875 0.07977777777777778 0.013557291666666653 0.05012962962962962
1 0.17358854166666668 0.6593796296296296 0.028859374999999982 0.09547222222222213
0 0.44925 0.5651388888888889 0.013192708333333296 0.02164814814814825
1 0.6086927083333333 0.6248796296296296 0.030098958333333314 0.08518518518518518