1 0.036859375 0.3534907407407407 0.027468750000000004 0.10253703703703705
1 0.056026041666666665 0.2897685185185185 0.024135416666666677 0.09361111111111113
2 0.07696354166666668 0.1827037037037037 0.022255208333333335 0.0646574074074074
1 0.10602083333333333 0.30533333333333335 0.024124999999999997 0.09510185185185188
1 0.07997916666666667 0.3957222222222222 0.02621354166666666 0.0981203703703704
1 0.0826875 0.5105740740740741 0.027463541666666678 0.10559259259259256
2 0.1039375 0.5157592592592593 0.028291666666666663 0.10114814814814815
1 0.23194791666666664 0.5202037037037037 0.03222916666666666 0.11003703703703702
1 0.22267708333333333 0.7060000000000001 0.04077083333333332 0.12977777777777785
1 0.4476614583333333 0.6120833333333333 0.032401041666666686 0.11601851851851848
1 0.3299583333333333 0.3401574074074074 0.026171875 0.09067592592592598
1 0.29819270833333333 0.19344444444444445 0.023052083333333327 0.07874074074074076
1 0.35850000000000004 0.28458333333333335 0.020749999999999956 0.08324074074074073
1 0.39932812500000003 0.3164444444444444 0.027411458333333392 0.08770370370370373
1 0.5702552083333334 0.3757222222222222 0.02550520833333323 0.08773148148148148
1 0.564734375 0.4253611111111111 0.02488541666666677 0.08331481481481483
1 0.560984375 0.5172407407407408 0.025718750000000058 0.10411111111111117
1 0.6940989583333333 0.31903703703703706 0.02944270833333344 0.10029629629629634
1 0.8797083333333333 0.5265 0.02982812499999999 0.11523148148148152
0 0.8599166666666667 0.5635370370370371 0.011083333333333438 0.026342592592592636