2 0.8489739583333333 0.39437037037037037 0.02606770833333343 0.09541666666666662
1 0.9422083333333333 0.56825 0.032260416666666694 0.09825925925925916
1 0.429640625 0.30757407407407406 0.029453124999999976 0.08187962962962958
1 0.5649791666666667 0.3421018518518519 0.02976562500000005 0.08738888888888889
1 0.7845833333333334 0.6597777777777777 0.03564062499999991 0.11408333333333337
1 0.2702708333333333 0.35225925925925927 0.035218750000000035 0.08007407407407409
1 0.4519947916666667 0.32396296296296295 0.02954166666666668 0.08866666666666666
1 0.49096875 0.3596111111111111 0.023708333333333324 0.09609259259259256
1 0.3703958333333333 0.38830555555555557 0.02888020833333336 0.08912962962962963
1 0.39569791666666665 0.4003148148148148 0.018697916666666713 0.07948148148148151
1 0.74646875 0.41466666666666663 0.027374999999999972 0.09313888888888892
1 0.47958854166666665 0.2663055555555556 0.02028125000000003 0.06712962962962964
1 0.5024531250000001 0.2667685185185185 0.021890624999999986 0.07407407407407407
1 0.44691145833333334 0.46721296296296294 0.027328125000000016 0.09019444444444441
1 0.7623072916666668 0.3131481481481481 0.022244791666666687 0.08662037037037033
1 0.4116458333333333 0.44105555555555553 0.02876562500000001 0.08478703703703708
1 0.5650416666666668 0.4293518518518518 0.05183854166666677 0.03984259259259257
0 0.363234375 0.1002037037037037 0.012223958333333347 0.02088888888888889
1 0.473359375 0.3238240740740741 0.01778125000000005 0.08261111111111114
2 0.52896875 0.04247222222222221 0.025375000000000016 0.06432407407407408