1 0.04488020833333333 0.3463981481481482 0.04142708333333333 0.14761111111111108
1 0.10758333333333334 0.5024907407407407 0.02933333333333333 0.15238888888888888
1 0.1164375 0.7252314814814815 0.03662500000000001 0.1867592592592593
1 0.19611979166666668 0.21549074074074073 0.02723437499999998 0.1191388888888889
1 0.275171875 0.22067592592592591 0.029098958333333307 0.11469444444444442
1 0.31433854166666664 0.3891759259259259 0.040755208333333334 0.14797222222222228
1 0.3884947916666667 0.5695185185185185 0.039078124999999984 0.16050925925925918
1 0.4119322916666667 0.7404166666666666 0.03386458333333332 0.16527777777777777
1 0.47682291666666665 0.8024444444444444 0.04072916666666669 0.18933333333333335
1 0.5657760416666666 0.6271018518518519 0.04779687499999999 0.14605555555555558
1 0.5415052083333334 0.47063888888888894 0.034677083333333296 0.14795370370370373
1 0.5471302083333334 0.3938055555555556 0.03342708333333331 0.132787037037037
1 0.4251614583333333 0.5132314814814815 0.029072916666666632 0.15163888888888888
1 0.46307291666666667 0.3917685185185185 0.021567708333333376 0.13093518518518515
1 0.49338541666666663 0.3202962962962963 0.05093229166666665 0.12873148148148145
1 0.49640625 0.23808333333333334 0.029895833333333382 0.11246296296296297
1 0.47359375 0.18661111111111112 0.028854166666666715 0.12062962962962966
1 0.3389166666666667 0.3102962962962963 0.02325520833333338 0.1161481481481482
2 0.33808333333333335 0.2569722222222222 0.029921875000000025 0.12800925925925927