1 0.114875 0.44722222222222224 0.02308333333333333 0.09000000000000004
2 0.07863020833333333 0.5935555555555555 0.025588541666666666 0.10860185185185182
1 0.12633333333333333 0.9400000000000001 0.041828125000000015 0.11999999999999991
1 0.20705208333333333 0.9156851851851853 0.03035937499999998 0.13434259259259262
1 0.39620312500000004 0.6457962962962963 0.025328125000000055 0.10196296296296287
1 0.5030729166666666 0.7917685185185185 0.034890625 0.12723148148148156
1 0.5867083333333334 0.7611944444444445 0.029255208333333373 0.09942592592592582
1 0.7093020833333333 0.7699074074074074 0.03902604166666658 0.10573148148148154
1 0.7940885416666668 0.6161574074074074 0.02109375 0.08712037037037029
1 0.8925208333333334 0.6470925925925926 0.024203124999999895 0.10825925925925933
1 0.7633645833333333 0.46055555555555555 0.024223958333333448 0.08703703703703704
1 0.4783854166666667 0.5070462962962963 0.029270833333333357 0.08002777777777784
1 0.5166145833333333 0.5083518518518518 0.024473958333333337 0.0863240740740741
1 0.5932708333333333 0.5987407407407407 0.027796874999999943 0.08933333333333335
0 0.8084635416666667 0.5505740740740741 0.012343749999999905 0.02262962962962968