1 0.5668229166666666 0.7911296296296296 0.06325000000000003 0.24522222222222215
2 0.6408072916666666 0.42786111111111114 0.03475520833333334 0.13980555555555563
1 0.349421875 0.4874444444444445 0.0577239583333333 0.16619444444444445
1 0.1514375 0.39202777777777775 0.050343749999999986 0.11973148148148142
1 0.6177604166666666 0.3228611111111111 0.041979166666666616 0.10283333333333339
1 0.6652916666666666 0.45862037037037034 0.03465104166666677 0.17382407407407405
1 0.775609375 0.3485 0.033119791666666745 0.12418518518518519
1 0.06693229166666666 0.35431481481481486 0.03863020833333334 0.10696296296296294
1 0.8435885416666667 0.30780555555555555 0.02371354166666677 0.11762037037037035
1 0.8831145833333333 0.36569444444444443 0.030552083333333258 0.1284537037037037
1 0.402453125 0.2937222222222223 0.031510416666666666 0.0809444444444444
1 0.80184375 0.31852777777777774 0.026578125000000105 0.12074074074074072
1 0.2773072916666666 0.2813333333333333 0.021348958333333338 0.09288888888888891
1 0.3078333333333333 0.2856759259259259 0.02734895833333333 0.09488888888888891
1 0.4410104166666667 0.29868518518518516 0.02720312500000001 0.09200000000000001
0 0.37772916666666667 0.3267962962962963 0.00977083333333333 0.019157407407407456