2 0.09025 0.44609259259259254 0.03562500000000002 0.11205555555555553
1 0.13511458333333334 0.7876388888888889 0.06533333333333331 0.14833333333333337
1 0.6361510416666667 0.4181388888888889 0.03567708333333333 0.10175
0 0.5456197916666666 0.7321574074074074 0.013338541666666733 0.022314814814814732
1 0.273125 0.3095925925925926 0.030979166666666676 0.09582407407407409
1 0.7574427083333333 0.5417407407407407 0.044802083333333326 0.11767592592592585
1 0.4453697916666667 0.6797407407407408 0.045968749999999996 0.11201851851851853
1 0.19825520833333332 0.7371666666666666 0.05227083333333334 0.13710185185185178
1 0.8449010416666667 0.48368518518518516 0.0420989583333333 0.11623148148148145
1 0.6031718749999999 0.7066296296296296 0.0449062499999999 0.12773148148148153
1 0.30840625 0.30787037037037035 0.02982291666666666 0.0947962962962963
1 0.31834375000000004 0.4605740740740741 0.04276041666666662 0.1190740740740741
1 0.5623229166666667 0.2829814814814815 0.03141666666666675 0.09269444444444445
1 0.56378125 0.6384722222222222 0.04439062500000001 0.11974074074074068
1 0.9908281250000001 0.18411111111111111 0.018343749999999895 0.08537037037037036
1 0.556015625 0.20548148148148143 0.02823437500000002 0.07591666666666665
1 0.01171875 0.44583333333333336 0.0234375 0.09907407407407408
1 0.5338489583333333 0.6548796296296296 0.029854166666666692 0.12933333333333338