2 0.081359375 0.3830277777777778 0.04598437500000001 0.12276851851851855
1 0.22827604166666668 0.2978796296296296 0.03829687499999999 0.09140740740740744
1 0.052994791666666666 0.19943518518518516 0.02902604166666667 0.07578703703703706
1 0.3286770833333333 0.5031203703703704 0.04826041666666671 0.14803703703703697
1 0.24320833333333333 0.19981481481481483 0.031114583333333338 0.07913888888888891
1 0.6719375 0.29853703703703705 0.034916666666666644 0.09718518518518522
1 0.4516666666666667 0.23050925925925925 0.02723958333333331 0.07231481481481483
1 0.21044270833333334 0.20174074074074075 0.025838541666666673 0.07067592592592593
1 0.08381770833333334 0.9208055555555555 0.0664375 0.15284259259259264
1 0.4049375 0.1803611111111111 0.023406250000000028 0.07163888888888889
1 0.48415625 0.28037962962962965 0.034619791666666684 0.09403703703703707
1 0.10783854166666668 0.19248148148148148 0.03504166666666665 0.07696296296296297
1 0.6981354166666667 0.41626851851851854 0.03966145833333338 0.12628703703703703
1 0.9701614583333333 0.38801851851851854 0.02432812500000002 0.11537962962962964
1 0.6372447916666667 0.4352499999999999 0.03357291666666669 0.12844444444444442
1 0.945640625 0.3923611111111111 0.03149479166666656 0.11153703703703707
0 0.46929166666666666 0.8082222222222222 0.027947916666666708 0.042009259259259156