1 0.445984375 0.46552777777777776 0.03651041666666662 0.10247222222222224
1 0.7263177083333333 0.23021296296296295 0.035239583333333255 0.0868148148148148
0 0.21725520833333334 0.5193055555555556 0.011953125000000024 0.017435185185185116
1 0.892828125 0.3175925925925926 0.023520833333333258 0.10612037037037038
1 0.15700520833333334 0.38714814814814813 0.03397916666666667 0.10037037037037035
1 0.27540624999999996 0.11548148148148148 0.02546875000000002 0.05948148148148149
1 0.2688802083333333 0.38457407407407407 0.03817708333333331 0.10111111111111115
1 0.5223697916666666 0.8907592592592593 0.059036458333333285 0.17515740740740748
1 0.56534375 0.3173518518518519 0.025187500000000067 0.07476851851851851
1 0.3472864583333333 0.18840740740740738 0.023463541666666643 0.08387962962962961
1 0.974140625 0.4598333333333333 0.05169791666666678 0.10680555555555553
1 0.5497916666666666 0.5753796296296296 0.0312656250000001 0.1308888888888888
1 0.8744375000000001 0.4388148148148148 0.031843749999999935 0.10897222222222216
1 0.7936145833333333 0.057777777777777775 0.01885416666666657 0.06600925925925927
1 0.37803125000000004 0.31987037037037036 0.030317708333333353 0.09276851851851846
1 0.19671875 0.46576851851851847 0.03551562499999997 0.12591666666666668
2 0.8422395833333333 0.2524814814814815 0.029713541666666763 0.09450925925925928
1 0.892953125 0.2172962962962963 0.035208333333333286 0.07625925925925928
1 0.8380416666666667 0.12371296296296297 0.024234375000000103 0.06107407407407406
2 0.17089583333333333 0.022481481481481484 0.01726041666666666 0.04496296296296297