2 0.9875208333333333 0.4431388888888889 0.02495833333333337 0.09029629629629633
1 0.4996770833333333 0.6403518518518518 0.03306250000000001 0.10425925925925918
1 0.33459374999999997 0.379962962962963 0.03294791666666666 0.07474074074074076
1 0.6029583333333334 0.27213888888888893 0.027213541666666667 0.07321296296296298
1 0.5768697916666666 0.4440185185185185 0.030473958333333447 0.08470370370370367
1 0.11276041666666667 0.3203333333333333 0.02865104166666666 0.09037962962962964
1 0.89646875 0.6513333333333334 0.03288020833333339 0.11091666666666664
1 0.8430416666666667 0.3406574074074074 0.031864583333333245 0.074962962962963
1 0.493359375 0.3562592592592593 0.02311458333333339 0.08499999999999996
1 0.50496875 0.47177777777777774 0.028203125000000048 0.09574074074074078
1 0.42863541666666666 0.9288333333333333 0.037093750000000016 0.13526851851851845
1 0.5057135416666667 0.22917592592592592 0.032020833333333346 0.06012962962962965
1 0.019338541666666667 0.5170185185185185 0.038677083333333334 0.11346296296296293
0 0.535109375 0.2521851851851852 0.009416666666666629 0.015435185185185147
2 0.5108645833333333 0.1776111111111111 0.01856250000000005 0.06573148148148149
1 0.831359375 0.22155555555555556 0.0196041666666666 0.06475