1 0.20810937499999999 0.8765925925925926 0.030265625000000008 0.1239351851851851
1 0.04058854166666667 0.43878703703703703 0.03083333333333333 0.07594444444444443
1 0.28720312499999995 0.598037037037037 0.024703125000000034 0.08648148148148156
1 0.30040104166666665 0.5093888888888889 0.01996354166666663 0.07520370370370373
1 0.3729270833333333 0.5037407407407407 0.03510937500000004 0.08074074074074078
1 0.4149479166666667 0.8071944444444444 0.03658854166666667 0.10302777777777776
1 0.5539166666666666 0.7048333333333333 0.030343750000000114 0.1076203703703704
1 0.8053020833333334 0.7255185185185185 0.0296875 0.08883333333333339
1 0.808890625 0.7492129629629629 0.0246822916666666 0.07607407407407416
1 0.6126666666666666 0.42721296296296296 0.027645833333333297 0.07531481481481485
2 0.9828489583333333 0.8132407407407407 0.0343020833333334 0.10727777777777768
2 0.016989583333333332 0.6504814814814814 0.02685416666666667 0.11049074074074067
0 0.8294270833333334 0.7881203703703703 0.011692708333333239 0.021527777777777778