1 0.017338541666666665 0.5820277777777778 0.031453125 0.10445370370370366
1 0.10325000000000001 0.522962962962963 0.030562500000000003 0.09562037037037036
1 0.22099479166666666 0.4021111111111111 0.0186875 0.08550925925925928
1 0.38053125 0.3188518518518519 0.01573437500000002 0.07512037037037037
1 0.44288020833333336 0.35514814814814816 0.01747916666666664 0.06704629629629627
1 0.464171875 0.3943055555555556 0.020546875000000023 0.08030555555555557
1 0.27748958333333335 0.6119537037037037 0.03214062500000002 0.08623148148148137
1 0.32001041666666663 0.6577407407407407 0.039598958333333316 0.084138888888889
1 0.35616145833333335 0.5880092592592592 0.027005208333333287 0.07999074074074083
1 0.34071874999999996 0.6965092592592593 0.04150000000000003 0.07319444444444441
1 0.384625 0.8018796296296296 0.04148958333333338 0.11219444444444451
1 0.4687135416666666 0.7763796296296296 0.032546875 0.10283333333333328
1 0.4993020833333333 0.5181574074074075 0.026395833333333365 0.07818518518518523
1 0.6542239583333332 0.5026759259259259 0.024468750000000008 0.08625925925925929
1 0.7239635416666667 0.4229259259259259 0.021968749999999915 0.08550000000000003
1 0.7775364583333333 0.6285 0.022567708333333294 0.09387037037037047
1 0.7837604166666666 0.5631481481481482 0.025755208333333238 0.07835185185185176
1 0.8392864583333334 0.5031944444444445 0.02163020833333344 0.09737962962962965
1 0.910703125 0.3067407407407407 0.015343750000000019 0.07194444444444449
1 0.9202656250000001 0.36971296296296297 0.015963541666666713 0.07905555555555555
2 0.6142291666666666 0.4391944444444445 0.021947916666666602 0.0863888888888889
2 0.624 0.16275925925925927 0.010520833333333238 0.04490740740740741
0 0.35805729166666667 0.8042592592592592 0.010807291666666666 0.023638888888888862