1 0.23874479166666665 0.33661111111111114 0.02957812499999998 0.07436111111111117
1 0.27159375 0.46327777777777773 0.030494791666666642 0.09735185185185184
1 0.230125 0.7023518518518518 0.032005208333333354 0.11279629629629624
1 0.364828125 0.5597592592592592 0.022614583333333372 0.09699999999999999
1 0.391890625 0.6319259259259259 0.03047395833333333 0.11384259259259263
1 0.4131197916666667 0.8015648148148149 0.02781250000000005 0.12818518518518524
1 0.513 0.8389907407407408 0.03439062499999999 0.13722222222222227
1 0.6051510416666667 0.6733240740740741 0.0289791666666666 0.05679629629629622
1 0.5636822916666666 0.5773981481481482 0.02123437499999999 0.10555555555555556
1 0.6454635416666666 0.5739074074074074 0.020526041666666592 0.10267592592592602
1 0.6960104166666666 0.5581759259259259 0.04527083333333337 0.09795370370370367
1 0.5773906249999999 0.4754166666666667 0.0289791666666666 0.09077777777777775
1 0.3358125 0.36992592592592594 0.028213541666666706 0.08135185185185187
1 0.740890625 0.5797685185185185 0.028609374999999916 0.10412037037037042
1 0.7665677083333333 0.3275648148148148 0.038317708333333415 0.07889814814814818
2 0.10901041666666668 0.5411296296296296 0.047739583333333314 0.10910185185185178
0 0.7067916666666666 0.5306759259259259 0.008171875000000028 0.016407407407407433