1 0.199578125 0.6199629629629629 0.01825520833333331 0.08812962962962968
1 0.18523958333333335 0.5276851851851851 0.015291666666666674 0.08287962962962962
1 0.23982291666666666 0.5515925925925926 0.013703124999999972 0.08849999999999993
1 0.28802083333333334 0.46695370370370376 0.01221354166666669 0.07920370370370372
1 0.364453125 0.4352314814814815 0.016744791666666713 0.06674074074074078
1 0.331578125 0.6733148148148148 0.019223958333333378 0.08407407407407404
1 0.3784427083333333 0.5297962962962962 0.014072916666666657 0.08006481481481484
1 0.381953125 0.5815555555555556 0.018130208333333304 0.08339814814814808
1 0.46758333333333335 0.5241666666666667 0.015343750000000019 0.07585185185185192
1 0.560453125 0.47583333333333333 0.016177083333333304 0.07235185185185189
1 0.5482916666666667 0.5805925925925925 0.02152083333333342 0.07091666666666659
1 0.6232395833333333 0.5721574074074074 0.02902083333333323 0.06811111111111107
1 0.6721354166666667 0.4988611111111111 0.01902604166666677 0.07270370370370369
1 0.7295833333333334 0.5760277777777778 0.017239583333333287 0.08287037037037037
1 0.7477760416666667 0.5851666666666667 0.025937500000000096 0.08709259259259254
1 0.7704166666666666 0.4220555555555556 0.017822916666666563 0.07025925925925926
1 0.6741614583333334 0.3693240740740741 0.014182291666666676 0.0632407407407407
1 0.7844739583333333 0.8557870370370371 0.03110416666666656 0.11501851851851855
1 0.9197343750000001 0.7098148148148148 0.020796874999999916 0.09906481481481483
1 0.9373854166666666 0.5294351851851852 0.019510416666666686 0.08287037037037037
2 0.6242864583333334 0.49318518518518517 0.016604166666666722 0.08117592592592594
2 0.34154687499999997 0.2793425925925926 0.012494791666666671 0.04747222222222221