1 0.14834375 0.5424629629629629 0.017671874999999972 0.08299074074074063
1 0.18709375 0.6144351851851853 0.018822916666666658 0.07885185185185192
1 0.19033333333333333 0.6678981481481482 0.020671874999999968 0.08706481481481479
1 0.170671875 0.4335925925925926 0.01836458333333333 0.06883333333333336
1 0.246203125 0.45261111111111113 0.01441666666666664 0.0636851851851852
1 0.32503125 0.46659259259259256 0.01590624999999998 0.07519444444444442
1 0.4443489583333333 0.5471944444444444 0.02433333333333335 0.07187962962962972
1 0.47198958333333335 0.6090925925925926 0.026411458333333353 0.05994444444444445
1 0.5039166666666667 0.5852407407407407 0.02085416666666665 0.0698148148148149
1 0.5289010416666666 0.6331481481481481 0.024546875000000058 0.07103703703703707
1 0.5655104166666667 0.6296574074074074 0.017947916666666685 0.0599351851851852
1 0.53453125 0.4308425925925926 0.013130208333333353 0.06525000000000003
1 0.5347708333333333 0.3311574074074074 0.011989583333333324 0.0566111111111111
1 0.617953125 0.37102777777777773 0.016609374999999933 0.061222222222222226
1 0.6168958333333333 0.4907222222222222 0.019374999999999906 0.07375925925925929
1 0.7184947916666666 0.4562685185185185 0.01613020833333323 0.07277777777777775
1 0.7431145833333334 0.49383333333333335 0.024739583333333332 0.06698148148148146
1 0.7860260416666667 0.5260555555555555 0.022786458333333332 0.08228703703703714
1 0.7540052083333334 0.6325277777777778 0.020515624999999933 0.0669444444444444
1 0.7573802083333334 0.6904537037037037 0.028072916666666715 0.08744444444444449
2 0.14969270833333334 0.26810185185185187 0.012067708333333312 0.04408333333333335
2 0.4912395833333333 0.46300925925925923 0.019479166666666714 0.07264814814814813
0 0.5143697916666666 0.6644814814814815 0.008296875000000033 0.016629629629629664