1 0.12901041666666666 0.56225 0.03963541666666668 0.11953703703703696
1 0.18689583333333332 0.7097777777777777 0.04563020833333334 0.06589814814814822
1 0.34635937499999997 0.40405555555555556 0.03228125000000001 0.09460185185185181
1 0.33684375 0.3378425925925926 0.027895833333333304 0.08967592592592595
1 0.5064010416666667 0.24365740740740738 0.02596354166666662 0.06785185185185183
1 0.531796875 0.29062037037037036 0.023177083333333334 0.0863055555555556
1 0.5038385416666666 0.5163240740740741 0.04279687500000004 0.11356481481481484
1 0.5818489583333334 0.5091666666666667 0.03780729166666674 0.11747222222222228
1 0.659203125 0.5626388888888889 0.027109375000000095 0.12291666666666666
1 0.6799114583333333 0.47275 0.040718749999999915 0.08625925925925923
1 0.6935260416666666 0.5418240740740741 0.029885416666666723 0.1125185185185185
1 0.9250885416666667 0.3368055555555556 0.033406249999999936 0.0771851851851852
2 0.15329166666666666 0.40836111111111106 0.048677083333333336 0.1110185185185185