1 0.3754947916666667 0.7580740740740741 0.022203125000000056 0.08211111111111118
1 0.3986822916666667 0.8047314814814815 0.01853124999999996 0.0963333333333333
1 0.5065677083333333 0.6072222222222222 0.02073437499999997 0.0691111111111112
1 0.5423281249999999 0.586462962962963 0.022177083333333295 0.06318518518518519
1 0.5561197916666667 0.5590740740740741 0.023062500000000104 0.06575925925925924
1 0.5775260416666667 0.5958518518518519 0.015828124999999933 0.06812037037037032
1 0.6131197916666667 0.6109722222222222 0.026500000000000058 0.07266666666666668
1 0.6152864583333333 0.5765740740740741 0.01682291666666676 0.05923148148148151
1 0.6568854166666667 0.6097870370370371 0.024380208333333306 0.07029629629629637
1 0.6579947916666666 0.5658981481481481 0.013260416666666686 0.053694444444444454
1 0.672234375 0.5786481481481482 0.019484374999999925 0.06931481481481472
1 0.69025 0.5678703703703704 0.019927083333333446 0.06555555555555552
1 0.7496458333333333 0.5765740740740741 0.023031249999999896 0.06713888888888889
1 0.7659635416666667 0.5753796296296296 0.017848958333333324 0.068712962962963
2 0.7349322916666666 0.6721666666666667 0.020302083333333342 0.09024074074074077
2 0.8125260416666666 0.4313981481481482 0.014656249999999933 0.04713888888888886
0 0.3716770833333333 0.5041851851851852 0.00809895833333331 0.012398148148148241