1 0.17089583333333333 0.6553518518518519 0.021786458333333356 0.09343518518518526
1 0.28355729166666666 0.6030740740740741 0.025723958333333387 0.0915462962962964
1 0.31296874999999996 0.5589629629629629 0.03106770833333338 0.08700000000000004
1 0.3530729166666667 0.6293981481481481 0.03213020833333336 0.08907407407407411
1 0.39996875000000004 0.5765462962962963 0.02645312499999998 0.0746388888888888
1 0.4280416666666667 0.7542037037037037 0.03019270833333335 0.10862037037037033
1 0.45322395833333334 0.4922222222222222 0.021739583333333336 0.07139814814814811
1 0.5458802083333333 0.4480740740740741 0.022406249999999992 0.05602777777777782
1 0.5612291666666667 0.4557314814814814 0.018375000000000103 0.06639814814814812
1 0.5962447916666667 0.44615740740740745 0.024484375000000114 0.06084259259259263
1 0.6312916666666666 0.4194814814814815 0.027187499999999906 0.05689814814814819
1 0.6283020833333333 0.4843796296296296 0.022604166666666713 0.06441666666666661
1 0.6074635416666666 0.5299444444444444 0.025385416666666553 0.07403703703703707
2 0.5705416666666667 0.6050925925925926 0.023098958333333287 0.09957407407407404
1 0.6634895833333334 0.48574074074074075 0.028359374999999905 0.07453703703703704
1 0.7118385416666667 0.4575833333333334 0.013906249999999905 0.06762962962962965
1 0.7526666666666666 0.5565092592592592 0.02052083333333338 0.08146296296296297
1 0.9156510416666667 0.4977222222222222 0.019270833333333334 0.07752777777777779
1 0.9745260416666667 0.4855648148148148 0.021000000000000085 0.07912962962962966
2 0.5586927083333334 0.40085185185185185 0.01822395833333322 0.060370370370370414
0 0.580703125 0.45099074074074075 0.0060260416666667515 0.011296296296296339