2 0.23007291666666668 0.5934814814814815 0.02951562499999998 0.08312037037037036
1 0.06190104166666666 0.626 0.02983333333333334 0.08050925925925931
1 0.24236458333333333 0.775611111111111 0.042390624999999994 0.041435185185185186
1 0.25407291666666665 0.4765277777777778 0.02482812499999998 0.06519444444444447
1 0.4114114583333333 0.4540277777777778 0.026265625000000032 0.07483333333333328
1 0.3173020833333334 0.6090925925925926 0.02247395833333338 0.08311111111111111
1 0.33559375 0.7762592592592593 0.03271874999999997 0.1025833333333333
1 0.35835416666666664 0.7922592592592592 0.027005208333333287 0.0955555555555556
1 0.5058125 0.5830740740740741 0.030640624999999963 0.08312037037037036
1 0.542109375 0.49239814814814814 0.02711979166666669 0.06050925925925923
1 0.5525 0.5164722222222222 0.02506770833333339 0.06440740740740736
1 0.54671875 0.6684166666666667 0.03194791666666668 0.08725925925925927
1 0.5908489583333334 0.6788148148148149 0.03384375000000001 0.09766666666666668
1 0.6128020833333333 0.5616111111111111 0.030911458333333287 0.07401851851851857
1 0.6412708333333333 0.7168055555555556 0.03954687499999991 0.09037037037037028
1 0.7023020833333333 0.6567037037037037 0.024020833333333276 0.08987037037037032
1 0.82278125 0.748537037037037 0.03371354166666667 0.09659259259259254
1 0.9105989583333333 0.46195370370370376 0.02198958333333323 0.07247222222222226
0 0.6015989583333333 0.7139444444444444 0.009749999999999896 0.019509259259259202