1 0.23432291666666666 0.5217407407407407 0.037687500000000006 0.11220370370370376
1 0.4810208333333333 0.6131851851851852 0.032859374999999955 0.10742592592592591
1 0.5718645833333333 0.6389537037037037 0.05831770833333323 0.06388888888888888
1 0.6175312500000001 0.7739166666666667 0.041281250000000116 0.1361481481481481
1 0.5775625000000001 0.5496388888888889 0.034536458333333304 0.09043518518518526
1 0.61 0.5148611111111111 0.019187500000000076 0.10595370370370376
1 0.6267499999999999 0.5543888888888889 0.027348958333333447 0.10494444444444437
1 0.62703125 0.5098611111111111 0.016651041666666564 0.07593518518518518
1 0.6458906249999999 0.5697777777777778 0.026218750000000075 0.1081851851851851
1 0.6534895833333334 0.6443240740740741 0.035786458333333354 0.10716666666666667
1 0.69246875 0.5752777777777778 0.02649479166666661 0.11919444444444446
1 0.7308177083333334 0.457574074074074 0.02296874999999995 0.10647222222222218
1 0.7488333333333334 0.5127314814814815 0.025218750000000036 0.11421296296296293
1 0.9306145833333334 0.5528888888888889 0.027072916666666676 0.10194444444444437
2 0.9660052083333334 0.33240740740740743 0.03231249999999998 0.07828703703703699
0 0.6349427083333333 0.68975 0.01157812500000001 0.022462962962962955