1 0.31193229166666664 0.5373703703703704 0.05216145833333338 0.15598148148148153
1 0.3181927083333333 0.6559537037037036 0.05202083333333327 0.17296296296296293
1 0.3670260416666667 0.6234351851851851 0.03991145833333339 0.17797222222222225
1 0.37110937499999996 0.5396296296296296 0.028369791666666682 0.1554814814814815
1 0.40023958333333337 0.5423796296296296 0.03878125000000002 0.15598148148148153
1 0.42634375 0.5581388888888889 0.036098958333333306 0.1624814814814815
1 0.39939583333333334 0.42955555555555563 0.05397916666666672 0.12549074074074076
1 0.45294270833333333 0.4558148148148148 0.03581770833333332 0.1429907407407408
1 0.4190260416666666 0.7132407407407407 0.04961458333333333 0.18245370370370367
1 0.5164114583333334 0.6887314814814816 0.03608854166666665 0.17345370370370364
1 0.5285833333333333 0.7477685185185186 0.042135416666666654 0.20145370370370363
1 0.5228854166666667 0.5523888888888889 0.03777604166666671 0.15598148148148153
1 0.5777708333333333 0.40991666666666665 0.02932291666666676 0.12875000000000006
1 0.6331458333333334 0.5635185185185185 0.0514062499999999 0.16573148148148148
1 0.6755781249999999 0.41541666666666666 0.04759895833333327 0.13975000000000007
2 0.5616249999999999 0.09185185185185184 0.03070833333333335 0.09873148148148146
0 0.14703645833333334 0.492037037037037 0.015171874999999998 0.027537037037037044