1 0.51575 0.9308425925925925 0.0339479166666667 0.11544444444444439
1 0.27496354166666664 0.5736296296296296 0.034562499999999975 0.10512037037037035
1 0.83990625 0.3251759259259259 0.024593749999999897 0.0713148148148148
1 0.7141249999999999 0.34568518518518515 0.02687499999999995 0.07266666666666668
1 0.190484375 0.446712962962963 0.04738020833333335 0.09171296296296297
1 0.773484375 0.5678333333333333 0.03244270833333331 0.09582407407407409
1 0.43221875 0.4160277777777778 0.03078645833333328 0.08337962962962958
1 0.7693697916666667 0.3706111111111111 0.02223437500000003 0.0765
1 0.627703125 0.7023148148148148 0.03227604166666656 0.10309259259259251
2 0.7722187500000001 0.23360185185185184 0.021401041666666742 0.06972222222222223
0 0.19013020833333333 0.4853518518518518 0.009833333333333331 0.017824074074074076