2 0.783734375 0.5559814814814815 0.03132812500000005 0.08777777777777773
1 0.5263125 0.4098888888888889 0.022734375000000046 0.06304629629629632
1 0.50453125 0.8302962962962963 0.04044791666666671 0.11218518518518526
1 0.4844947916666667 0.43395370370370373 0.03204687499999999 0.06698148148148152
1 0.6986875 0.3602962962962963 0.02382291666666655 0.06927777777777772
1 0.2664479166666666 0.4518611111111111 0.02460937499999997 0.08071296296296297
1 0.5070989583333333 0.5227685185185186 0.029890625000000053 0.08422222222222225
1 0.5761197916666667 0.41077777777777774 0.025927083333333437 0.0728148148148148
1 0.7586041666666666 0.3890648148148148 0.02582291666666663 0.07402777777777782
1 0.513234375 0.3765462962962963 0.0277708333333333 0.06084259259259263
1 0.32704687499999996 0.6581481481481481 0.03110937500000001 0.10696296296296294
1 0.158453125 0.41112037037037036 0.02169791666666665 0.07737037037037033
1 0.29417708333333337 0.62025 0.025661458333333324 0.0981018518518519
2 0.2924947916666667 0.3230462962962963 0.017416666666666695 0.0651018518518518
1 0.4907864583333333 0.4125833333333333 0.0076197916666667235 0.01426851851851849