1 0.9027395833333334 0.3624907407407407 0.02272395833333339 0.06899999999999998
2 0.5702291666666667 0.4935185185185185 0.01956770833333342 0.07149074074074077
1 0.264796875 0.7524814814814814 0.026473958333333356 0.09812962962962965
1 0.35544270833333336 0.5733425925925927 0.031916666666666656 0.07008333333333339
1 0.45175 0.4406111111111111 0.02524479166666668 0.0680092592592593
1 0.5054947916666667 0.6143611111111111 0.030838541666666684 0.08704629629629629
1 0.6079375 0.5711203703703703 0.02724479166666664 0.07155555555555553
1 0.6257031249999999 0.6152777777777778 0.022260416666666553 0.0811944444444445
1 0.35969270833333333 0.38831481481481483 0.018947916666666724 0.06281481481481485
1 0.47129166666666666 0.2612685185185185 0.016526041666666675 0.056175925925925914
1 0.4066666666666666 0.2959074074074074 0.01824999999999998 0.055175925925925955
1 0.33434375000000005 0.4430277777777778 0.02396354166666666 0.06986111111111115
1 0.290046875 0.4806388888888889 0.021260416666666632 0.07558333333333328
1 0.8024895833333333 0.38169444444444445 0.022369791666666573 0.06588888888888886
1 0.3621510416666667 0.8612870370370371 0.029536458333333352 0.10601851851851851
1 0.45165104166666664 0.5615462962962964 0.024843750000000022 0.07987037037037036
2 0.4875625 0.19262962962962962 0.012979166666666705 0.053083333333333316
1 0.5549114583333333 0.3957407407407407 0.020802083333333363 0.05508333333333334
1 0.4833697916666667 0.3623425925925926 0.025234375000000024 0.057518518518518524
1 0.6686770833333333 0.4763148148148148 0.024947916666666715 0.07039814814814813
1 0.006098958333333334 0.3707037037037037 0.012197916666666668 0.07811111111111112
1 0.769046875 0.7601203703703703 0.015979166666666583 0.09439814814814819
1 0.9956510416666667 0.55075 0.008697916666666573 0.08338888888888883