2 0.16579687499999998 0.6085648148148148 0.028885416666666684 0.0856944444444444
1 0.4437916666666667 0.5200185185185185 0.024197916666666687 0.0741851851851853
1 0.110453125 0.4636388888888889 0.01981770833333334 0.07762037037037035
1 0.739375 0.522638888888889 0.023526041666666705 0.0655
1 0.201421875 0.26378703703703704 0.018520833333333306 0.06609259259259259
1 0.24740625 0.4209907407407408 0.022932291666666653 0.07112962962962968
1 0.23713541666666668 0.5350648148148148 0.019270833333333334 0.08145370370370372
1 0.21336979166666667 0.548962962962963 0.021421874999999996 0.08921296296296288
1 0.20931249999999998 0.33974074074074073 0.017458333333333322 0.06633333333333333
1 0.2830416666666667 0.8065 0.02681250000000001 0.10175000000000009
1 0.6195833333333333 0.8231574074074074 0.02908854166666662 0.07244444444444445
1 0.5506093750000001 0.34879629629629627 0.020791666666666705 0.06975000000000003
1 0.31738020833333336 0.40382407407407406 0.015010416666666634 0.07703703703703708
1 0.664984375 0.44506481481481486 0.016260416666666562 0.07687037037037041
0 0.6481250000000001 0.48112962962962963 0.008739583333333438 0.016759259259259227