1 0.6405260416666666 0.41598148148148145 0.03189583333333322 0.06691666666666665
1 0.44834375000000004 0.45692592592592596 0.025526041666666662 0.08210185185185187
2 0.442125 0.6974907407407407 0.02702083333333339 0.0958981481481481
1 0.206859375 0.84775 0.037328124999999976 0.11404629629629637
1 0.23303125 0.7026759259259259 0.027583333333333352 0.09761111111111118
1 0.738671875 0.44805555555555554 0.028302083333333408 0.07751851851851854
1 0.7801875 0.4239074074074074 0.025765624999999896 0.06899999999999998
1 0.5336041666666667 0.47074074074074074 0.02928645833333334 0.0790740740740741
1 0.27497916666666666 0.4549444444444444 0.02428645833333336 0.07800925925925921
1 0.448203125 0.3684537037037037 0.018333333333333358 0.06778703703703708
1 0.725421875 0.5534537037037037 0.0296145833333334 0.08533333333333341
1 0.6524166666666668 0.3730185185185185 0.02516666666666675 0.06742592592592586
1 0.47661458333333334 0.7175648148148148 0.02997395833333331 0.10548148148148155
1 0.6842083333333334 0.6516759259259258 0.02915625000000001 0.10008333333333326
1 0.2617552083333333 0.5548518518518518 0.024338541666666647 0.08712037037037029
1 0.21338541666666666 0.5562222222222223 0.023098958333333346 0.09319444444444452
1 0.44878124999999996 0.5732592592592592 0.022708333333333285 0.09287962962962958
2 0.417890625 0.28891666666666665 0.015817708333333277 0.06725925925925924