1 0.8554375000000001 0.6547499999999999 0.05014062499999999 0.09396296296296298
1 0.7774791666666666 0.5628888888888889 0.021359375000000114 0.0955925925925926
1 0.4735833333333333 0.555537037037037 0.033265624999999945 0.1055277777777778
1 0.28869791666666667 0.4256666666666667 0.029203124999999965 0.0820092592592592
1 0.216375 0.42462962962962963 0.030411458333333325 0.09497222222222217
1 0.41355729166666666 0.553675925925926 0.029375000000000047 0.09731481481481473
1 0.19396354166666668 0.34903703703703703 0.026942708333333343 0.07879629629629632
1 0.597109375 0.7212500000000001 0.03911979166666673 0.12701851851851859
1 0.18554166666666666 0.5404444444444444 0.02105208333333331 0.10875000000000004
1 0.48601041666666667 0.4394166666666666 0.03071354166666668 0.09371296296296294
1 0.17108854166666668 0.3724166666666667 0.026953125 0.09318518518518518
1 0.6587656249999999 0.441037037037037 0.02980208333333323 0.10153703703703701
1 0.7935052083333333 0.532787037037037 0.024942708333333268 0.09767592592592593
1 0.8780885416666667 0.6098148148148148 0.020901041666666724 0.090425925925926
1 0.4641041666666667 0.9114537037037036 0.04421875000000005 0.14438888888888884
1 0.38794270833333333 0.3501018518518519 0.023312499999999996 0.09107407407407409
2 0.2036875 0.5375185185185185 0.018458333333333302 0.11010185185185192
0 0.211484375 0.4630185185185185 0.010468750000000011 0.018787037037037005
1 0.9150416666666668 0.6958888888888889 0.027265624999999953 0.12627777777777788