1 0.19898437500000002 0.6806388888888889 0.03209895833333333 0.10875925925925929
1 0.7170572916666667 0.4006203703703704 0.03818750000000008 0.08362037037037043
1 0.7656562499999999 0.5167407407407408 0.03163020833333334 0.09511111111111113
1 0.656625 0.41645370370370366 0.030072916666666553 0.0779259259259259
1 0.8324427083333333 0.810712962962963 0.03583854166666664 0.1304351851851853
2 0.6754270833333333 0.6668888888888889 0.028125 0.11875925925925924
1 0.24879687500000003 0.7168796296296297 0.03778645833333334 0.11689814814814815
1 0.9396406249999999 0.7175277777777778 0.03221875000000007 0.12524999999999997
1 0.049171875 0.8163888888888889 0.031718750000000004 0.13133333333333325
1 0.3497760416666667 0.6339907407407408 0.025979166666666723 0.11937037037037043
1 0.22889583333333335 0.6067962962962963 0.029791666666666692 0.10962037037037047
1 0.5837708333333332 0.49318518518518517 0.029427083333333333 0.09776851851851849
1 0.3339010416666667 0.6041111111111112 0.02052083333333338 0.10901851851851853
1 0.9885052083333333 0.6473055555555556 0.022989583333333268 0.10788888888888887
1 0.47474479166666667 0.7076018518518519 0.030911458333333287 0.14387037037037048
1 0.023838541666666668 0.5302037037037037 0.021869791666666662 0.11084259259259263
1 0.259015625 0.5623333333333334 0.028395833333333353 0.10193518518518511
2 0.6818697916666667 0.2825462962962963 0.025406250000000106 0.07824999999999999
0 0.69309375 0.4298888888888889 0.008588541666666553 0.016342592592592572
1 0.129921875 0.9034907407407408 0.02717708333333332 0.1397962962962963