2 0.10741666666666667 0.7046388888888889 0.029671875000000014 0.1343055555555555
1 0.489046875 0.5320277777777778 0.03228125000000001 0.13695370370370372
1 0.20326041666666667 0.7493333333333333 0.03356250000000003 0.1503055555555555
1 0.676296875 0.6458055555555556 0.03887499999999993 0.13057407407407406
1 0.5776458333333333 0.48727777777777775 0.03043229166666658 0.12729629629629632
1 0.6317447916666666 0.5380370370370371 0.04097395833333337 0.05946296296296299
1 0.2491875 0.712287037037037 0.034958333333333334 0.13355555555555557
1 0.4933020833333333 0.9330092592592593 0.049687500000000044 0.12643518518518515
1 0.4209114583333333 0.7996111111111112 0.02822395833333336 0.14320370370370378
1 0.8033177083333333 0.8563888888888889 0.029781249999999915 0.15088888888888893
1 0.472921875 0.5024814814814814 0.021760416666666654 0.11386111111111114
0 0.6371875 0.5482407407407408 0.010109374999999924 0.01820370370370378