1 0.8472864583333333 0.4583425925925926 0.02477604166666675 0.08806481481481478
1 0.72640625 0.43997222222222226 0.03771875000000004 0.08731481481481483
1 0.6245104166666666 0.6547499999999999 0.03418749999999993 0.10523148148148156
1 0.980796875 0.5456111111111112 0.030270833333333278 0.09101851851851847
1 0.538234375 0.3211851851851852 0.022192708333333342 0.06500000000000004
1 0.5557291666666667 0.8610277777777777 0.04123437500000004 0.12953703703703712
1 0.3785833333333333 0.3920092592592593 0.02748958333333332 0.08174999999999996
1 0.6847447916666667 0.5160092592592592 0.03026041666666662 0.09101851851851847
1 0.760859375 0.27952777777777776 0.021010416666666743 0.07012037037037039
1 0.9291666666666667 0.4474166666666667 0.028817708333333296 0.09190740740740745
1 0.6456614583333333 0.258712962962963 0.019328125000000067 0.06485185185185184
1 0.2523489583333333 0.5615370370370371 0.025447916666666674 0.09092592592592597
1 0.9049322916666667 0.42334259259259255 0.019473958333333267 0.08113888888888889
2 0.5882708333333333 0.4792777777777778 0.026859375000000085 0.0886018518518519
1 0.4326979166666666 0.3116574074074074 0.02290625000000001 0.0735185185185185
1 0.44528645833333336 0.5789907407407406 0.031302083333333286 0.09301851851851856
1 0.22227083333333333 0.3636111111111111 0.015494791666666667 0.08148148148148149
2 0.169828125 0.2614259259259259 0.013447916666666693 0.07090740740740742
1 0.5108385416666666 0.26030555555555557 0.01672916666666661 0.0705
1 0.8969895833333333 0.3917592592592593 0.017739583333333305 0.08111111111111113