1 0.91003125 0.7528703703703704 0.10252604166666662 0.35244444444444456
1 0.27518750000000003 0.5471666666666667 0.03968750000000002 0.14909259259259258
1 0.5791927083333334 0.4846666666666667 0.029098958333333275 0.10580555555555554
1 0.7618645833333333 0.5559537037037037 0.053031250000000085 0.19358333333333327
1 0.6136302083333334 0.5744814814814815 0.04747916666666659 0.19256481481481483
1 0.8109375 0.5115833333333333 0.030281249999999933 0.1495833333333333
1 0.9229895833333334 0.5011759259259259 0.04113020833333323 0.12312962962962964
1 0.8714375000000001 0.4236574074074074 0.022213541666666715 0.0584351851851852
1 0.37034895833333337 0.6170555555555555 0.053385416666666664 0.24184259259259264
1 0.453671875 0.5228333333333333 0.03601041666666672 0.16193518518518524
1 0.9752604166666666 0.6875833333333333 0.049479166666666664 0.2952314814814816
1 0.7923281249999999 0.43875000000000003 0.027041666666666703 0.07016666666666664
1 0.4776875 0.41717592592592595 0.017510416666666608 0.04490740740740741
1 0.6475520833333334 0.5776296296296296 0.03974479166666664 0.16564814814814824
1 0.5503802083333333 0.4478888888888889 0.012765625000000114 0.07441666666666662
1 0.7501354166666666 0.4478888888888889 0.019968750000000077 0.07579629629629625
1 0.7754166666666666 0.5022685185185186 0.021291666666666723 0.11371296296296292
1 0.8336718750000001 0.5091481481481481 0.024802083333333277 0.1510740740740741