1 0.38522395833333334 0.8631203703703704 0.03046875 0.10699074074074069
1 0.5390364583333334 0.507712962962963 0.029588541666666638 0.06795370370370374
1 0.33086979166666663 0.594212962962963 0.025890625000000018 0.07752777777777779
1 0.17310416666666667 0.4634629629629629 0.023197916666666648 0.07407407407407403
1 0.803 0.6507685185185186 0.024322916666666573 0.08627777777777784
1 0.20247395833333334 0.4791944444444444 0.019296874999999977 0.07747222222222223
1 0.26481770833333335 0.3358333333333333 0.019020833333333355 0.06576851851851849
1 0.4903645833333333 0.43419444444444444 0.025656249999999995 0.06611111111111109
1 0.287171875 0.5939722222222222 0.025833333333333285 0.09186111111111114
1 0.92578125 0.986574074074074 0.0328125 0.026851851851851852
1 0.192015625 0.37687037037037036 0.016593750000000008 0.06649999999999993
1 0.624 0.8662037037037037 0.030869791666666656 0.10715740740740742
1 0.9728802083333333 0.98475 0.026250000000000048 0.030472222222222088
1 0.7468333333333333 0.4455462962962963 0.016260416666666562 0.07216666666666662
0 0.47023437500000004 0.45587037037037037 0.008041666666666695 0.012546296296296253