1 0.5027239583333334 0.3508796296296296 0.03528125000000001 0.06573148148148149
1 0.7914687499999999 0.60575 0.036364583333333415 0.09360185185185177
1 0.5219635416666667 0.833824074074074 0.04878125000000004 0.11845370370370377
1 0.15181250000000002 0.7349722222222222 0.03954166666666666 0.11299074074074071
1 0.35092708333333333 0.7563240740740741 0.03970312500000001 0.10461111111111113
1 0.20995833333333333 0.3882407407407408 0.023911458333333316 0.03946296296296297
1 0.08766666666666666 0.4893981481481481 0.03433333333333334 0.08653703703703707
1 0.4514166666666667 0.41280555555555554 0.027145833333333275 0.07737037037037042
1 0.49145833333333333 0.5052314814814814 0.03168749999999996 0.07969444444444439
1 0.791796875 0.7184537037037036 0.0455468749999999 0.09918518518518529
1 0.7201406250000001 0.6286759259259259 0.03834374999999994 0.09137037037037044
1 0.24065625 0.44007407407407406 0.026963541666666656 0.07476851851851851
1 0.515453125 0.43692592592592594 0.017000000000000053 0.06503703703703705
1 0.5997395833333333 0.39287962962962963 0.025098958333333362 0.05910185185185189
1 0.6114635416666666 0.43539814814814815 0.03582812499999998 0.07237962962962959
2 0.5609947916666667 0.5371574074074074 0.03854687500000011 0.08607407407407411
1 0.05684375 0.5329814814814815 0.026802083333333337 0.09422222222222221
1 0.524609375 0.4110648148148148 0.013015625000000005 0.06824074074074078
0 0.5475416666666667 0.4111296296296296 0.00877083333333341 0.01697222222222226