1 0.8363697916666666 0.38687962962962963 0.034390625000000105 0.09456481481481481
1 0.29518229166666665 0.3526574074074074 0.026901041666666715 0.08257407407407413
1 0.5869635416666666 0.4180462962962963 0.03099479166666678 0.08733333333333328
2 0.50096875 0.5528333333333333 0.03282291666666666 0.10090740740740742
1 0.074890625 0.6752962962962964 0.032677083333333336 0.12008333333333339
1 0.8123385416666667 0.609925925925926 0.0235104166666666 0.12100925925925932
1 0.48828645833333334 0.4071944444444444 0.023484374999999957 0.0871203703703704
2 0.23284375 0.3229722222222222 0.02777604166666669 0.08437962962962962
1 0.45444270833333333 0.40152777777777776 0.027249999999999965 0.09298148148148144
1 0.41490625 0.4268611111111111 0.03341666666666671 0.09607407407407406
1 0.7338749999999999 0.377712962962963 0.023598958333333305 0.0889074074074074
1 0.15372395833333333 0.7657222222222222 0.029447916666666647 0.11839814814814804
1 0.4921302083333333 0.34330555555555553 0.02041145833333336 0.0856944444444444
1 0.8299114583333334 0.5930555555555556 0.021562500000000047 0.11218518518518526
0 0.19852083333333334 0.35886111111111113 0.00905208333333333 0.015879629629629608