2 0.26096875 0.5569259259259259 0.022307291666666687 0.07857407407407398
1 0.5235260416666666 0.5500555555555555 0.024765624999999975 0.07960185185185188
1 0.18071875 0.6297407407407407 0.024229166666666656 0.08540740740740742
1 0.6280677083333334 0.24887962962962965 0.01844270833333326 0.05775925925925925
1 0.2622083333333333 0.3305277777777778 0.01854166666666668 0.06389814814814813
1 0.7798333333333333 0.5518055555555555 0.03443749999999994 0.0823888888888889
1 0.7479479166666666 0.37205555555555553 0.02261979166666658 0.06733333333333336
1 0.2248125 0.755425925925926 0.021401041666666683 0.10137962962962964
1 0.5231510416666667 0.4534722222222222 0.024244791666666703 0.07544444444444447
1 0.157109375 0.6152314814814815 0.024791666666666677 0.08077777777777778
1 0.493203125 0.5796481481481481 0.024937500000000057 0.08502777777777772
1 0.22633333333333333 0.4230740740740741 0.023463541666666643 0.0702314814814815
1 0.604796875 0.42971296296296296 0.021031250000000057 0.05507407407407409
1 0.5440260416666667 0.4408518518518519 0.018906250000000093 0.06936111111111114
1 0.27111979166666667 0.18423148148148147 0.014333333333333325 0.05507407407407409
1 0.38130729166666666 0.8704999999999999 0.028927083333333315 0.10477777777777786
1 0.31077083333333333 0.2818333333333333 0.01857812500000004 0.056851851851851834
1 0.18008333333333332 0.2803055555555556 0.01608854166666666 0.057666666666666644
1 0.501765625 0.29067592592592595 0.020093749999999962 0.06114814814814811
1 0.17727604166666666 0.4078148148148148 0.01683333333333336 0.06457407407407409
1 0.177984375 0.4846481481481481 0.01694791666666665 0.08227777777777774
2 0.25278125 0.16774074074074075 0.010588541666666689 0.04492592592592591
0 0.767703125 0.5841203703703703 0.009812500000000076 0.016648148148148165
2 0.9903541666666666 0.9485740740740741 0.019291666666666648 0.10284259259259264