1 0.49075520833333336 0.3650925925925926 0.03346875 0.08113888888888889
1 0.2791927083333333 0.283712962962963 0.029500000000000023 0.07003703703703702
1 0.6396302083333333 0.3875648148148148 0.03241666666666655 0.0912407407407407
2 0.2584270833333333 0.47862962962962957 0.03838541666666666 0.08409259259259254
1 0.24811979166666667 0.3608796296296296 0.027713541666666685 0.08372222222222218
1 0.30640625 0.3715277777777778 0.03225520833333337 0.07949074074074076
1 0.41125520833333334 0.8956018518518518 0.05036458333333336 0.13563888888888878
1 0.185515625 0.45967592592592593 0.03248958333333333 0.09668518518518515
1 0.5221822916666667 0.49717592592592597 0.03294270833333339 0.09232407407407411
1 0.47881770833333337 0.6669166666666666 0.041796875 0.10557407407407406
1 0.5979895833333334 0.3424537037037037 0.018880208333333332 0.07445370370370367
1 0.5251666666666667 0.3940462962962963 0.035526041666666626 0.08000925925925922
1 0.781109375 0.5240555555555556 0.03532291666666675 0.08992592592592583
1 0.23826041666666667 0.5709074074074074 0.03307812499999999 0.10279629629629627
1 0.6902291666666667 0.4408518518518519 0.03541145833333322 0.09626851851851854
1 0.7589270833333334 0.4950555555555555 0.03323958333333342 0.09471296296296293
1 0.443171875 0.4997222222222223 0.03299479166666662 0.09334259259259255
1 0.58778125 0.3212407407407407 0.021604166666666678 0.06815740740740742
1 0.8463802083333333 0.6274907407407407 0.0274166666666666 0.1081296296296296
0 0.46902083333333333 0.3848240740740741 0.010343749999999948 0.01797222222222219