1 0.06338541666666667 0.5811203703703703 0.042859375 0.08546296296296292
1 0.9355625 0.7969537037037038 0.031453124999999936 0.10005555555555551
1 0.7085625 0.713388888888889 0.031208333333333373 0.09059259259259252
1 0.6132135416666666 0.6177499999999999 0.029109374999999934 0.08354629629629631
1 0.8595 0.4688240740740741 0.022661458333333447 0.07017592592592595
1 0.9099531249999999 0.8589351851851852 0.034953125000000064 0.09963888888888879
1 0.45555729166666664 0.7186388888888889 0.03003645833333337 0.09092592592592597
1 0.38378645833333336 0.62225 0.022312499999999957 0.08958333333333333
1 0.6000520833333333 0.35791666666666666 0.0182864583333334 0.06483333333333331
1 0.29465104166666667 0.3302407407407408 0.021437500000000043 0.06664814814814816
1 0.36220312499999996 0.7987870370370371 0.02780729166666672 0.09038888888888878
1 0.9005833333333333 0.6026666666666667 0.023791666666666583 0.07939814814814815
1 0.5631770833333333 0.2603611111111111 0.016526041666666675 0.052046296296296306
1 0.44786458333333334 0.42106481481481484 0.02297916666666661 0.0540648148148148
1 0.8536041666666667 0.3272777777777778 0.014651041666666724 0.062166666666666655
1 0.6858072916666667 0.3361388888888889 0.019552083333333314 0.05854629629629631
2 0.5998697916666667 0.5535740740740741 0.016927083333333332 0.07491666666666674
1 0.3006197916666667 0.5869074074074074 0.025453124999999945 0.0783425925925925
1 0.67946875 0.4513425925925926 0.014473958333333314 0.06883333333333336
1 0.851234375 0.28437962962962965 0.012338541666666696 0.05550000000000005
1 0.338125 0.4242962962962963 0.014083333333333314 0.06281481481481485
2 0.403609375 0.21258333333333335 0.010541666666666671 0.048185185185185206
0 0.07702083333333333 0.604537037037037 0.008546875000000013 0.014490740740740825