2 0.25036458333333333 0.49442592592592594 0.027854166666666676 0.06895370370370373
1 0.511328125 0.5197592592592593 0.032687499999999994 0.08077777777777778
1 0.5076041666666666 0.4492962962962963 0.024666666666666615 0.07515740740740742
1 0.9058854166666667 0.4352962962962963 0.02559895833333338 0.07309259259259264
1 0.3589114583333333 0.5596388888888889 0.03140104166666665 0.07076851851851858
1 0.068046875 0.3951574074074074 0.027317708333333326 0.0706296296296296
1 0.7049114583333334 0.5843425925925926 0.03075520833333343 0.06972222222222219
1 0.3598177083333333 0.5142962962962964 0.023885416666666614 0.06755555555555559
1 0.48991666666666667 0.3907685185185185 0.033322916666666674 0.05784259259259262
1 0.172375 0.7937037037037038 0.03416666666666668 0.10383333333333343
1 0.41034375 0.5535648148148148 0.03469791666666673 0.0775833333333333
0 0.7755624999999999 0.5814907407407407 0.011562499999999904 0.016231481481481458
1 0.7109270833333333 0.5557037037037037 0.022578124999999952 0.04856481481481486
1 0.6817708333333333 0.5425740740740741 0.026151041666666687 0.07469444444444451
2 0.964015625 0.9460462962962963 0.03972395833333332 0.09883333333333323