0 0.45898958333333334 0.40425 0.009682291666666624 0.013027777777777824
1 0.6311510416666667 0.33202777777777776 0.02027083333333337 0.05263888888888891
1 0.3514947916666667 0.3984166666666667 0.024723958333333348 0.06431481481481485
1 0.5048020833333333 0.41321296296296295 0.022265625 0.06100925925925925
1 0.6737083333333334 0.3716203703703704 0.023666666666666693 0.061194444444444475
1 0.41929687499999996 0.43910185185185185 0.021937499999999943 0.06223148148148151
1 0.28310416666666666 0.9644259259259259 0.03029687500000004 0.07114814814814818
1 0.495125 0.7543055555555556 0.03203125 0.09985185185185178
1 0.48990625 0.3738518518518518 0.019619791666666705 0.053694444444444454
1 0.348890625 0.5456851851851852 0.028380208333333337 0.08447222222222224
1 0.613375 0.4295277777777778 0.023343750000000087 0.06720370370370374
2 0.41605729166666666 0.29562962962962963 0.014468749999999985 0.06100925925925925
1 0.8986875 0.9338888888888889 0.038088541666666725 0.1181018518518518
2 0.670390625 0.5232222222222223 0.027651041666666744 0.07655555555555561
1 0.6319427083333333 0.45088888888888884 0.022625000000000027 0.0648055555555555
1 0.3185 0.3714166666666667 0.020583333333333325 0.0624814814814815
1 0.17763020833333334 0.5541944444444444 0.026994791666666688 0.07788888888888879