1 0.051854166666666666 0.27912037037037035 0.022114583333333337 0.0727407407407408
1 0.34482291666666665 0.16142592592592592 0.023947916666666676 0.06718518518518518
1 0.9760104166666667 0.33149999999999996 0.02056770833333322 0.08070370370370368
1 0.11397916666666667 0.2765833333333333 0.023343749999999996 0.07784259259259264
1 0.21973437499999998 0.5960925925925926 0.031489583333333356 0.0789907407407407
1 0.6291302083333333 0.5120648148148148 0.025656250000000113 0.09914814814814814
1 0.9614010416666667 0.22325 0.01971354166666662 0.07029629629629629
1 0.6535989583333334 0.136037037037037 0.015276041666666629 0.06603703703703703
1 0.7628385416666668 0.5650277777777778 0.03317708333333324 0.0894537037037036
1 0.22807291666666665 0.5671944444444444 0.02385416666666664 0.08989814814814807
1 0.4447395833333333 0.18674074074074073 0.022000000000000006 0.06779629629629633
1 0.5858697916666666 0.022814814814814816 0.01690625000000002 0.04387962962962963
1 0.6683958333333333 0.2533518518518519 0.017401041666666592 0.07936111111111112
1 0.526875 0.39866666666666667 0.023770833333333387 0.08432407407407412
1 0.4615208333333333 0.17875925925925926 0.020286458333333358 0.06874074074074076
1 0.4190729166666667 0.42562037037037037 0.02401041666666662 0.09277777777777782
1 0.28234375 0.5909907407407408 0.024989583333333343 0.09993518518518524
1 0.43495833333333334 0.39579629629629626 0.020640625000000058 0.08330555555555558
1 0.4847708333333333 0.4818148148148148 0.019578124999999957 0.06297222222222221
1 0.49130729166666665 0.5122685185185185 0.019125000000000014 0.08647222222222226
2 0.6078854166666667 0.3973333333333333 0.024593749999999897 0.07702777777777783
1 0.6752187500000001 0.23099074074074075 0.015500000000000114 0.07509259259259256