1 0.5144947916666667 0.5864444444444444 0.03306770833333334 0.08528703703703694
1 0.7010833333333333 0.6821111111111111 0.03566666666666667 0.08938888888888885
1 0.6638125 0.9274814814814815 0.031692708333333285 0.12533333333333324
0 0.43428125 0.7826296296296297 0.014723958333333323 0.01992592592592591
1 0.031984374999999995 0.4461851851851852 0.025630208333333338 0.08693518518518523
1 0.4512291666666667 0.5823333333333333 0.03285416666666663 0.09377777777777775
1 0.5396666666666667 0.36300000000000004 0.024057291666666696 0.07643518518518515
1 0.4991979166666667 0.33749074074074076 0.02202604166666665 0.07478703703703703
1 0.31018229166666667 0.29630555555555554 0.02119791666666669 0.07507407407407411
1 0.34825 0.4497685185185185 0.0230833333333333 0.08015740740740734
1 0.6647291666666667 0.5737222222222222 0.03254166666666668 0.08675000000000005
1 0.5953541666666666 0.44375925925925924 0.02476041666666665 0.08757407407407405
1 0.6464531250000001 0.7352685185185186 0.03466145833333343 0.090787037037037
1 0.5083229166666666 0.4161944444444445 0.020114583333333276 0.07038888888888888
1 0.12349479166666667 0.7827962962962962 0.035546875 0.11769444444444435
1 0.26600520833333335 0.5485648148148149 0.025901041666666676 0.078324074074074
1 0.23944270833333334 0.4468055555555555 0.024442708333333306 0.08287037037037032
1 0.396546875 0.36037037037037034 0.020828125000000006 0.0787037037037037
1 0.603359375 0.3919259259259259 0.026338541666666753 0.0760648148148148
2 0.29642708333333334 0.46223148148148147 0.021958333333333375 0.073462962962963
1 0.254078125 0.6001666666666666 0.03190104166666664 0.09005555555555554
1 0.81121875 0.6494722222222222 0.03409895833333323 0.10295370370370376