1 0.8464166666666666 0.6074907407407407 0.037880208333333346 0.11368518518518515
1 0.785203125 0.5694444444444444 0.030796875000000057 0.11087037037037038
1 0.30831250000000004 0.743037037037037 0.03899479166666661 0.12784259259259254
1 0.5472812499999999 0.5751666666666666 0.024380208333333306 0.118425925925926
1 0.5185208333333333 0.6956574074074073 0.03671875 0.12176851851851851
1 0.4073645833333333 0.5309074074074074 0.030770833333333296 0.10245370370370378
1 0.27196875 0.40646296296296297 0.021531249999999988 0.08072222222222228
1 0.52153125 0.3764722222222222 0.024244791666666644 0.06673148148148153
1 0.4950833333333333 0.4829074074074074 0.022703124999999956 0.0863981481481481
1 0.3540260416666667 0.5485555555555556 0.028458333333333384 0.10385185185185193
1 0.45637500000000003 0.4494259259259259 0.03110416666666668 0.09541666666666662
1 0.7634791666666667 0.535712962962963 0.028963541666666735 0.10931481481481477
1 0.817734375 0.5982777777777778 0.02322395833333341 0.10439814814814814
1 0.5177864583333334 0.45654629629629623 0.02265104166666667 0.09046296296296295
1 0.38636458333333334 0.440537037037037 0.02951041666666671 0.0952222222222222
1 0.5538541666666668 0.4545740740740741 0.025468750000000047 0.0978148148148148
2 0.27415104166666665 0.47749074074074077 0.020531250000000008 0.10081481481481486
1 0.7415572916666666 0.5286944444444445 0.02053125000000004 0.10449999999999991
1 0.8033072916666666 0.5593981481481481 0.019593749999999945 0.10741666666666666
1 0.9583229166666667 0.503462962962963 0.018026041666666732 0.10524074074074076