1 0.26971354166666667 0.5693611111111111 0.03708333333333336 0.14671296296296302
1 0.19589583333333332 0.5665462962962963 0.05005729166666668 0.21447222222222218
1 0.11960416666666666 0.5596574074074073 0.02944270833333332 0.1414351851851852
1 0.3660625 0.5711296296296297 0.082421875 0.4907685185185185
1 0.9207447916666667 0.5682222222222222 0.04327083333333329 0.22702777777777783
1 0.13657291666666668 0.564787037037037 0.017088541666666655 0.11475925925925931
1 0.40284895833333334 0.5628148148148149 0.02908333333333329 0.18000925925925929
1 0.5520520833333333 0.5632037037037037 0.04473958333333338 0.2757037037037037
1 0.6489427083333333 0.5590462962962963 0.03408333333333336 0.22785185185185183
1 0.7534895833333334 0.5599259259259259 0.06076041666666659 0.3937407407407407
1 0.7123489583333333 0.5702222222222223 0.02964583333333337 0.1849537037037037
2 0.5813697916666667 0.56825 0.022406249999999992 0.11772222222222231