1 0.179078125 0.5795833333333333 0.03746874999999997 0.09604629629629631
1 0.302671875 0.4538611111111111 0.03426562499999998 0.09641666666666666
2 0.7101614583333333 0.4763148148148148 0.03764062499999999 0.0896574074074074
1 0.8083854166666666 0.513 0.03060937499999999 0.09832407407407412
1 0.8384479166666666 0.3096759259259259 0.029473958333333408 0.08845370370370367
1 0.4698072916666666 0.29097222222222224 0.024802083333333277 0.08237962962962965
1 0.601515625 0.39046296296296296 0.029104166666666723 0.09009259259259254
1 0.787359375 0.6044444444444445 0.02855729166666663 0.09913888888888883
1 0.40775 0.40191666666666664 0.03728645833333329 0.09976851851851852
1 0.73553125 0.7550925925925925 0.032260416666666694 0.11807407407407405
1 0.7441822916666666 0.24503703703703703 0.022776041666666677 0.07285185185185189
1 0.213609375 0.38687037037037036 0.028703125000000006 0.08785185185185185
1 0.9814895833333334 0.44219444444444445 0.03144270833333328 0.11009259259259258
1 0.5561875000000001 0.6778703703703703 0.042729166666666644 0.11379629629629638
2 0.06221354166666667 0.25013888888888886 0.02388541666666666 0.08487962962962962
0 0.1843125 0.6171018518518518 0.009812500000000017 0.019324074074073973