2 0.70078125 0.4219351851851852 0.027520833333333408 0.06028703703703705
1 0.649015625 0.7142407407407407 0.039750000000000084 0.09169444444444443
1 0.9221197916666667 0.6330648148148148 0.026250000000000048 0.08266666666666664
1 0.24791145833333333 0.5623148148148148 0.02940104166666669 0.07879629629629621
1 0.49252083333333335 0.30375 0.02027083333333337 0.05713888888888892
1 0.9080208333333334 0.48029629629629633 0.03283854166666676 0.06507407407407405
1 0.4092083333333333 0.3671574074074074 0.022328124999999942 0.06455555555555557
1 0.8588854166666666 0.3819814814814815 0.02431770833333336 0.07831481481481485
1 0.7016875 0.6130462962962964 0.025864583333333257 0.08447222222222224
1 0.9502343750000001 0.757175925925926 0.03691666666666672 0.09039814814814826
1 0.8244947916666666 0.3065462962962963 0.024171874999999923 0.05047222222222222
1 0.1914375 0.4039814814814815 0.024166666666666656 0.06792592592592595
1 0.34243229166666667 0.5404166666666667 0.024807291666666724 0.08301851851851859
1 0.463296875 0.40849074074074077 0.025192708333333275 0.06605555555555559
1 0.979140625 0.7489537037037037 0.03294791666666678 0.0886203703703704
1 0.6666614583333333 0.3307592592592593 0.018312499999999923 0.05872222222222218
1 0.39691145833333336 0.5054537037037037 0.027479166666666662 0.07999074074074078
1 0.7006354166666667 0.5741018518518518 0.033057291666666565 0.06397222222222215
1 0.690625 0.9768518518518519 0.03125 0.046296296296296294
2 0.344296875 0.23728703703703702 0.016843749999999956 0.05553703703703705
1 0.8761666666666666 0.36810185185185185 0.020151041666666696 0.05912962962962964
1 0.6948645833333333 0.39537962962962964 0.029734375000000077 0.050046296296296255
0 0.5212864583333333 0.41938888888888887 0.012890625 0.019888888888888907