1 0.057520833333333334 0.6049629629629629 0.02457291666666667 0.08434259259259251
1 0.09697395833333333 0.6142777777777777 0.031916666666666656 0.07891666666666668
1 0.2970625 0.5261111111111112 0.02876562500000001 0.07318518518518514
1 0.10281770833333333 0.49934259259259256 0.023348958333333326 0.08695370370370373
1 0.8539687499999999 0.6515925925925926 0.028885416666666684 0.09099074074074072
1 0.616375 0.9340462962962963 0.041682291666666774 0.12044444444444438
1 0.38914062499999996 0.5330833333333334 0.02973437499999996 0.07913888888888891
1 0.88953125 0.4267592592592592 0.02183333333333337 0.07491666666666663
1 0.37855208333333334 0.371962962962963 0.0246458333333333 0.07085185185185183
1 0.27375 0.6114444444444445 0.025630208333333352 0.07775000000000003
1 0.7392135416666666 0.3568055555555556 0.020624999999999952 0.06832407407407404
1 0.9460208333333333 0.6656018518518518 0.025734374999999924 0.09011111111111106
1 0.768703125 0.44981481481481483 0.02525000000000001 0.07234259259259258
1 0.5071510416666667 0.4190648148148148 0.02358333333333332 0.08002777777777773
1 0.5593333333333333 0.26246296296296295 0.02013541666666659 0.06464814814814816
1 0.38543229166666665 0.40855555555555556 0.02183333333333337 0.07800000000000001
2 0.7872708333333333 0.5458333333333333 0.026364583333333278 0.07218518518518521
1 0.8382083333333333 0.5613518518518519 0.02330208333333322 0.0841574074074075
1 0.63009375 0.6469722222222223 0.028635416666666677 0.09719444444444447