1 0.26825520833333333 0.44899074074074075 0.03096875000000002 0.06678703703703703
1 0.2675208333333333 0.9637962962962964 0.0382447916666667 0.07240740740740735
1 0.40990624999999997 0.4631018518518518 0.02690625000000004 0.06265740740740743
1 0.2693541666666667 0.7833888888888888 0.030598958333333332 0.08949074074074083
1 0.22477083333333334 0.5945277777777778 0.03858333333333335 0.08488888888888894
1 0.8083489583333333 0.8456296296296296 0.03887499999999993 0.10631481481481475
1 0.9625729166666667 0.6088611111111112 0.027781250000000077 0.08257407407407413
1 0.6861041666666666 0.5551111111111111 0.022510416666666564 0.07802777777777777
1 0.49851562499999996 0.5456388888888889 0.0308229166666667 0.07285185185185192
1 0.374203125 0.331712962962963 0.021619791666666662 0.052879629629629644
1 0.5760208333333333 0.40024074074074073 0.02371354166666677 0.06879629629629626
1 0.3062447916666667 0.3540648148148148 0.018765624999999987 0.05952777777777774
2 0.5124114583333333 0.587324074074074 0.024630208333333313 0.07428703703703705
1 0.5471197916666667 0.3839166666666667 0.02080729166666657 0.0561944444444445
1 0.32040104166666666 0.6380555555555556 0.02703125000000005 0.08181481481481472
2 0.3106041666666667 0.3211296296296296 0.018864583333333348 0.055898148148148155
0 0.525296875 0.4045185185185185 0.006640625 0.013361111111111065