1 0.399828125 0.3391944444444444 0.02421875 0.07467592592592591
1 0.7401979166666667 0.5378425925925926 0.02952083333333325 0.08471296296296298
1 0.16244270833333332 0.6225740740740741 0.03039583333333334 0.09087037037037046
1 0.130875 0.4046944444444444 0.028401041666666682 0.07922222222222228
1 0.5133177083333333 0.6213703703703705 0.03235416666666661 0.09087037037037046
1 0.8414791666666667 0.5202314814814815 0.03004687500000003 0.08768518518518523
1 0.241984375 0.3250185185185185 0.024578125000000027 0.07112962962962957
1 0.6420156250000001 0.3982777777777778 0.023010416666666582 0.07392592592592595
2 0.34728125 0.6708425925925926 0.023348958333333295 0.09937037037037032
1 0.28954166666666664 0.6231388888888889 0.03083333333333336 0.09692592592592598
1 0.757828125 0.8682962962962962 0.0383697916666667 0.11531481481481479
1 0.07450520833333334 0.5336388888888889 0.02761458333333333 0.08791666666666671
1 0.3218333333333333 0.3678703703703704 0.01583333333333338 0.06757407407407409
1 0.131984375 0.4968518518518519 0.02868229166666666 0.08585185185185187
1 0.7560416666666666 0.34324074074074074 0.021880208333333446 0.07452777777777779
1 0.5166666666666667 0.442 0.02755208333333338 0.07331481481481487
1 0.631546875 0.6226111111111111 0.030567708333333363 0.09393518518518523
1 0.33231249999999996 0.43448148148148147 0.02766666666666661 0.08053703703703706
2 0.2918385416666667 0.2012962962962963 0.016562499999999977 0.05629629629629631
0 0.742671875 0.9082870370370371 0.011229166666666639 0.023138888888888896
1 0.308734375 0.3196203703703704 0.012833333333333386 0.07125925925925929