1 0.456171875 0.9166851851851852 0.06585937500000003 0.11861111111111103
2 0.852859375 0.857537037037037 0.03457812499999993 0.11816666666666678
1 0.10168229166666666 0.3692685185185185 0.028286458333333334 0.09250925925925924
1 0.5017916666666667 0.6661666666666667 0.035531250000000014 0.09974074074074077
1 0.461 0.3843518518518519 0.0329739583333333 0.08154629629629624
0 0.6088541666666667 0.8733148148148148 0.013979166666666742 0.02252777777777771
1 0.18536458333333333 0.5002314814814814 0.02698958333333336 0.09394444444444448
1 0.323375 0.48760185185185184 0.025760416666666685 0.09983333333333327
1 0.60015625 0.7781111111111111 0.027250000000000087 0.09975925925925927
1 0.5785208333333334 0.7295277777777778 0.04108333333333339 0.09826851851851841
1 0.011135416666666665 0.3791111111111111 0.022265625 0.0878981481481481
2 0.490109375 0.6014074074074074 0.032677083333333336 0.10131481481481489
1 0.5751666666666666 0.790074074074074 0.027291666666666714 0.0882222222222222
1 0.3998333333333333 0.6475925925925926 0.02432812500000002 0.10212962962962958