1 0.5208958333333333 0.49401851851851847 0.024687500000000046 0.08752777777777775
2 0.3213697916666666 0.5643148148148148 0.02745833333333335 0.06456481481481482
1 0.45229166666666665 0.47475 0.03345312500000001 0.07585185185185186
1 0.30730729166666665 0.340212962962963 0.020041666666666676 0.06071296296296301
1 0.6819375 0.27479629629629626 0.020614583333333294 0.05581481481481479
1 0.314140625 0.6294814814814815 0.026145833333333358 0.08237962962962965
1 0.3966822916666667 0.6254259259259259 0.02703125000000005 0.09055555555555551
1 0.807453125 0.5445185185185185 0.02677604166666659 0.08184259259259269
1 0.24869791666666666 0.2892962962962963 0.022005208333333335 0.05923148148148151
1 0.2343125 0.7901481481481482 0.03477083333333333 0.10768518518518515
1 0.5691510416666666 0.4788148148148148 0.025421874999999972 0.07653703703703706
1 0.81265625 0.40803703703703703 0.022890624999999904 0.07652777777777775
1 0.6781510416666666 0.5249814814814815 0.023093750000000076 0.07797222222222226
1 0.287953125 0.18546296296296297 0.018161458333333276 0.04321296296296298
2 0.311765625 0.16153703703703703 0.017729166666666647 0.049000000000000016
1 0.5858333333333333 0.3038796296296296 0.021322916666666695 0.06028703703703705
1 0.50125 0.48522222222222217 0.02332812499999998 0.0720555555555555
1 0.37679687500000003 0.2973240740740741 0.016916666666666677 0.042083333333333375
1 0.36092708333333334 0.884925925925926 0.03313541666666661 0.11278703703703699
1 0.45310937500000004 0.3849444444444445 0.02787499999999999 0.051935185185185216
1 0.21146354166666667 0.42000000000000004 0.01963541666666669 0.0739166666666667
1 0.45971354166666667 0.4108981481481481 0.019552083333333314 0.07016666666666664
0 0.35502083333333334 0.3837314814814815 0.009151041666666634 0.015046296296296295