1 0.494828125 0.5244537037037037 0.03957291666666667 0.09060185185185177
1 0.4060625 0.7 0.04051562499999998 0.11608333333333323
1 0.3076041666666667 0.6810925925925926 0.03565625000000002 0.10890740740740752
1 0.2821770833333333 0.5673055555555556 0.030119791666666628 0.11087037037037038
1 0.42378125 0.549601851851852 0.03440624999999997 0.10425925925925918
2 0.6286510416666666 0.7775648148148148 0.03548958333333327 0.12206481481481475
1 0.7314166666666666 0.7869166666666667 0.0388333333333333 0.12260185185185193
1 0.2461875 0.6425648148148149 0.03214062500000002 0.11304629629629621
1 0.9051875 0.5802685185185186 0.032223958333333275 0.11496296296296304
1 0.4822135416666667 0.6477407407407407 0.03846354166666662 0.12534259259259248
1 0.5466770833333333 0.6347870370370371 0.04700520833333333 0.1110185185185186
1 0.37429166666666663 0.6196574074074074 0.04310937499999999 0.13862962962962966
1 0.4627239583333333 0.6450462962962963 0.038744791666666716 0.1135648148148149
1 0.7406354166666667 0.5921481481481481 0.03472916666666658 0.10339814814814821
1 0.396984375 0.5374351851851852 0.03596874999999997 0.09656481481481478