1 0.44110416666666663 0.4573611111111111 0.029369791666666718 0.07793518518518515
1 0.8236041666666666 0.56125 0.029640624999999924 0.08801851851851847
2 0.4161927083333333 0.6232962962962962 0.0297239583333333 0.09520370370370365
1 0.86165625 0.5130925925925925 0.031473958333333246 0.07953703703703707
1 0.10495833333333333 0.7538888888888889 0.03881249999999999 0.10114814814814815
1 0.6704583333333333 0.42191666666666666 0.023442708333333447 0.0742777777777778
1 0.3593385416666666 0.8108055555555556 0.03402604166666663 0.1111296296296296
1 0.314265625 0.32982407407407405 0.021645833333333305 0.06335185185185181
1 0.5136458333333334 0.3859722222222222 0.02368750000000001 0.0746203703703704
1 0.462625 0.43678703703703703 0.027828125000000033 0.06636111111111108
1 0.18883333333333333 0.8202407407407407 0.039619791666666695 0.11394444444444439
1 0.9567916666666666 0.3705648148148148 0.02567187499999998 0.07441666666666667
1 0.225875 0.4414444444444444 0.024838541666666637 0.07077777777777783
1 0.11819791666666667 0.5885833333333333 0.025979166666666664 0.0967314814814815
1 0.5334947916666667 0.5259907407407408 0.02863020833333329 0.09006481481481479
1 0.5546458333333334 0.3151296296296296 0.025557291666666752 0.06850925925925927
1 0.16991666666666666 0.5721111111111111 0.028385416666666666 0.09217592592592588
2 0.32854687499999996 0.25834259259259257 0.01995312499999997 0.06350000000000001
1 0.9399270833333334 0.8115 0.03143229166666662 0.10472222222222213
1 0.9363072916666667 0.3678796296296296 0.016416666666666656 0.07956481481481477
0 0.8143697916666667 0.5924074074074074 0.007729166666666743 0.01423148148148138