0 0.5299375000000001 0.7561388888888889 0.01281770833333334 0.019407407407407443
1 0.23797395833333335 0.6863425925925926 0.029421875000000004 0.09636111111111105
1 0.7706822916666667 0.9440462962962963 0.03471874999999992 0.11160185185185183
1 0.5620260416666666 0.4901018518518518 0.027505208333333305 0.08329629629629633
1 0.6460104166666666 0.6485833333333334 0.028510416666666552 0.08256481481481488
1 0.6962760416666666 0.8005185185185185 0.034468749999999916 0.10140740740740739
1 0.023697916666666666 0.6533518518518519 0.03456250000000001 0.09630555555555555
1 0.47424479166666667 0.46769444444444447 0.02716666666666671 0.07211111111111106
1 0.30027604166666666 0.4829444444444445 0.02584895833333339 0.07735185185185182
1 0.49343229166666663 0.7310833333333334 0.03810416666666671 0.07820370370370373
1 0.8800729166666666 0.4129537037037037 0.02951562500000004 0.07889814814814818
1 0.37995833333333334 0.35962962962962963 0.02052604166666671 0.07337037037037038
1 0.24671875 0.8150462962962963 0.029203125000000028 0.11818518518518528
1 0.34898437499999996 0.3805 0.021041666666666715 0.07239814814814809
1 0.23065625 0.3036851851851852 0.016927083333333332 0.06814814814814817
1 0.6396041666666666 0.5648333333333333 0.02829687499999996 0.07775000000000003
1 0.49790625 0.3676759259259259 0.023197916666666648 0.06670370370370367
1 0.4841875 0.3635555555555555 0.019010416666666665 0.06749074074074073
1 0.7278177083333334 0.6809074074074074 0.03126041666666666 0.09107407407407399
2 0.26758333333333334 0.47242592592592597 0.022239583333333358 0.07531481481481479
1 0.05197916666666667 0.49489814814814814 0.022531249999999996 0.0837407407407408
1 0.05592708333333333 0.4326203703703704 0.018197916666666664 0.07387037037037035