2 0.8582291666666666 0.8208148148148149 0.03307291666666667 0.09764814814814818
1 0.5692916666666666 0.5471666666666667 0.026578125000000105 0.060675925925925904
1 0.5003177083333333 0.48777777777777775 0.02038541666666672 0.057722222222222196
1 0.21240625 0.33905555555555555 0.015713541666666647 0.03983333333333332
1 0.499 0.31777777777777777 0.015411458333333291 0.040620370370370376
1 0.6442916666666666 0.47306481481481477 0.01939062500000001 0.0573981481481481
1 0.24232291666666667 0.3811481481481481 0.015010416666666693 0.043462962962963016
1 0.7339479166666667 0.40105555555555555 0.012791666666666639 0.041574074074074055
1 0.22863541666666667 0.3360462962962963 0.014510416666666673 0.039805555555555566
1 0.3891822916666667 0.3968518518518519 0.01896354166666671 0.049462962962962924
1 0.16876041666666666 0.44619444444444445 0.01641145833333333 0.053129629629629624
1 0.5865781250000001 0.40112962962962967 0.017333333333333437 0.049907407407407386
1 0.34725520833333334 0.362787037037037 0.014812500000000029 0.04496296296296302
1 0.7887291666666666 0.400212962962963 0.013322916666666629 0.04473148148148143
2 0.46818229166666664 0.3711851851851852 0.014317708333333339 0.045231481481481504
1 0.42316145833333335 0.348 0.016432291666666644 0.04175000000000003
1 0.2890520833333333 0.36887037037037035 0.015989583333333356 0.0463333333333333
1 0.30878125 0.3482037037037037 0.01555729166666661 0.0404444444444444
1 0.40354687499999997 0.44330555555555556 0.021463541666666686 0.05527777777777782
1 0.4351770833333333 0.37687037037037036 0.012927083333333301 0.04758333333333332
1 0.26796875 0.32135185185185183 0.016078124999999974 0.037046296296296286
1 0.44283854166666664 0.3547592592592593 0.010057291666666638 0.0481203703703704
2 0.41177604166666665 0.2611759259259259 0.008531250000000056 0.03203703703703706