1 0.08643229166666666 0.5185925925925926 0.018281250000000013 0.07025925925925915
1 0.22576562500000003 0.40998148148148145 0.010046874999999981 0.059657407407407465
1 0.207484375 0.3827314814814815 0.02386979166666669 0.05284259259259264
1 0.24604687500000003 0.3545462962962963 0.012401041666666638 0.05138888888888889
1 0.2665625 0.4136666666666667 0.013619791666666655 0.05690740740740744
1 0.30443749999999997 0.3585277777777778 0.014588541666666661 0.049222222222222195
1 0.3318645833333333 0.33012037037037034 0.014989583333333318 0.0401018518518518
1 0.34466145833333334 0.384037037037037 0.012140624999999971 0.04677777777777776
1 0.40971874999999996 0.3582314814814815 0.011401041666666719 0.048638888888888863
1 0.4076458333333333 0.42825925925925923 0.01619270833333329 0.05431481481481479
2 0.5088645833333333 0.3854814814814815 0.01463541666666662 0.04966666666666665
1 0.5082395833333334 0.3339444444444445 0.0117552083333333 0.04339814814814815
1 0.5349739583333334 0.36450925925925926 0.014838541666666613 0.04818518518518515
1 0.5352604166666667 0.44450925925925927 0.016218749999999994 0.05936111111111112
1 0.56146875 0.4129259259259259 0.01580729166666662 0.05543518518518519
1 0.5823541666666666 0.3847407407407407 0.016942708333333438 0.0481944444444444
1 0.5970677083333332 0.4161111111111111 0.015479166666666563 0.056018518518518516
1 0.6257552083333333 0.477824074074074 0.015958333333333265 0.06096296296296294
1 0.6724010416666667 0.5594074074074074 0.018229166666666668 0.06664814814814816
1 0.846171875 0.5928611111111111 0.017098958333333296 0.07574999999999996
1 0.8985104166666668 0.48814814814814816 0.017739583333333305 0.06426851851851854
2 0.43 0.2697407407407407 0.00969791666666661 0.03348148148148145
0 0.21638541666666666 0.381462962962963 0.005911458333333345 0.011287037037037087
2 0.9856614583333333 0.8284074074074074 0.028677083333333304 0.10181481481481484