1 0.6026666666666666 0.7372962962962962 0.02927083333333324 0.09519444444444439
1 0.725875 0.6070925925925925 0.022453125000000067 0.08010185185185184
1 0.8564062499999999 0.43873148148148144 0.02109375 0.0650648148148148
1 0.5005364583333333 0.6443240740740741 0.025317708333333282 0.08501851851851847
1 0.4341666666666667 0.39898148148148144 0.01736458333333329 0.05721296296296293
1 0.3507239583333333 0.4332037037037037 0.01975000000000004 0.0665833333333333
1 0.2771822916666667 0.4368518518518519 0.022171874999999997 0.06773148148148146
1 0.8190885416666667 0.5595 0.02669791666666678 0.07841666666666672
1 0.35975520833333335 0.39119444444444446 0.016432291666666644 0.05960185185185186
1 0.145015625 0.697462962962963 0.02852083333333333 0.09822222222222216
1 0.4650989583333333 0.34519444444444447 0.018374999999999985 0.05253703703703705
1 0.4936666666666667 0.3264351851851852 0.0160520833333333 0.05159259259259262
1 0.4217135416666667 0.35474074074074075 0.019411458333333322 0.055194444444444456
1 0.22325 0.35225 0.018343750000000013 0.05775925925925925
1 0.3832291666666666 0.3811018518518518 0.014708333333333339 0.052731481481481525
1 0.25108854166666666 0.5436203703703704 0.022822916666666693 0.07353703703703711
1 0.5478072916666666 0.5355277777777778 0.018932291666666618 0.06588888888888897
1 0.5360520833333333 0.5104351851851852 0.01597916666666664 0.0679907407407408
1 0.3983333333333333 0.3585925925925926 0.017067708333333324 0.04115740740740745
1 0.3976354166666667 0.38575925925925925 0.019380208333333353 0.050296296296296346
2 0.5384479166666666 0.4705 0.01563541666666666 0.06491666666666662