1 0.43330208333333337 0.604537037037037 0.024463541666666682 0.0811944444444445
1 0.6221145833333334 0.4786666666666667 0.02257291666666674 0.05976851851851848
1 0.47715625 0.576925925925926 0.02504166666666663 0.07624999999999992
1 0.13458333333333333 0.6021018518518518 0.019489583333333328 0.07921296296296292
1 0.45276041666666667 0.39962037037037035 0.02007291666666665 0.05638888888888887
1 0.652125 0.5421666666666667 0.02440104166666662 0.075
1 0.39908333333333335 0.6067870370370371 0.025458333333333392 0.0819166666666667
1 0.8723281249999999 0.46547222222222223 0.019479166666666714 0.06900000000000003
1 0.4072760416666667 0.34785185185185186 0.013723958333333286 0.04690740740740738
1 0.5647968750000001 0.3178240740740741 0.018598958333333353 0.048537037037037
1 0.239875 0.505611111111111 0.01810937499999999 0.07453703703703704
1 0.28429166666666666 0.4264722222222222 0.01941666666666665 0.0654814814814815
1 0.5605260416666666 0.43246296296296294 0.021687499999999933 0.05927777777777776
1 0.15190104166666665 0.34403703703703703 0.01735416666666669 0.05570370370370367
1 0.35233854166666667 0.38728703703703704 0.015015624999999961 0.04650925925925928
1 0.26157291666666665 0.44628703703703704 0.016536458333333334 0.06507407407407405
1 0.425078125 0.3405648148148148 0.016713541666666623 0.0477777777777778
1 0.346953125 0.40269444444444447 0.021760416666666654 0.04747222222222221
2 0.49436979166666667 0.48660185185185184 0.024661458333333285 0.07039814814814813
1 0.4581614583333333 0.33269444444444446 0.020130208333333382 0.05221296296296295
0 0.55271875 0.4478148148148148 0.006911458333333324 0.01229629629629627