1 0.1631041666666667 0.7344166666666666 0.024734375000000006 0.10468518518518513
1 0.17014062500000002 0.6536944444444445 0.02754687499999999 0.09588888888888884
1 0.5205572916666666 0.5992592592592593 0.019046874999999967 0.09460185185185192
1 0.578609375 0.6080185185185185 0.021145833333333287 0.097111111111111
1 0.5731927083333334 0.7041296296296297 0.02297916666666661 0.07914814814814816
1 0.5883906250000001 0.7445462962962963 0.030854166666666554 0.09243518518518512
1 0.7132916666666667 0.6796018518518518 0.02872395833333338 0.09013888888888881
1 0.7372864583333333 0.5301851851851852 0.019010416666666665 0.07654629629629636
2 0.49008854166666665 0.5022777777777778 0.027072916666666676 0.08829629629629626
1 0.153390625 0.35286111111111107 0.01939062500000001 0.06468518518518519
1 0.25260937499999997 0.44746296296296295 0.017963541666666673 0.07375000000000004
1 0.2799791666666666 0.4485925925925926 0.02063541666666661 0.07350000000000005
1 0.29855729166666667 0.3836481481481481 0.018380208333333314 0.061194444444444475
1 0.3210729166666667 0.37412962962962965 0.01274479166666668 0.062194444444444406
1 0.32860416666666664 0.36587037037037035 0.01232291666666671 0.060685185185185155
1 0.337046875 0.3771388888888889 0.01232291666666671 0.058194444444444465
1 0.34915104166666666 0.3666203703703704 0.014010416666666714 0.05718518518518518
1 0.370046875 0.3529814814814815 0.014989583333333318 0.062435185185185246
1 0.39931770833333335 0.34285185185185185 0.017239583333333287 0.054666666666666634
1 0.45807291666666666 0.3248240740740741 0.012302083333333276 0.05866666666666668
2 0.48753124999999997 0.2619259259259259 0.016390625000000013 0.0481388888888889
1 0.834046875 0.4456111111111111 0.019374999999999906 0.06996296296296291
0 0.635890625 0.7284166666666667 0.011796875000000047 0.019462962962962946