1 0.17057291666666666 0.5917314814814816 0.020078124999999978 0.08408333333333329
1 0.341203125 0.41256481481481483 0.011598958333333324 0.05278703703703703
1 0.354890625 0.35712962962962963 0.013307291666666643 0.05409259259259255
1 0.4277239583333333 0.4080925925925926 0.015651041666666643 0.04955555555555554
1 0.4419427083333333 0.43605555555555553 0.016286458333333323 0.05603703703703702
1 0.4438697916666667 0.3900277777777778 0.011583333333333338 0.04764814814814818
1 0.46060416666666665 0.37186111111111114 0.014041666666666685 0.047444444444444456
1 0.4637604166666666 0.39363888888888887 0.012864583333333356 0.05107407407407404
1 0.47515104166666666 0.3753888888888889 0.008906249999999952 0.0525833333333333
1 0.482421875 0.38185185185185183 0.01061458333333339 0.050305555555555596
1 0.49568229166666666 0.4320648148148148 0.015744791666666678 0.05946296296296299
1 0.50028125 0.5003425925925926 0.01424479166666662 0.055314814814814824
1 0.5793125 0.475425925925926 0.016161458333333437 0.054916666666666614
1 0.5878177083333332 0.6024722222222222 0.01711979166666661 0.07324999999999991
2 0.579796875 0.440712962962963 0.016052083333333418 0.055851851851851896
1 0.5463749999999999 0.36112037037037037 0.014453125 0.05827777777777783
1 0.5671250000000001 0.34675925925925927 0.01744270833333322 0.05047222222222222
1 0.6096354166666667 0.4434722222222222 0.013692708333333314 0.06707407407407402
1 0.7207239583333334 0.5130740740740741 0.018755208333333447 0.06557407407407402
1 0.7746718749999999 0.5134537037037037 0.022916666666666665 0.06633333333333342
1 0.8329062500000001 0.43851851851851853 0.018526041666666753 0.06097222222222224
0 0.7788489583333333 0.5383888888888889 0.009880208333333229 0.01541666666666675
2 0.6458125 0.2944722222222222 0.013322916666666629 0.039064814814814865