1 0.18074479166666665 0.517462962962963 0.01747916666666664 0.057944444444444375
1 0.4133020833333333 0.39592592592592596 0.013692708333333314 0.04412037037037035
1 0.438890625 0.3643148148148148 0.015640624999999984 0.046194444444444434
1 0.46530208333333334 0.4179537037037037 0.015322916666666705 0.04233333333333336
1 0.46628125 0.3917592592592593 0.013369791666666705 0.04134259259259257
1 0.4775729166666667 0.384462962962963 0.013291666666666656 0.04481481481481479
1 0.4975572916666666 0.3821203703703704 0.013406250000000005 0.04846296296296299
1 0.5016614583333333 0.38705555555555554 0.011453125000000005 0.04860185185185186
1 0.505140625 0.43909259259259265 0.014499999999999957 0.04571296296296297
1 0.517953125 0.39560185185185187 0.011994791666666652 0.0448518518518519
1 0.5339739583333334 0.3821203703703704 0.011213541666666712 0.04846296296296299
1 0.5433489583333333 0.3839259259259259 0.011208333333333324 0.0492962962962963
1 0.5932083333333333 0.366 0.010890624999999925 0.043999999999999984
1 0.6300104166666666 0.36197222222222225 0.014166666666666572 0.044277777777777826
1 0.5774218750000001 0.4537592592592593 0.013703124999999972 0.05419444444444447
2 0.6076614583333334 0.43117592592592596 0.013229166666666714 0.049324074074074055
1 0.6325885416666667 0.41658333333333336 0.01776041666666662 0.03958333333333333
1 0.6014895833333332 0.519425925925926 0.02120312500000002 0.0507592592592592
1 0.6041458333333334 0.4756481481481482 0.023390624999999925 0.043787037037037006
1 0.7239010416666667 0.46938888888888897 0.01829166666666661 0.0507314814814815
1 0.8469531250000001 0.4431203703703704 0.016666666666666666 0.05792592592592598
2 0.690625 0.30487037037037035 0.010348958333333276 0.03288888888888887
0 0.6029010416666666 0.49071296296296296 0.006833333333333276 0.010009259259259209