1 0.18986979166666668 0.4393240740740741 0.015395833333333305 0.07033333333333337
1 0.31536458333333334 0.46155555555555555 0.0191770833333333 0.07592592592592592
1 0.316078125 0.37802777777777774 0.013947916666666652 0.057620370370370384
1 0.2996770833333333 0.3431944444444444 0.03153645833333331 0.01499074074074079
1 0.31517708333333333 0.3333888888888889 0.01118750000000001 0.035953703703703745
1 0.3375677083333333 0.3516481481481481 0.01888541666666666 0.018379629629629652
1 0.37364583333333334 0.35097222222222224 0.015932291666666622 0.050842592592592564
1 0.3706510416666667 0.3989074074074074 0.016598958333333278 0.06050000000000003
1 0.38586458333333334 0.3306851851851852 0.012791666666666639 0.050833333333333314
1 0.3941354166666667 0.36957407407407405 0.012223958333333347 0.06099074074074075
1 0.4054479166666667 0.3486111111111111 0.013932291666666667 0.052870370370370394
1 0.409203125 0.3793796296296296 0.018588541666666694 0.06032407407407405
1 0.41814062500000004 0.36137037037037034 0.009843750000000047 0.053046296296296265
1 0.42460416666666667 0.35156481481481483 0.011359374999999972 0.053712962962962955
1 0.5132604166666667 0.44845370370370363 0.01657812499999996 0.061546296296296266
1 0.36566145833333336 0.524537037037037 0.026583333333333313 0.07173148148148151
2 0.5276666666666667 0.40635185185185185 0.015906250000000042 0.06186111111111106
1 0.6330520833333334 0.32257407407407407 0.01275520833333322 0.06164814814814819
1 0.652734375 0.4279074074074074 0.01978645833333322 0.07286111111111117
2 0.5434479166666667 0.2529074074074074 0.013244791666666582 0.04402777777777776
1 0.7774479166666667 0.3978888888888889 0.018203124999999907 0.0584537037037037
1 0.7698437499999999 0.5196203703703705 0.018203124999999907 0.07880555555555546
1 0.9161614583333333 0.431787037037037 0.016088541666666602 0.07047222222222224