1 0.704328125 0.5276203703703705 0.022218749999999923 0.07318518518518514
1 0.6122708333333333 0.3164814814814815 0.019270833333333334 0.04869444444444447
1 0.0766875 0.44636111111111115 0.014942708333333332 0.05858333333333337
1 0.426171875 0.45784259259259263 0.020796875000000034 0.06349999999999999
1 0.24395833333333333 0.3396203703703704 0.015953125 0.05008333333333336
1 0.16553125 0.4579166666666667 0.022708333333333344 0.0665277777777778
1 0.8800572916666667 0.46536111111111106 0.02215624999999998 0.06525925925925923
1 0.3626875 0.33539814814814817 0.007796875000000014 0.04465740740740742
1 0.6785989583333334 0.40292592592592597 0.017911458333333265 0.06036111111111105
1 0.2759635416666667 0.36124074074074075 0.015140624999999967 0.05637962962962962
1 0.44248437500000004 0.443962962962963 0.02038541666666672 0.06024074074074069
1 0.29957812500000003 0.3611759259259259 0.015958333333333387 0.05566666666666667
1 0.3175104166666667 0.36368518518518517 0.013369791666666705 0.0533240740740741
2 0.333484375 0.4425555555555555 0.026619791666666615 0.06318518518518514
1 0.22061979166666665 0.4155833333333333 0.019973958333333344 0.04859259259259261
1 0.34802083333333333 0.3465462962962963 0.012416666666666624 0.04642592592592591
1 0.06877604166666668 0.4242870370370371 0.016526041666666668 0.06279629629629624
1 0.21142708333333332 0.3874814814814815 0.01629687499999998 0.058361111111111086
1 0.37061458333333336 0.3378425925925926 0.014671875000000037 0.04800000000000003
1 0.33841666666666664 0.3364259259259259 0.014604166666666647 0.038990740740740756
2 0.52503125 0.25021296296296297 0.011979166666666667 0.04073148148148149