1 0.1373541666666667 0.6954907407407407 0.028505208333333344 0.09457407407407417
1 0.20102083333333332 0.5987870370370371 0.024104166666666652 0.08592592592592588
1 0.22743750000000001 0.45992592592592596 0.016927083333333332 0.07622222222222216
1 0.29805729166666667 0.4543240740740741 0.022041666666666633 0.0728333333333333
1 0.11854687500000001 0.3546388888888889 0.02163020833333332 0.06601851851851848
1 0.295421875 0.39172222222222225 0.016770833333333356 0.06473148148148145
1 0.312984375 0.3822314814814815 0.016765625000000027 0.06915740740740735
1 0.32659374999999996 0.37389814814814815 0.01179166666666672 0.0628981481481481
1 0.3345 0.3539814814814815 0.010031249999999995 0.05690740740740744
1 0.34247395833333333 0.3508611111111111 0.012812499999999952 0.061064814814814856
1 0.3940677083333333 0.3411018518518518 0.014999999999999977 0.05975925925925923
1 0.4617604166666667 0.32223148148148145 0.014255208333333276 0.05584259259259254
2 0.4761770833333333 0.2647037037037037 0.012348958333333352 0.05008333333333336
1 0.6920572916666666 0.49936111111111103 0.031338541666666705 0.07442592592592598
1 0.44331770833333334 0.7208703703703704 0.030067708333333342 0.10629629629629625
1 0.5028854166666666 0.6858611111111111 0.02332291666666665 0.10133333333333339
1 0.5212552083333333 0.606074074074074 0.026395833333333306 0.09010185185185181
1 0.622609375 0.592675925925926 0.022718749999999944 0.09191666666666665
1 0.71071875 0.5973611111111111 0.029140624999999906 0.09087962962962971
0 0.6727395833333334 0.5191296296296296 0.010270833333333229 0.020296296296296364
1 0.8275416666666667 0.4538055555555556 0.01981249999999998 0.07700000000000003
2 0.47881770833333337 0.5080740740740741 0.020562500000000008 0.08664814814814813