1 0.21354166666666666 0.3670833333333333 0.020875000000000022 0.07724999999999996
1 0.21109895833333334 0.6319166666666667 0.03822395833333333 0.09477777777777768
1 0.2638697916666667 0.6898518518518518 0.03588020833333336 0.11967592592592592
1 0.31403125000000004 0.4880833333333333 0.022744791666666705 0.08987037037037032
1 0.30746875 0.46069444444444446 0.02964583333333337 0.1003611111111111
1 0.3288229166666667 0.4001018518518519 0.023411458333333357 0.06814814814814817
1 0.46201562500000004 0.513287037037037 0.023947916666666676 0.0948055555555556
1 0.5115052083333333 0.3800277777777778 0.022828124999999963 0.08139814814814812
1 0.5339739583333334 0.4056296296296296 0.023265625000000036 0.08712962962962965
1 0.6253124999999999 0.3329722222222222 0.01573437500000002 0.07428703703703705
1 0.6223072916666667 0.2754351851851852 0.02085416666666665 0.06599999999999998
1 0.71990625 0.48490740740740745 0.021390625000000087 0.09935185185185182
1 0.6930416666666667 0.7298796296296296 0.028848958333333268 0.11075925925925915
1 0.8718489583333333 0.39949999999999997 0.02162499999999999 0.08474074074074073
1 0.89209375 0.4295462962962963 0.017619791666666627 0.08948148148148147
1 0.9105572916666667 0.4430925925925926 0.022505208333333353 0.0908611111111111
1 0.93346875 0.6079814814814815 0.03184895833333338 0.11216666666666676
1 0.9719479166666667 0.6305277777777778 0.03050520833333342 0.11769444444444435
1 0.8883125 0.8139444444444444 0.02784895833333323 0.1384907407407407
2 0.292171875 0.268212962962963 0.016848958333333285 0.06737962962962961
2 0.655734375 0.5021296296296296 0.017635416666666733 0.09029629629629628
0 0.19834374999999999 0.405287037037037 0.008833333333333353 0.014796296296296313