1 0.012666666666666666 0.8461018518518518 0.025010416666666663 0.14025
1 0.09761979166666666 0.4303703703703704 0.023677083333333324 0.09617592592592593
1 0.018593750000000003 0.22491666666666668 0.017104166666666667 0.07164814814814817
1 0.211875 0.41383333333333333 0.034854166666666644 0.08944444444444447
1 0.24397916666666666 0.60875 0.029906249999999978 0.11632407407407418
1 0.3478645833333333 0.3197407407407407 0.01705208333333334 0.08566666666666665
1 0.4049947916666667 0.21437962962962964 0.018687500000000058 0.07399074074074076
1 0.40400520833333337 0.3981759259259259 0.020661458333333372 0.09033333333333328
1 0.5144791666666666 0.40826851851851853 0.020973958333333324 0.09588888888888894
1 0.7482604166666668 0.4218796296296296 0.027520833333333408 0.09675925925925925
1 0.6445364583333333 0.5797685185185185 0.02424479166666676 0.12276851851851844
1 0.5497083333333334 0.8611666666666666 0.03216145833333333 0.1382037037037037
2 0.16379166666666667 0.5856296296296296 0.025942708333333304 0.1110740740740741
0 0.7275052083333333 0.4599537037037037 0.009911458333333437 0.020046296296296274