1 0.2860052083333333 0.7291203703703704 0.05909375000000002 0.14639814814814828
1 0.29590104166666664 0.4225 0.03096875000000002 0.1257407407407408
1 0.4728645833333333 0.536 0.05364583333333333 0.14163888888888893
1 0.40141145833333336 0.37269444444444444 0.023244791666666723 0.10390740740740743
1 0.40797395833333333 0.31733333333333336 0.021786458333333297 0.12281481481481481
1 0.445578125 0.3217777777777778 0.02823437500000002 0.1168888888888889
1 0.455578125 0.3988055555555555 0.02323437499999995 0.12278703703703706
1 0.49151041666666667 0.33639814814814817 0.02635416666666662 0.1350277777777778
1 0.527859375 0.34121296296296294 0.030307291666666694 0.13725
1 0.6417031249999999 0.3595462962962963 0.030911458333333287 0.1331666666666667
1 0.7588854166666666 0.26475 0.03818229166666664 0.12134259259259263
1 0.816171875 0.32492592592592595 0.03192187499999998 0.134287037037037
1 0.931265625 0.3891759259259259 0.03503125000000011 0.13315740740740747
1 0.927828125 0.7045 0.03857291666666664 0.17491666666666675
2 0.7872135416666667 0.4795277777777778 0.028177083333333287 0.13610185185185186
0 0.013328125000000001 0.5156759259259259 0.014468750000000002 0.026777777777777845