1 0.026614583333333334 0.6276111111111111 0.044328125 0.12522222222222223
1 0.15186458333333333 0.28732407407407407 0.022557291666666698 0.09000925925925929
1 0.24706250000000002 0.523212962962963 0.03486979166666669 0.10516666666666666
1 0.27266145833333333 0.7682314814814816 0.03298437499999999 0.13857407407407416
1 0.31820312500000003 0.9240555555555555 0.03503124999999999 0.15188888888888885
1 0.31657812500000004 0.5460370370370371 0.030067708333333342 0.10820370370370361
1 0.33421354166666667 0.43889814814814815 0.02766666666666661 0.11310185185185188
1 0.36836979166666667 0.44742592592592595 0.022354166666666706 0.10579629629629629
1 0.42676041666666664 0.3609814814814815 0.019260416666666676 0.09363888888888888
1 0.4396875 0.36280555555555555 0.01943229166666664 0.10703703703703706
1 0.46263020833333335 0.6263981481481481 0.02421875 0.12278703703703715
1 0.511 0.6452685185185185 0.030203125000000004 0.12400000000000007
1 0.563390625 0.4752685185185185 0.02540104166666666 0.10365740740740745
1 0.544984375 0.3658518518518519 0.02112499999999997 0.10094444444444443
1 0.6038854166666667 0.2929537037037037 0.02248437500000004 0.08605555555555561
1 0.7352135416666666 0.2964537037037037 0.021437499999999925 0.08391666666666667
1 0.832125 0.36691666666666667 0.02347395833333342 0.10612037037037038
1 0.8328072916666667 0.5539537037037037 0.024843749999999904 0.12402777777777782
2 0.80978125 0.13691666666666666 0.01650520833333336 0.06185185185185186
2 0.49073958333333334 0.535212962962963 0.02378645833333337 0.10503703703703708
0 0.8175677083333334 0.5767407407407408 0.009828124999999943 0.02198148148148149