1 0.011260416666666669 0.5457314814814814 0.022234374999999997 0.1463518518518518
1 0.027359375000000002 0.45141666666666663 0.03686458333333333 0.10605555555555553
1 0.10054166666666667 0.5398796296296297 0.03099999999999999 0.13725
1 0.2087760416666667 0.5695370370370371 0.05571875000000001 0.11330555555555566
1 0.22063020833333333 0.44178703703703703 0.029661458333333356 0.11282407407407405
1 0.5694791666666668 0.6163703703703703 0.04380208333333328 0.12369444444444437
1 0.62421875 0.2685092592592593 0.02213020833333322 0.09934259259259258
1 0.6599322916666667 0.24535185185185188 0.02564062500000001 0.09986111111111114
1 0.6597083333333333 0.3499537037037037 0.03544270833333343 0.09047222222222226
1 0.7471614583333334 0.4900555555555555 0.030307291666666694 0.12035185185185186
1 0.9037968749999999 0.3547685185185185 0.034734375000000026 0.10790740740740737
1 0.9676822916666666 0.44829629629629636 0.038088541666666725 0.11022222222222224
1 0.9121406249999999 0.7936851851851852 0.05434375000000007 0.15825925925925932
2 0.41458854166666664 0.5625185185185185 0.04725520833333334 0.11487037037037032