1 0.02628125 0.40640740740740744 0.024979166666666663 0.07671296296296298
1 0.091015625 0.4682777777777778 0.020411458333333334 0.08248148148148146
1 0.18138020833333332 0.5225185185185186 0.028078124999999985 0.08686111111111106
1 0.15880208333333332 0.38096296296296295 0.018062499999999974 0.07209259259259261
1 0.21605208333333334 0.42075 0.023255208333333322 0.07762962962962966
1 0.2427291666666667 0.36777777777777776 0.016744791666666654 0.06886111111111111
1 0.2712864583333333 0.44110185185185186 0.023114583333333362 0.09058333333333332
1 0.27297916666666666 0.38466666666666666 0.0343072916666667 0.06099074074074075
1 0.37817708333333333 0.4020092592592593 0.019583333333333286 0.07254629629629632
1 0.3662708333333333 0.5442592592592592 0.03611458333333329 0.09332407407407405
1 0.45377083333333335 0.45081481481481483 0.03284374999999997 0.08224999999999999
1 0.4673697916666667 0.4226018518518519 0.027505208333333305 0.06283333333333335
1 0.5447187499999999 0.4522037037037037 0.02996874999999998 0.07577777777777775
1 0.63053125 0.3906759259259259 0.020713541666666658 0.07301851851851852
1 0.6693020833333333 0.43971296296296297 0.030598958333333332 0.06930555555555552
2 0.21618229166666666 0.4827314814814815 0.028718749999999994 0.08131481481481476
0 0.662125 0.4329351851851852 0.00905208333333339 0.015990740740740726