1 0.07495833333333332 0.677962962962963 0.044572916666666657 0.12132407407407404
1 0.14604166666666665 0.6545555555555556 0.037562500000000006 0.12052777777777784
1 0.3790833333333333 0.5108796296296296 0.03173958333333336 0.09837962962962964
1 0.5099114583333333 0.8227222222222222 0.039171875000000016 0.15646296296296297
1 0.5724687500000001 0.6682222222222222 0.03338020833333341 0.134324074074074
1 0.5293958333333334 0.5114166666666667 0.04160416666666673 0.09945370370370372
1 0.58975 0.5246759259259259 0.026833333333333324 0.0989166666666666
1 0.6217864583333333 0.4453888888888889 0.04067708333333329 0.10813888888888885
1 0.6324427083333333 0.3709814814814815 0.025453124999999945 0.10545370370370369
1 0.5299270833333334 0.25219444444444444 0.02592708333333338 0.08978703703703707
1 0.7603802083333334 0.43443518518518515 0.024062499999999907 0.09974999999999996
1 0.7609114583333334 0.2781666666666667 0.014473958333333314 0.08762037037037036
1 0.7940416666666666 0.2828981481481481 0.021359375000000114 0.09437037037037035
1 0.8016510416666667 0.34202777777777776 0.018312499999999923 0.09083333333333335
1 0.8136770833333333 0.35095370370370366 0.02105208333333337 0.09245370370370372
1 0.879890625 0.2741018518518518 0.022562500000000086 0.0903148148148148
1 0.9502864583333334 0.3159074074074074 0.021791666666666744 0.09544444444444448
1 0.993671875 0.3276851851851852 0.012656250000000095 0.10003703703703701
1 0.9646718750000001 0.6193703703703703 0.03564062499999991 0.1313425925925925
2 0.7799479166666666 0.5457777777777778 0.029708333333333316 0.11946296296296295
0 0.5130208333333334 0.8686944444444445 0.014010416666666714 0.028074074074074015