1 0.19921875 0.3538611111111111 0.03082812500000003 0.07953703703703702
1 0.24283333333333335 0.2929351851851852 0.02464583333333336 0.08433333333333337
1 0.30876562500000004 0.22048148148148147 0.028276041666666647 0.06043518518518517
1 0.27140625 0.3575185185185185 0.03588020833333336 0.09247222222222222
1 0.32158854166666667 0.4858425925925926 0.03175520833333335 0.11270370370370372
1 0.34984375 0.681425925925926 0.029692708333333328 0.12672222222222235
1 0.396625 0.6580648148148148 0.029843749999999978 0.13066666666666657
1 0.37833854166666664 0.5626666666666666 0.0296875 0.11437037037037036
1 0.3734322916666667 0.48992592592592593 0.029375000000000047 0.10678703703703703
1 0.4502083333333333 0.5877129629629629 0.034109375000000004 0.12955555555555562
1 0.3807916666666667 0.3064444444444444 0.023515625000000047 0.08883333333333328
1 0.41728125 0.30391666666666667 0.018916666666666634 0.0893981481481481
1 0.4107135416666667 0.36371296296296296 0.029526041666666693 0.08234259259259255
1 0.44379687500000004 0.36539814814814814 0.03553645833333334 0.09698148148148149
1 0.5641875 0.41971296296296295 0.021427083333333267 0.1099074074074074
1 0.7042031249999999 0.49330555555555555 0.04023958333333345 0.10228703703703707
1 0.6936770833333333 0.61375 0.033437499999999905 0.12926851851851842
1 0.8380520833333333 0.6845185185185185 0.030880208333333315 0.13853703703703693
1 0.8433541666666666 0.48711111111111116 0.04940104166666662 0.08990740740740738
1 0.953953125 0.3390925925925926 0.02204166666666675 0.0978333333333333
2 0.5196458333333334 0.5098703703703703 0.02557291666666662 0.11175925925925931
2 0.24222395833333332 0.15062962962962964 0.021458333333333357 0.06139814814814815
0 0.8457135416666667 0.5181666666666667 0.010828124999999982 0.021287037037037045