1 0.3205104166666667 0.48810185185185184 0.022885416666666696 0.10246296296296299
1 0.3573854166666666 0.5351296296296297 0.02344270833333333 0.10645370370370373
1 0.39355208333333336 0.5839166666666666 0.04229166666666669 0.0989351851851851
1 0.5880416666666667 0.7525277777777778 0.042822916666666565 0.11589814814814822
1 0.619 0.7611574074074073 0.059708333333333266 0.1206481481481481
1 0.40670833333333334 0.47071296296296294 0.01935416666666671 0.09521296296296294
1 0.41585937500000003 0.4346851851851852 0.023572916666666662 0.09322222222222218
1 0.45835937499999996 0.45532407407407405 0.024130208333333295 0.10197222222222227
1 0.47025 0.47934259259259265 0.023984374999999978 0.10997222222222221
1 0.4875625 0.47934259259259265 0.02201041666666666 0.099962962962963
1 0.553421875 0.5468888888888889 0.02425520833333342 0.1149537037037038
1 0.5715052083333333 0.49898148148148147 0.025234374999999906 0.11672222222222217
1 0.5698177083333333 0.3927777777777778 0.021859374999999896 0.09699074074074074
1 0.6277968749999999 0.34062037037037035 0.025223958333333248 0.10525925925925932
1 0.68775 0.35562962962962963 0.02127604166666662 0.09525
1 0.7054791666666667 0.4127962962962963 0.025213541666666592 0.09698148148148149
1 0.3600572916666666 0.3552592592592593 0.0316041666666667 0.0719814814814815
0 0.44288020833333336 0.48372222222222216 0.010057291666666638 0.021157407407407375
0 0.4283125 0.6836111111111111 0.03356250000000003 0.12567592592592594
1 0.8651041666666667 0.5735185185185185 0.024130208333333295 0.11567592592592599
1 0.9300520833333333 0.4126574074074074 0.027072916666666676 0.10922222222222226