1 0.36109895833333333 0.6000648148148149 0.04034375000000002 0.13406481481481478
1 0.5062083333333333 0.5734351851851851 0.024052083333333366 0.11428703703703709
1 0.474875 0.8969814814814815 0.04015104166666662 0.14645370370370378
1 0.53240625 0.7694537037037037 0.03877604166666663 0.1410185185185185
1 0.6940364583333333 0.900175925925926 0.05381250000000008 0.14980555555555553
1 0.46315104166666665 0.3688981481481482 0.025260416666666667 0.10703703703703706
1 0.5699895833333334 0.41637962962962966 0.026609375000000077 0.12893518518518524
1 0.5909635416666668 0.2474537037037037 0.01890104166666665 0.08941666666666663
1 0.7480572916666667 0.10712962962962962 0.019734374999999933 0.08275925925925924
1 0.8024218750000001 0.2714907407407407 0.020578125000000114 0.09488888888888891
1 0.8582395833333333 0.30512962962962964 0.022625000000000027 0.0860555555555555
1 0.7728020833333333 0.6343055555555556 0.033255208333333286 0.1264444444444444
1 0.9113177083333334 0.625175925925926 0.03289062500000005 0.13252777777777788
1 0.36323958333333334 0.063 0.02236458333333336 0.08581481481481482
2 0.8672395833333333 0.3296203703703704 0.030348958333333325 0.1076388888888889