2 0.017583333333333333 0.5341203703703704 0.020812499999999998 0.10193518518518511
1 0.218265625 0.308962962962963 0.01683854166666669 0.08198148148148145
1 0.28046875 0.22690740740740742 0.017390625000000052 0.06799999999999998
1 0.32001562499999997 0.3940277777777778 0.020479166666666635 0.08196296296296295
1 0.331765625 0.46382407407407406 0.02286979166666671 0.08644444444444446
1 0.37257812500000004 0.3743888888888889 0.020046875000000006 0.08522222222222219
1 0.5050729166666666 0.7362592592592593 0.038744791666666716 0.10587962962962955
1 0.6174479166666667 0.5433796296296296 0.025635416666666563 0.09542592592592587
1 0.56925 0.306462962962963 0.020718750000000105 0.07698148148148147
1 0.8274479166666667 0.43080555555555555 0.029036458333333334 0.09046296296296301
0 0.7944427083333333 0.6757314814814814 0.015109375000000114 0.024851851851851774