1 0.08531770833333334 0.7344814814814815 0.04208333333333334 0.13150925925925924
1 0.18560416666666668 0.45772222222222214 0.02259375 0.093037037037037
1 0.608984375 0.7131018518518518 0.02553124999999999 0.11125925925925934
1 0.7192447916666667 0.5569166666666667 0.02915625000000001 0.10848148148148155
1 0.6699322916666667 0.4361944444444444 0.01760416666666676 0.08656481481481478
1 0.6361354166666667 0.33432407407407405 0.018088541666666676 0.06296296296296296
1 0.7577083333333333 0.47502777777777777 0.020598958333333427 0.0966851851851852
1 0.8262031249999999 0.35612962962962963 0.021437499999999925 0.06999074074074077
1 0.8993385416666667 0.6583611111111111 0.028390625000000114 0.11155555555555557
2 0.7374322916666666 0.20902777777777778 0.017062500000000112 0.06186111111111109
0 0.213671875 0.5004722222222222 0.007848958333333359 0.018527777777777768