1 0.04988020833333333 0.5891481481481481 0.034760416666666655 0.13310185185185186
1 0.022901041666666667 0.48286111111111113 0.04538541666666666 0.10573148148148154
1 0.12133333333333332 0.7785648148148149 0.04016145833333332 0.1452685185185186
1 0.19934895833333333 0.4017685185185185 0.02744270833333336 0.09908333333333333
1 0.39974479166666665 0.4921203703703704 0.03657812500000001 0.10202777777777783
1 0.4238072916666667 0.5173055555555556 0.036781249999999946 0.12275925925925925
1 0.545984375 0.6998703703703704 0.029052083333333378 0.124925925925926
1 0.5021354166666667 0.4602777777777778 0.026765625000000053 0.11239814814814819
1 0.5509843750000001 0.5458148148148149 0.022385416666666675 0.11312037037037044
1 0.6211875 0.602111111111111 0.02529166666666664 0.12199074074074075
1 0.5190052083333333 0.26178703703703704 0.02301562500000003 0.08579629629629627
1 0.6259791666666668 0.33511111111111114 0.030703124999999904 0.08429629629629626
1 0.6950364583333334 0.4874907407407407 0.029234375000000055 0.11128703703703709
1 0.8566874999999999 0.43712962962962965 0.027541666666666725 0.1142592592592593
1 0.9610520833333334 0.5311944444444445 0.032109375000000044 0.1246018518518518
1 0.9928125 0.3156666666666667 0.014374999999999952 0.10837037037037034
2 0.42972916666666666 0.1425925925925926 0.017531250000000043 0.06700000000000002
2 0.68071875 0.4457962962962963 0.019885416666666583 0.1029444444444444
0 0.35872916666666665 0.415287037037037 0.012057291666666714 0.021888888888888878