1 0.04240625 0.49997222222222226 0.035765624999999995 0.10309259259259257
1 0.23119791666666664 0.4378148148148147 0.025473958333333317 0.1011111111111111
1 0.31783333333333336 0.41812962962962963 0.03233854166666662 0.09065740740740738
1 0.37919791666666663 0.6442037037037037 0.029703124999999986 0.1223981481481482
1 0.5675520833333334 0.5812592592592593 0.026291666666666675 0.11663888888888892
1 0.6084010416666668 0.5703611111111111 0.026661458333333363 0.11708333333333337
1 0.3237760416666667 0.32083333333333336 0.025458333333333392 0.08067592592592591
1 0.39127083333333335 0.3408425925925926 0.031578125000000054 0.08512037037037043
1 0.42511458333333335 0.3028148148148148 0.022937499999999982 0.06689814814814815
1 0.6297552083333334 0.3575185185185185 0.023083333333333417 0.08732407407407403
1 0.6901822916666667 0.30069444444444443 0.021317708333333248 0.07822222222222223
1 0.7573697916666667 0.7219259259259259 0.033067708333333216 0.11102777777777785
0 0.7062604166666666 0.33137037037037037 0.007109375000000047 0.01512962962962966
2 0.3330572916666667 0.49197222222222226 0.01831770833333337 0.09858333333333336