1 0.039875 0.3536574074074074 0.027437500000000004 0.0915092592592593
1 0.088859375 0.45023148148148145 0.03562499999999999 0.10189814814814811
1 0.11716145833333333 0.4613333333333333 0.04147395833333333 0.08709259259259254
1 0.11618229166666666 0.8416944444444444 0.04342708333333333 0.1260648148148149
1 0.24603645833333332 0.6253981481481481 0.03768229166666668 0.11832407407407404
1 0.20928125 0.2599814814814815 0.024807291666666665 0.06377777777777778
1 0.18833333333333335 0.2063240740740741 0.019864583333333328 0.07675000000000001
1 0.24447916666666666 0.15775 0.018947916666666665 0.0628796296296296
1 0.29996875 0.31780555555555556 0.024531249999999952 0.0683888888888889
1 0.41252083333333334 0.40269444444444447 0.03361979166666664 0.09473148148148154
1 0.49390625 0.2687685185185185 0.02593229166666665 0.08135185185185187
1 0.582640625 0.4243148148148148 0.036843749999999884 0.09403703703703699
1 0.5169322916666667 0.783425925925926 0.03295312499999999 0.13444444444444448
1 0.75390625 0.41403703703703704 0.02283333333333341 0.10123148148148152
1 0.8065364583333333 0.5451851851851851 0.033104166666666636 0.11831481481481479
1 0.9828385416666666 0.5820833333333333 0.029171875000000114 0.12038888888888888
1 0.7377708333333334 0.18687037037037035 0.02179687499999995 0.07255555555555557
2 0.21710416666666665 0.5322870370370371 0.033729166666666664 0.10376851851851845
0 0.44150520833333334 0.4406759259259259 0.010557291666666658 0.01719444444444449