1 0.027057291666666667 0.44201851851851853 0.02813020833333333 0.10646296296296298
1 0.18375520833333334 0.3216203703703704 0.02756249999999998 0.07016666666666664
1 0.17434895833333333 0.6592314814814815 0.034463541666666646 0.12227777777777772
1 0.208046875 0.5957314814814815 0.028776041666666665 0.12037037037037036
1 0.27252604166666666 0.31392592592592594 0.021052083333333343 0.06439814814814811
1 0.38273958333333336 0.381037037037037 0.029020833333333346 0.08795370370370371
1 0.4984375 0.381037037037037 0.024937500000000057 0.09757407407407406
1 0.5545260416666667 0.41495370370370366 0.02208854166666659 0.10286111111111114
1 0.4164322916666666 0.7539351851851852 0.03956770833333335 0.14087037037037026
1 0.6698489583333332 0.3271574074074074 0.021317708333333248 0.08364814814814818
1 0.745421875 0.3091203703703704 0.01954166666666666 0.09087037037037035
1 0.7828385416666667 0.4067777777777778 0.033473958333333324 0.10335185185185186
1 0.7496822916666667 0.4931388888888889 0.029421874999999886 0.1172777777777778
1 0.7213333333333334 0.6170185185185185 0.030916666666666735 0.12927777777777788
2 0.33869791666666665 0.5969444444444445 0.03024999999999996 0.11558333333333326
2 0.026114583333333333 0.2887962962962963 0.03301041666666667 0.08150925925925924
0 0.4644114583333333 0.3583240740740741 0.00830729166666669 0.013657407407407408