1 0.13289062499999998 0.4191574074074074 0.09869791666666665 0.289425925925926
1 0.6767968750000001 0.5504074074074075 0.27401041666666665 0.7970833333333333
1 0.46911458333333333 0.3680648148148148 0.02947916666666662 0.1279814814814815
1 0.39755729166666665 0.36250925925925925 0.017619791666666627 0.0798425925925926
1 0.3243385416666667 0.36769444444444443 0.019088541666666715 0.0753981481481482
1 0.9230364583333334 0.3380740740740741 0.03315624999999992 0.11984259259259265
1 0.7751354166666666 0.3380740740740741 0.012348958333333352 0.06059259259259264
1 0.73159375 0.34029629629629626 0.012770833333333323 0.06503703703703705
1 0.681390625 0.34455555555555556 0.016531249999999886 0.07725000000000005
1 0.4880729166666667 0.35659259259259257 0.013229166666666714 0.0679907407407408
0 0.49223958333333334 0.7920833333333334 0.07155729166666672 0.12415740740740733
1 0.018322916666666668 0.3958425925925926 0.019557291666666664 0.10205555555555558