1 0.011552083333333333 0.3408333333333334 0.021354166666666667 0.09305555555555556
1 0.08831770833333333 0.23635185185185184 0.03143750000000001 0.0922685185185185
1 0.17547916666666669 0.23153703703703704 0.019859375 0.08524074074074077
1 0.19443229166666667 0.5036851851851852 0.0358125 0.10910185185185184
1 0.30566666666666664 0.21241666666666667 0.02408333333333334 0.0860277777777778
1 0.44185416666666666 0.453212962962963 0.02567187499999998 0.11224074074074077
1 0.5077135416666666 0.4219907407407407 0.02858854166666672 0.11225000000000002
1 0.478734375 0.08051851851851853 0.01512499999999998 0.07725925925925926
1 0.538453125 0.02625925925925926 0.01394791666666671 0.05251851851851852
1 0.26409895833333336 0.02638888888888889 0.017067708333333355 0.052259259259259255
1 0.11327604166666667 0.04473148148148148 0.015479166666666681 0.05511111111111112
1 0.5577708333333333 0.7838055555555555 0.029166666666666667 0.13589814814814813
1 0.6012395833333334 0.8305092592592593 0.042916666666666714 0.1361481481481481
1 0.8029427083333334 0.6936574074074073 0.05844270833333335 0.1143240740740741
1 0.914546875 0.31548148148148153 0.03427604166666664 0.10480555555555561
0 0.62709375 0.8616111111111111 0.015588541666666582 0.0260833333333334
2 0.34974479166666667 0.27421296296296294 0.020026041666666692 0.0873148148148148