1 0.24190104166666665 0.4192407407407407 0.028109375000000013 0.07730555555555556
1 0.25265625 0.4461481481481482 0.018598958333333353 0.08219444444444449
1 0.28356250000000005 0.5582407407407407 0.023848958333333316 0.10173148148148159
1 0.450390625 0.7389444444444444 0.02344791666666666 0.10501851851851858
1 0.6176041666666666 0.48306481481481484 0.026296874999999886 0.09375
1 0.53503125 0.2923611111111111 0.01630208333333337 0.05710185185185181
1 0.643 0.36875925925925923 0.014531250000000048 0.06975925925925928
1 0.7344166666666666 0.4890740740740741 0.019692708333333305 0.08574999999999997
1 0.8504531249999999 0.7412777777777778 0.027807291666666602 0.11859259259259253
1 0.849140625 0.8789814814814815 0.03143229166666662 0.1404074074074073
1 0.9688854166666666 0.5246759259259259 0.019437500000000087 0.10133333333333339
2 0.936609375 0.5764907407407408 0.019942708333333316 0.10264814814814806
2 0.6226197916666667 0.24286111111111114 0.016317708333333295 0.058203703703703716
0 0.26693229166666665 0.4418888888888889 0.007083333333333316 0.015546296296296263