1 0.10938020833333333 0.6379537037037037 0.05031250000000001 0.14390740740740748
1 0.060145833333333336 0.3468333333333333 0.02973958333333333 0.10487962962962961
1 0.32325 0.26001851851851854 0.023994791666666633 0.09167592592592591
1 0.39425000000000004 0.12860185185185183 0.018760416666666658 0.08213888888888887
1 0.45115625000000004 0.6157222222222223 0.045505208333333276 0.1388518518518519
1 0.495875 0.3410648148148148 0.032041666666666656 0.09615740740740743
1 0.510125 0.18769444444444444 0.02254166666666665 0.08774999999999998
1 0.5728125 0.5253888888888889 0.04659375000000002 0.13268518518518516
1 0.6863958333333334 0.9490555555555555 0.053697916666666616 0.10188888888888885
1 0.7089531250000001 0.8113055555555556 0.05290104166666675 0.16412037037037036
1 0.7121197916666666 0.6361296296296296 0.03390624999999995 0.13181481481481494
1 0.7060260416666666 0.34922222222222227 0.029630208333333265 0.1181018518518518
1 0.7544635416666666 0.24257407407407408 0.025192708333333275 0.10180555555555557
1 0.7956249999999999 0.09862962962962964 0.01885416666666657 0.08130555555555558
1 0.8614791666666667 0.13169444444444445 0.017578125 0.09396296296296298
1 0.984921875 0.27212037037037035 0.030156250000000048 0.09899074074074071
2 0.6908489583333334 0.29337037037037034 0.027781250000000077 0.09926851851851855
0 0.13944270833333333 0.688212962962963 0.012593749999999989 0.027703703703703772