1 0.04839583333333333 0.42327777777777775 0.028864583333333325 0.09195370370370365
1 0.165109375 0.30277777777777776 0.015052083333333322 0.07764814814814816
1 0.18540625000000002 0.29121296296296295 0.024416666666666663 0.07302777777777779
1 0.20335937499999998 0.3685833333333333 0.02389583333333333 0.08665740740740743
1 0.25326041666666665 0.3795648148148148 0.020895833333333336 0.08317592592592596
1 0.32996354166666664 0.317462962962963 0.024656249999999956 0.08157407407407409
1 0.3538385416666667 0.5308333333333333 0.026864583333333296 0.09887037037037034
1 0.3983333333333333 0.708824074074074 0.03778645833333331 0.12402777777777782
1 0.45031770833333334 0.5846111111111111 0.03374479166666665 0.11157407407407408
1 0.5391822916666666 0.8884537037037037 0.042317708333333336 0.12011111111111103
1 0.41013020833333336 0.2957037037037037 0.02233854166666672 0.07276851851851855
1 0.47701041666666666 0.2696851851851852 0.02909374999999995 0.06930555555555558
1 0.5442760416666667 0.2899259259259259 0.022578124999999952 0.0658240740740741
1 0.520859375 0.3829074074074074 0.02258333333333328 0.08523148148148144
1 0.5882552083333333 0.3845277777777778 0.02205208333333341 0.09309259259259256
2 0.191515625 0.5029722222222223 0.03404166666666667 0.09403703703703699
2 0.03355208333333334 0.2657685185185185 0.02259895833333334 0.0684074074074074