1 0.034083333333333334 0.8519537037037037 0.052640624999999996 0.15538888888888883
1 0.016140625000000002 0.4054259259259259 0.027791666666666666 0.09554629629629635
1 0.31996875 0.3581759259259259 0.021536458333333286 0.09422222222222221
1 0.3119479166666667 0.27405555555555555 0.020468749999999977 0.08759259259259261
1 0.34199999999999997 0.3346018518518519 0.01853645833333329 0.09271296296296296
1 0.4388020833333333 0.5998333333333333 0.03888541666666671 0.1136018518518519
1 0.46682291666666664 0.5578240740740741 0.026473958333333294 0.11703703703703712
1 0.5335572916666667 0.7423240740740741 0.03159374999999998 0.11907407407407399
1 0.7956979166666667 0.5096296296296297 0.02646354166666664 0.11000925925925921
1 0.5426562500000001 0.20997222222222225 0.02091666666666665 0.07350925925925927
2 0.10927604166666667 0.4163611111111111 0.02261458333333334 0.08889814814814814
0 0.7399791666666666 0.6457685185185185 0.014489583333333418 0.02293518518518517