1 0.06430729166666667 0.14910185185185185 0.021375 0.08502777777777776
1 0.19385416666666666 0.2661851851851852 0.020083333333333363 0.08899074074074076
1 0.231640625 0.25292592592592594 0.02106250000000003 0.0875
1 0.3052395833333333 0.8916296296296297 0.030338541666666666 0.14889814814814809
1 0.300734375 0.5432685185185185 0.038223958333333384 0.11522222222222227
1 0.34154687499999997 0.4907314814814815 0.024140624999999954 0.11023148148148144
1 0.4986041666666667 0.3207407407407407 0.02861979166666669 0.09801851851851853
1 0.47791666666666666 0.17796296296296296 0.01820833333333335 0.08519444444444443
1 0.485515625 0.04174074074074074 0.01652083333333335 0.06547222222222222
1 0.1929375 0.046 0.019661458333333333 0.05896296296296295
1 0.6898593749999999 0.30898148148148147 0.02548958333333336 0.09952777777777778
1 0.7361145833333332 0.6209444444444444 0.03919270833333333 0.12045370370370363
1 0.7402656249999999 0.5540277777777778 0.0489010416666666 0.0942037037037037
1 0.7805885416666667 0.5096203703703703 0.029052083333333437 0.11298148148148146
1 0.9408072916666667 0.9461203703703703 0.05308854166666658 0.10775925925925936
1 0.77840625 0.2306388888888889 0.026661458333333363 0.0904722222222222
2 0.30973958333333335 0.31995370370370374 0.02582291666666663 0.09146296296296294
0 0.757671875 0.6056203703703704 0.011453124999999887 0.02532407407407399