1 0.08790625 0.793712962962963 0.045411458333333335 0.143787037037037
1 0.11227083333333333 0.5361666666666666 0.034869791666666664 0.13214814814814818
1 0.17277604166666669 0.4808518518518519 0.02580729166666664 0.12104629629629632
1 0.19582291666666668 0.43050925925925926 0.031067708333333322 0.114037037037037
1 0.2631614583333333 0.6261574074074074 0.03863020833333334 0.12773148148148153
1 0.5430416666666668 0.7964907407407408 0.038583333333333296 0.15226851851851855
1 0.6403385416666667 0.6096203703703703 0.03231249999999998 0.1327129629629629
1 0.5994270833333334 0.4957777777777778 0.02458333333333324 0.12162037037037034
1 0.5590937500000001 0.4395833333333333 0.026234374999999942 0.10290740740740745
1 0.3635885416666667 0.36568518518518517 0.04190625000000002 0.0868333333333333
1 0.413390625 0.35939814814814813 0.025270833333333322 0.08302777777777774
1 0.3362604166666667 0.28505555555555556 0.026765625000000053 0.08656481481481482
1 0.3624375 0.26691666666666664 0.019187499999999958 0.08539814814814817
1 0.5703697916666666 0.303787037037037 0.020802083333333363 0.10060185185185183
1 0.617125 0.2391111111111111 0.022109374999999907 0.08248148148148149
1 0.75328125 0.41017592592592594 0.027682291666666713 0.10555555555555556
1 0.8399635416666666 0.39699999999999996 0.02289583333333335 0.10848148148148146
2 0.3274947916666667 0.21418518518518517 0.023624999999999948 0.08323148148148148
2 0.239015625 0.5907407407407408 0.034046875000000004 0.12383333333333334
0 0.833859375 0.4287222222222222 0.01224999999999999 0.019472222222222196