1 0.012562500000000002 0.4022037037037037 0.020458333333333335 0.060490740740740775
1 0.2503020833333333 0.4407685185185185 0.016526041666666675 0.06249074074074075
1 0.29267708333333337 0.5225648148148149 0.023416666666666686 0.0698518518518519
1 0.32509895833333335 0.42574074074074075 0.018182291666666708 0.056148148148148135
1 0.338890625 0.3935 0.014619791666666633 0.05099074074074079
1 0.36475 0.3549259259259259 0.016286458333333323 0.04899074074074071
2 0.41029166666666667 0.45491666666666664 0.019500000000000028 0.05319444444444443
1 0.40351041666666665 0.4977407407407407 0.017057291666666665 0.06568518518518524
1 0.42319270833333333 0.5329444444444444 0.018609375000000008 0.07282407407407415
1 0.44749479166666667 0.6494537037037037 0.021609375000000004 0.0724907407407407
1 0.46034375 0.663787037037037 0.021718750000000023 0.07546296296296297
1 0.4610677083333333 0.38963888888888887 0.013156249999999996 0.049203703703703694
1 0.5061666666666667 0.3273333333333333 0.011031250000000032 0.04719444444444447
1 0.5777916666666666 0.3778703703703704 0.011911458333333276 0.0474166666666667
1 0.6068229166666667 0.4202037037037037 0.018802083333333285 0.06089814814814813
1 0.622078125 0.5350092592592592 0.020390625000000048 0.07299999999999993
1 0.6972604166666667 0.5962314814814814 0.03283333333333331 0.07876851851851846
1 0.6544947916666667 0.40841666666666665 0.015156249999999953 0.05710185185185181
1 0.6861406250000001 0.3811203703703704 0.015041666666666724 0.049972222222222244
1 0.7175052083333333 0.3644074074074074 0.015479166666666563 0.05015740740740737
1 0.7955833333333333 0.46657407407407403 0.020359375000000075 0.07058333333333335
2 0.3855625 0.2928055555555556 0.011197916666666667 0.03349999999999995
0 0.5620729166666667 0.6099722222222222 0.010499999999999924 0.021212962962963038
1 0.848828125 0.7129166666666668 0.021187499999999915 0.09066666666666673
2 0.9840208333333333 0.8008425925925926 0.02127604166666662 0.1063425925925925