1 0.40695833333333337 0.5581111111111111 0.03487500000000002 0.06883333333333326
1 0.5648697916666666 0.6293148148148148 0.015776041666666647 0.07527777777777774
1 0.55796875 0.42053703703703704 0.013406249999999887 0.04999074074074075
1 0.6438489583333333 0.39052777777777775 0.011104166666666752 0.046222222222222185
1 0.7291979166666667 0.45735185185185184 0.014781250000000056 0.050175925925925874
1 0.7301197916666666 0.3942037037037037 0.019265624999999887 0.036379629629629595
1 0.5968645833333334 0.34175 0.00944270833333339 0.036194444444444474
1 0.6030208333333333 0.33737962962962964 0.010494791666666715 0.039944444444444435
1 0.49221875 0.3354259259259259 0.008494791666666638 0.037601851851851865
1 0.5747135416666667 0.32612037037037034 0.010854166666666743 0.03618518518518522
1 0.4827708333333333 0.3456574074074074 0.009812499999999957 0.03463888888888886
1 0.3733333333333333 0.38787037037037037 0.014223958333333305 0.03778703703703699
1 0.31571875 0.39490740740740743 0.010630208333333375 0.04873148148148148
1 0.36199479166666665 0.3408888888888889 0.010885416666666713 0.03291666666666662
1 0.3892447916666667 0.3381574074074074 0.00912499999999999 0.03837962962962967
1 0.39838541666666666 0.32252777777777775 0.009828124999999943 0.03212037037037031
1 0.41794270833333336 0.3138518518518518 0.012901041666666658 0.03196296296296294
2 0.46123437500000003 0.3958425925925926 0.010697916666666647 0.05061111111111108
2 0.20243229166666668 0.3146388888888889 0.011739583333333314 0.03823148148148145
1 0.19636458333333331 0.38412962962962965 0.011916666666666664 0.04436111111111108
1 0.21983854166666666 0.37849999999999995 0.011385416666666674 0.0456111111111111
1 0.24440625 0.4277407407407407 0.01569270833333333 0.05345370370370372
1 0.8588229166666667 0.38475 0.012062499999999924 0.04874074074074073
0 0.582109375 0.3700555555555556 0.007187500000000095 0.01309259259259258