1 0.16536458333333334 0.49892592592592594 0.01799479166666664 0.07408333333333332
1 0.15326041666666665 0.4671388888888889 0.016307291666666637 0.06555555555555552
1 0.15959375 0.4391111111111111 0.014901041666666674 0.05953703703703699
1 0.214828125 0.3876759259259259 0.01700520833333332 0.06425925925925924
1 0.27253125 0.32523148148148145 0.014177083333333347 0.056972222222222195
2 0.27309375 0.2536481481481481 0.011927083333333382 0.043916666666666646
1 0.36294791666666665 0.26566666666666666 0.013458333333333291 0.04792592592592592
1 0.33184895833333333 0.34075 0.016000000000000014 0.05798148148148149
2 0.32044791666666667 0.47977777777777775 0.01853124999999996 0.06831481481481479
1 0.346203125 0.4353611111111111 0.016557291666666647 0.06704629629629627
1 0.3927864583333333 0.4671388888888889 0.0168333333333333 0.07556481481481478
1 0.48334375 0.7344444444444445 0.04172916666666661 0.08973148148148155
1 0.5340781250000001 0.7748611111111111 0.04045312500000004 0.11302777777777771
1 0.5401979166666667 0.5723888888888888 0.031583333333333324 0.08338888888888883
1 0.620484375 0.5472314814814815 0.021859374999999896 0.0856203703703704
1 0.6511666666666667 0.6569814814814815 0.03818229166666664 0.09244444444444437
1 0.5675 0.3540185185185185 0.018635416666666772 0.05949074074074074
1 0.43099479166666665 0.35964814814814816 0.01584375000000004 0.05824074074074072
1 0.6778333333333334 0.31409259259259265 0.014109375000000075 0.05721296296296293
1 0.7091458333333333 0.4130833333333333 0.019031249999999982 0.06752777777777784
1 0.8712135416666666 0.4676481481481481 0.01804687500000005 0.07658333333333331
1 0.9369322916666667 0.6881481481481482 0.03970833333333322 0.10223148148148156
0 0.5497760416666666 0.8048796296296297 0.011333333333333447 0.020425925925925875