1 0.20792187499999998 0.4610648148148148 0.01651041666666669 0.053870370370370325
1 0.21474479166666666 0.5097222222222222 0.013963541666666638 0.0668518518518519
1 0.22497916666666665 0.5024166666666667 0.014776041666666668 0.06663888888888891
1 0.23122916666666665 0.36407407407407405 0.01338541666666669 0.047027777777777745
2 0.22295833333333331 0.31830555555555556 0.009567708333333336 0.031574074074074095
1 0.2548229166666667 0.3274537037037037 0.009677083333333355 0.03960185185185183
1 0.24360416666666668 0.3866018518518518 0.012687500000000008 0.04477777777777779
1 0.251125 0.4043888888888889 0.011531249999999993 0.045398148148148125
2 0.3327291666666667 0.5057037037037037 0.01857291666666671 0.05676851851851847
1 0.34875 0.463537037037037 0.017067708333333324 0.05057407407407403
1 0.4072760416666667 0.4867777777777778 0.013817708333333319 0.060055555555555515
1 0.49721354166666665 0.642712962962963 0.019010416666666665 0.07576851851851846
1 0.5160052083333333 0.5557962962962962 0.023052083333333327 0.06851851851851852
1 0.6275156249999999 0.681287037037037 0.019333333333333275 0.08916666666666663
1 0.5547552083333334 0.5116759259259259 0.014947916666666571 0.05636111111111101
1 0.5204635416666666 0.4090185185185185 0.012296874999999948 0.0526018518518518
1 0.4324375 0.4039814814814815 0.014390625000000056 0.044574074074074065
1 0.5194791666666666 0.3570833333333333 0.011484374999999976 0.04125925925925921
1 0.7051458333333334 0.4949074074074074 0.016114583333333363 0.05778703703703706
1 0.74065625 0.4467685185185185 0.015411458333333409 0.05200925925925922
1 0.8676614583333334 0.4117962962962963 0.01955729166666676 0.04787037037037041
1 0.8046197916666666 0.5438703703703703 0.016098958333333257 0.06522222222222228
1 0.848578125 0.5582685185185184 0.020718750000000105 0.06934259259259269
0 0.80925 0.4656944444444444 0.006843749999999934 0.015814814814814854