1 0.010890625 0.39538888888888885 0.01609375 0.058916666666666666
1 0.27198958333333334 0.4633796296296297 0.014770833333333311 0.06527777777777784
1 0.28088541666666667 0.4421574074074074 0.017546875000000028 0.05941666666666663
1 0.3109635416666666 0.4904444444444444 0.019083333333333386 0.06822222222222228
1 0.337546875 0.40302777777777776 0.013630208333333371 0.05427777777777778
1 0.3627916666666666 0.3440462962962963 0.015781249999999976 0.047842592592592555
2 0.34767187499999996 0.48138888888888887 0.01640104166666667 0.06290740740740745
1 0.371734375 0.6178148148148148 0.023390625000000043 0.07981481481481485
1 0.42273958333333334 0.6935277777777777 0.02667187500000002 0.0849722222222222
1 0.412609375 0.4758981481481482 0.015671874999999957 0.05925000000000001
1 0.42063020833333337 0.4973888888888888 0.015260416666666643 0.06749074074074078
1 0.4380104166666667 0.41994444444444445 0.019166666666666644 0.05702777777777781
1 0.47986458333333337 0.39305555555555555 0.014427083333333358 0.05079629629629631
1 0.48541666666666666 0.31789814814814815 0.013192708333333296 0.043074074074074056
1 0.5591458333333333 0.4425277777777778 0.014619791666666751 0.06014814814814818
2 0.3919947916666667 0.2902777777777778 0.012489583333333342 0.035379629629629664
1 0.6440572916666666 0.41956481481481483 0.012703124999999933 0.05810185185185185
1 0.64678125 0.3860092592592593 0.013010416666666675 0.05497222222222223
1 0.6896614583333334 0.35894444444444445 0.014442708333333342 0.05202777777777772
1 0.6657031250000001 0.5232592592592593 0.017942708333333238 0.0716944444444445
1 0.6996875 0.5210648148148148 0.014953125000000018 0.06729629629629635
1 0.7989166666666667 0.47086111111111106 0.022135416666666668 0.06379629629629632
1 0.7633385416666666 0.6516388888888889 0.020906249999999935 0.08712037037037029
2 0.9282864583333333 0.7906944444444445 0.021104166666666656 0.10562962962962956
0 0.7404166666666666 0.5210370370370371 0.0069427083333332956 0.01423148148148138