1 0.230484375 0.6984814814814815 0.021723958333333352 0.08519444444444443
1 0.2500625 0.5534166666666667 0.01736979166666668 0.07280555555555565
1 0.25999479166666667 0.42706481481481484 0.015687500000000004 0.05814814814814811
1 0.279375 0.4260185185185185 0.015682291666666615 0.0588518518518518
1 0.26128125 0.3940092592592592 0.013114583333333308 0.051092592592592544
1 0.33271875 0.3590185185185185 0.012609375000000018 0.04790740740740741
1 0.3763229166666667 0.3132962962962963 0.010822916666666653 0.040851851851851854
1 0.3629739583333333 0.4069351851851852 0.013791666666666676 0.05057407407407408
1 0.3834947916666666 0.4205648148148148 0.015468750000000024 0.05568518518518517
1 0.396 0.3618333333333333 0.016552083333333318 0.04650000000000003
1 0.44855208333333335 0.34802777777777777 0.011901041666666619 0.04877777777777773
1 0.45913541666666663 0.29571296296296296 0.011302083333333357 0.040842592592592604
1 0.4968541666666667 0.4158148148148148 0.016536458333333334 0.05250925925925929
1 0.5576145833333332 0.38469444444444445 0.014453125 0.05706481481481481
1 0.5812916666666667 0.37466666666666665 0.013755208333333258 0.05460185185185188
1 0.590390625 0.3260462962962963 0.013755208333333258 0.04349074074074077
1 0.6142864583333334 0.44033333333333335 0.01705208333333322 0.06112962962962961
1 0.701296875 0.39487962962962964 0.013083333333333277 0.05635185185185186
1 0.6473593750000001 0.519287037037037 0.02288020833333325 0.06785185185185183
1 0.7242395833333333 0.5236851851851853 0.019406250000000114 0.07312962962962964
2 0.8908124999999999 0.7811944444444445 0.02722916666666677 0.09942592592592603
2 0.36534375 0.4507314814814815 0.014583333333333334 0.05965740740740736
2 0.35084895833333335 0.2860648148148148 0.011796875000000047 0.03537037037037041
0 0.5818645833333334 0.3427777777777778 0.005447916666666686 0.009703703703703721