1 0.164921875 0.43875000000000003 0.012395833333333309 0.05474074074074074
1 0.19160416666666666 0.48356481481481484 0.013406250000000005 0.059629629629629664
1 0.20680208333333333 0.4702222222222222 0.014890625000000017 0.06073148148148151
1 0.19234895833333335 0.3370925925925926 0.012546875000000016 0.038981481481481506
1 0.21008854166666666 0.37877777777777777 0.008953125000000029 0.044564814814814814
1 0.22911458333333332 0.3639814814814815 0.010276041666666676 0.04413888888888885
1 0.218015625 0.3128425925925926 0.013093749999999993 0.03633333333333334
1 0.32894270833333333 0.4302685185185185 0.01377604166666669 0.05167592592592598
1 0.37809375 0.43853703703703706 0.013609375000000057 0.04737962962962959
2 0.37770312500000003 0.4721018518518519 0.014395833333333385 0.04920370370370374
2 0.16058333333333333 0.3077037037037037 0.013098958333333322 0.037175925925925904
1 0.46841145833333336 0.616962962962963 0.018411458333333287 0.06800000000000005
1 0.5059166666666667 0.5105092592592593 0.015276041666666629 0.06627777777777771
1 0.47153645833333335 0.3597222222222222 0.009031249999999958 0.039787037037037065
1 0.512640625 0.3831388888888889 0.009963541666666723 0.0463333333333333
1 0.5249479166666666 0.3253240740740741 0.010348958333333276 0.03629629629629634
1 0.5476093750000001 0.44873148148148145 0.011911458333333276 0.0441481481481481
1 0.6682239583333334 0.4579814814814815 0.013218750000000057 0.055685185185185226
1 0.6251666666666666 0.6656018518518518 0.01619270833333341 0.0763703703703704
1 0.7845156249999999 0.4657037037037037 0.012927083333333419 0.050305555555555596
1 0.836484375 0.5155277777777778 0.01526041666666676 0.059648148148148214
1 0.7455625 0.37683333333333335 0.01082291666666677 0.037888888888888854
1 0.7605677083333333 0.36822222222222223 0.015817708333333277 0.042888888888888935
0 0.69809375 0.3667592592592593 0.005749999999999981 0.008009259259259239