1 0.2802447916666667 0.6000462962962962 0.02567187499999998 0.06403703703703711
1 0.20622916666666666 0.4408518518518519 0.021083333333333343 0.06082407407407413
1 0.28525520833333334 0.502824074074074 0.016739583333333384 0.06206481481481479
1 0.3939114583333333 0.7754814814814814 0.036479166666666646 0.09253703703703708
1 0.28335937499999997 0.41594444444444445 0.01836458333333333 0.0470925925925926
1 0.2820729166666667 0.3961574074074074 0.01477604166666661 0.04236111111111111
1 0.2880364583333333 0.361962962962963 0.014364583333333295 0.043444444444444404
1 0.370765625 0.3782314814814815 0.014249999999999948 0.04308333333333331
1 0.3824375 0.3408333333333334 0.013937499999999995 0.04325000000000003
2 0.42335937500000004 0.43053703703703705 0.013520833333333352 0.04531481481481486
1 0.4193489583333333 0.48494444444444446 0.015781249999999976 0.06088888888888888
1 0.48917187500000003 0.5049722222222223 0.02173437500000001 0.05887962962962955
1 0.5879947916666667 0.567787037037037 0.01822395833333322 0.05910185185185179
1 0.5467604166666666 0.45422222222222225 0.01761458333333342 0.05794444444444448
1 0.5189947916666667 0.3862777777777778 0.011447916666666676 0.03724074074074077
1 0.5360625 0.3858240740740741 0.01267708333333335 0.03815740740740744
1 0.5345208333333333 0.37119444444444444 0.01165104166666661 0.03814814814814819
1 0.5683541666666667 0.3831759259259259 0.011437500000000019 0.04199074074074076
1 0.5982760416666667 0.3635185185185185 0.011640624999999953 0.04472222222222218
1 0.6693333333333332 0.42267592592592595 0.01594791666666661 0.04787037037037041
1 0.6685104166666667 0.4811944444444445 0.018416666666666734 0.06252777777777775
1 0.9406302083333333 0.43226851851851855 0.017609374999999972 0.05425925925925928
0 0.5791041666666668 0.598675925925926 0.007234374999999934 0.014101851851851869
2 0.24784895833333334 0.3313333333333333 0.010276041666666676 0.032555555555555525