1 0.8850989583333334 0.6302407407407407 0.021312500000000036 0.06793518518518529
1 0.7170364583333334 0.6145462962962963 0.030640624999999963 0.06126851851851858
1 0.7385885416666667 0.4849351851851852 0.0149166666666666 0.051120370370370406
1 0.9195364583333333 0.4267314814814815 0.013177083333333428 0.04880555555555559
2 0.9161145833333334 0.6813981481481481 0.023442708333333447 0.06758333333333334
1 0.6673645833333333 0.4593518518518519 0.017921874999999924 0.04749074074074071
1 0.5730364583333334 0.5467407407407407 0.017510416666666608 0.05686111111111119
1 0.5421302083333334 0.5818333333333333 0.02201041666666672 0.06429629629629635
1 0.5032552083333334 0.6545833333333334 0.020197916666666652 0.07099074074074081
1 0.5356093749999999 0.6926203703703704 0.028213541666666706 0.07100925925925931
1 0.53625 0.40971296296296295 0.012385416666666711 0.04327777777777778
1 0.57640625 0.37072222222222223 0.012484374999999897 0.0375555555555555
1 0.436578125 0.41341666666666665 0.014114583333333286 0.04499074074074077
1 0.42893229166666663 0.5024351851851852 0.019140625 0.055694444444444526
1 0.377734375 0.4663055555555556 0.014072916666666657 0.055685185185185226
1 0.2538958333333333 0.517462962962963 0.014520833333333332 0.055333333333333325
1 0.25972395833333334 0.5071018518518519 0.012276041666666692 0.059324074074074015
1 0.25421354166666665 0.4605925925925926 0.017302083333333346 0.044277777777777826
1 0.28934374999999996 0.41837037037037034 0.013765625000000033 0.04349074074074077
1 0.3012708333333334 0.3794814814814815 0.013015625000000005 0.04365740740740739
1 0.3284322916666667 0.392037037037037 0.011729166666666657 0.0459537037037037
1 0.34548958333333335 0.33735185185185185 0.00841145833333338 0.03355555555555556
2 0.3276822916666667 0.5077685185185185 0.020927083333333367 0.05495370370370362
2 0.30411979166666664 0.32339814814814816 0.008265624999999943 0.02954629629629627
0 0.8743385416666667 0.64025 0.00678124999999999 0.01304629629629622