1 0.41869791666666667 0.7592314814814815 0.029895833333333382 0.09359259259259252
0 0.40967708333333336 0.7780462962962963 0.009447916666666719 0.020009259259259168
1 0.37966145833333337 0.7189074074074073 0.030026041666666715 0.08351851851851856
1 0.33329166666666665 0.5343796296296296 0.017880208333333297 0.06737037037037036
1 0.30393749999999997 0.45019444444444445 0.02269791666666663 0.05940740740740738
1 0.36913541666666666 0.4053703703703704 0.01739583333333338 0.05318518518518513
1 0.39055208333333336 0.42291666666666666 0.016911458333333348 0.0540462962962963
1 0.49959895833333334 0.5155555555555555 0.022062499999999947 0.06394444444444439
1 0.5162604166666667 0.5431481481481482 0.025307291666666624 0.07208333333333325
1 0.6591145833333333 0.4956574074074074 0.018671874999999952 0.06264814814814818
1 0.39446875 0.37260185185185185 0.01669270833333331 0.050138888888888865
1 0.49139583333333337 0.38849074074074075 0.013729166666666615 0.048111111111111146
1 0.52353125 0.34808333333333336 0.013343749999999942 0.04504629629629627
1 0.64621875 0.3840925925925926 0.014369791666666742 0.046083333333333316
1 0.6576979166666667 0.4136759259259259 0.010692708333333438 0.046083333333333316
1 0.6677239583333333 0.4073333333333333 0.012687500000000067 0.05199999999999997
1 0.710078125 0.3954166666666667 0.014677083333333249 0.050129629629629614
1 0.7343697916666667 0.37681481481481477 0.0147708333333334 0.046740740740740756
1 0.8225052083333334 0.462037037037037 0.014187499999999886 0.061666666666666634
1 0.7897968750000001 0.5518148148148149 0.019515624999999894 0.06881481481481476
1 0.7697395833333334 0.6969722222222222 0.020848958333333438 0.08699074074074079
2 0.39065104166666664 0.3203888888888889 0.008677083333333375 0.03535185185185181
2 0.4969322916666667 0.4534814814814815 0.0191041666666667 0.055731481481481535