1 0.06878645833333333 0.18349074074074073 0.015000000000000006 0.05415740740740742
1 0.13841145833333332 0.34147222222222223 0.01632291666666667 0.06558333333333337
1 0.11811458333333333 0.4990462962962963 0.016880208333333348 0.07621296296296291
1 0.12862500000000002 0.523074074074074 0.027890625000000006 0.06296296296296296
1 0.3113072916666667 0.5415555555555556 0.0273072916666667 0.0702685185185186
1 0.193078125 0.25150925925925927 0.019984375000000002 0.0557222222222222
1 0.24251562499999998 0.3449259259259259 0.019864583333333328 0.06657407407407405
1 0.4462760416666667 0.4503148148148148 0.018052083333333375 0.06772222222222221
1 0.4726875 0.6311203703703704 0.027499999999999976 0.07143518518518527
1 0.4758020833333333 0.28828703703703706 0.015932291666666622 0.06599074074074072
1 0.5179010416666666 0.15895370370370368 0.014479166666666644 0.05252777777777779
1 0.52896875 0.06582407407407408 0.011031250000000032 0.04424999999999999
1 0.5834843749999999 0.22064814814814815 0.015510416666666771 0.051342592592592606
1 0.6352604166666667 0.1987037037037037 0.01783333333333322 0.05095370370370373
1 0.6990989583333334 0.28560185185185183 0.01204166666666661 0.060620370370370394
1 0.7121145833333333 0.27768518518518515 0.01804687500000005 0.05746296296296291
1 0.6273645833333333 0.38366666666666666 0.01761458333333342 0.059009259259259275
1 0.6859739583333333 0.3659722222222222 0.01693749999999999 0.06910185185185184
1 0.6874791666666666 0.5255277777777778 0.02550000000000002 0.06787037037037033
2 0.94859375 0.7856481481481481 0.03496354166666672 0.09771296296296293
2 0.04447916666666667 0.06039814814814815 0.015328125000000003 0.04722222222222222
2 0.20825520833333336 0.4002685185185185 0.025864583333333316 0.058601851851851815
0 0.5047343750000001 0.6244166666666666 0.009286458333333296 0.01649074074074069