1 0.25828124999999996 0.27929629629629626 0.021828125000000014 0.06076851851851851
1 0.47986458333333337 0.508287037037037 0.030380208333333294 0.0745833333333333
1 0.4875416666666667 0.424787037037037 0.022312499999999957 0.06026851851851855
1 0.5160364583333333 0.31457407407407406 0.019442708333333295 0.05497222222222223
1 0.5386770833333333 0.3632592592592592 0.017880208333333297 0.06675925925925928
1 0.45755208333333336 0.15231481481481482 0.015682291666666615 0.052009259259259276
1 0.5073177083333333 0.22286111111111112 0.01502083333333329 0.05893518518518517
1 0.7058697916666666 0.39563888888888893 0.021755208333333324 0.05750000000000002
1 0.7442552083333334 0.4609814814814815 0.02305208333333345 0.06557407407407402
1 0.79584375 0.26275925925925925 0.015625 0.06238888888888888
1 0.9041927083333333 0.14699074074074073 0.017609374999999972 0.048314814814814824
1 0.9013281249999999 0.23303703703703704 0.017093750000000085 0.053842592592592574
1 0.974515625 0.23130555555555557 0.016427083333333314 0.05731481481481479
1 0.9731510416666667 0.4061666666666667 0.015000000000000095 0.06466666666666669
1 0.8406302083333334 0.0805 0.011505208333333409 0.04254629629629629
2 0.3315364583333333 0.05249074074074074 0.014791666666666713 0.04668518518518519
2 0.5885104166666667 0.42950925925925926 0.01604687499999997 0.06971296296296293
0 0.49900520833333334 0.5359074074074074 0.006432291666666619 0.014712962962963056