1 0.034140625 0.41360185185185183 0.028791666666666667 0.05582407407407404
1 0.06938541666666667 0.3988888888888889 0.012421875000000004 0.051435185185185146
1 0.10855729166666667 0.3560740740740741 0.013057291666666663 0.055185185185185205
1 0.235078125 0.38166666666666665 0.010109374999999983 0.04949074074074078
1 0.19823437500000002 0.5390555555555555 0.018708333333333313 0.06359259259259264
1 0.2745677083333333 0.6642685185185185 0.02326562500000001 0.06534259259259254
1 0.2646041666666667 0.48241666666666666 0.011750000000000002 0.05596296296296301
1 0.26483333333333337 0.46519444444444447 0.019338541666666695 0.05401851851851855
1 0.3443645833333333 0.34826851851851853 0.013838541666666633 0.05259259259259255
1 0.36557291666666664 0.35241666666666666 0.012374999999999995 0.04300000000000005
1 0.4436875 0.40490740740740744 0.010442708333333309 0.053712962962962955
1 0.4585416666666667 0.5066296296296297 0.01729166666666669 0.0621388888888888
1 0.4991770833333333 0.28660185185185183 0.013541666666666667 0.04464814814814817
1 0.62896875 0.37378703703703703 0.013479166666666724 0.04350000000000002
1 0.6899895833333333 0.45504629629629634 0.023067708333333315 0.06297222222222226
1 0.635140625 0.7049814814814814 0.01942187499999998 0.06875925925925926
1 0.7768333333333334 0.5626203703703704 0.021223958333333334 0.07009259259259264
1 0.9771458333333333 0.44457407407407407 0.011359374999999972 0.06153703703703707
2 0.10475 0.25433333333333336 0.01275000000000001 0.04512037037037039
2 0.5043177083333333 0.48455555555555563 0.013760416666666704 0.06024999999999994
0 0.6187760416666667 0.3808796296296296 0.004890624999999934 0.009814814814814835