1 0.005505208333333333 0.4723333333333333 0.01100520833333333 0.0621666666666667
1 0.08962500000000001 0.5219907407407407 0.019666666666666662 0.06285185185185195
1 0.06359895833333333 0.379537037037037 0.022328124999999994 0.04886111111111109
1 0.11603645833333333 0.44093518518518515 0.02559895833333332 0.05495370370370373
1 0.11564583333333332 0.37711111111111106 0.020130208333333323 0.04816666666666665
1 0.173078125 0.3653703703703704 0.014651041666666665 0.04830555555555552
1 0.297875 0.34453703703703703 0.01572395833333336 0.045537037037036994
1 0.46203645833333334 0.33912037037037035 0.011135416666666724 0.04720370370370372
1 0.5367395833333333 0.318 0.013624999999999983 0.05499074074074073
1 0.5139635416666667 0.6570462962962963 0.02355208333333335 0.07037037037037037
1 0.6291614583333334 0.4254537037037037 0.012468750000000028 0.05870370370370368
1 0.6524479166666667 0.4679537037037037 0.034031250000000075 0.060361111111111164
1 0.76446875 0.44975925925925925 0.01189583333333341 0.06564814814814818
2 0.3672083333333333 0.3514722222222222 0.014505208333333287 0.053851851851851824
0 0.6590468749999999 0.49165740740740743 0.0058124999999999245 0.013287037037036953