1 0.06652083333333333 0.4923055555555556 0.01838541666666667 0.08298148148148143
1 0.32510937500000003 0.45086111111111105 0.017916666666666713 0.0761481481481481
1 0.5268072916666667 0.15064814814814814 0.014885416666666628 0.057546296296296276
1 0.528515625 0.35055555555555556 0.018307291666666715 0.0713703703703704
1 0.3798958333333333 0.47587962962962965 0.037833333333333385 0.0741944444444445
1 0.40243749999999995 0.4787037037037037 0.02222395833333337 0.08498148148148145
1 0.4159479166666667 0.48834259259259255 0.02467708333333339 0.08625925925925929
1 0.4358125 0.4749814814814815 0.028286458333333306 0.06468518518518515
1 0.45380208333333333 0.4855185185185185 0.031026041666666632 0.08574999999999997
1 0.4756927083333334 0.4508425925925927 0.02134375000000001 0.07291666666666671
1 0.47681250000000003 0.48834259259259255 0.024302083333333377 0.07598148148148143
1 0.48140104166666664 0.4987407407407407 0.01975000000000004 0.07880555555555552
1 0.49765625 0.5079907407407407 0.02191666666666663 0.09216666666666663
1 0.6585989583333334 0.38205555555555554 0.01721874999999997 0.07407407407407407
1 0.6646354166666666 0.4062037037037037 0.01555729166666661 0.07612962962962966
0 0.52196875 0.19427777777777777 0.006208333333333371 0.011722222222222245
0 0.23109895833333333 0.31121296296296297 0.017307291666666676 0.0724907407407407