1 0.20521874999999998 0.4259074074074074 0.01668229166666665 0.060388888888888916
1 0.36025520833333335 0.3896111111111111 0.018239583333333323 0.05987037037037034
1 0.3330677083333333 0.6139814814814815 0.021208333333333346 0.07791666666666675
1 0.47322395833333336 0.4152777777777778 0.01772395833333332 0.054944444444444476
1 0.5627031250000001 0.4396203703703704 0.0167239583333334 0.059685185185185216
1 0.5948385416666666 0.5823518518518519 0.015729166666666572 0.07795370370370376
1 0.5963437500000001 0.3582222222222222 0.01577083333333344 0.05335185185185186
1 0.6082083333333334 0.35514814814814816 0.011817708333333362 0.05950925925925924
1 0.6853333333333332 0.48644444444444446 0.023666666666666693 0.0654444444444445
1 0.7836145833333333 0.2713055555555555 0.014557291666666573 0.050037037037037005
1 0.8532239583333333 0.3977685185185185 0.015333333333333362 0.06564814814814812
1 0.9366979166666667 0.3683425925925926 0.01121874999999998 0.056018518518518516
1 0.974171875 0.5040370370370371 0.01694791666666665 0.0742592592592593
1 0.8475052083333333 0.7416203703703704 0.01576562499999999 0.08708333333333329
1 0.9064374999999999 0.6684074074074075 0.018921874999999963 0.07602777777777768
2 0.35513541666666665 0.18049074074074076 0.013307291666666643 0.047018518518518494
2 0.6258072916666666 0.3290648148148148 0.016916666666666677 0.05391666666666668
2 0.21900520833333334 0.44487037037037036 0.005833333333333357 0.01227777777777777