1 0.015104166666666667 0.3199074074074074 0.030208333333333334 0.16944444444444445
1 0.07695833333333332 0.603212962962963 0.08891666666666669 0.14643518518518528
1 0.13622395833333334 0.4441574074074074 0.04703645833333335 0.18017592592592596
1 0.2884010416666667 0.538962962962963 0.05763541666666668 0.19199999999999995
1 0.44338541666666664 0.47582407407407407 0.05927604166666664 0.18498148148148147
1 0.44994791666666667 0.3199259259259259 0.04115104166666666 0.1205925925925926
1 0.5364010416666667 0.7167129629629629 0.04821874999999996 0.20675925925925923
1 0.6234739583333333 0.4687870370370371 0.06736979166666662 0.19609259259259262
1 0.6921145833333333 0.5211944444444444 0.07340104166666658 0.0823888888888889
1 0.7384687499999999 0.4839814814814815 0.0673489583333333 0.07091666666666664
1 0.7523229166666667 0.5472962962962963 0.03964062500000007 0.17533333333333329
1 0.8467916666666666 0.6250648148148149 0.04733333333333339 0.19752777777777772
1 0.8323125 0.46841666666666665 0.049630208333333314 0.14350925925925928
0 0.6459791666666667 0.3899166666666667 0.012369791666666666 0.030953703703703657