1 0.16418229166666667 0.31616666666666665 0.02158333333333336 0.05608333333333338
1 0.32953645833333334 0.5400833333333332 0.020286458333333358 0.08850925925925919
1 0.43086458333333333 0.41475925925925927 0.02396874999999999 0.05790740740740737
1 0.35926041666666664 0.31050925925925926 0.02190104166666664 0.050944444444444424
1 0.39338541666666665 0.1861759259259259 0.018421874999999942 0.05935185185185187
1 0.3958697916666667 0.24005555555555555 0.01530208333333339 0.06015740740740743
1 0.41160416666666666 0.2952685185185185 0.023624999999999948 0.05829629629629633
1 0.4203958333333333 0.3131481481481481 0.018072916666666692 0.06857407407407413
1 0.50125 0.3558148148148148 0.02939583333333336 0.06547222222222225
1 0.5181354166666667 0.30174074074074075 0.021526041666666627 0.051916666666666715
1 0.5222395833333333 0.347287037037037 0.026265624999999973 0.07102777777777781
1 0.5242864583333333 0.5878888888888889 0.023531250000000035 0.07736111111111107
1 0.5972291666666667 0.5787129629629629 0.027177083333333248 0.08068518518518528
1 0.5883697916666667 0.40071296296296294 0.024088541666666668 0.06569444444444449
1 0.8866822916666667 0.35598148148148145 0.01928124999999999 0.06581481481481485
2 0.009427083333333334 0.3630740740740741 0.01885416666666667 0.06924999999999996
2 0.8116822916666667 0.9699907407407407 0.02992708333333335 0.06000925925925921
0 0.512234375 0.5765462962962963 0.0066770833333333005 0.015111111111111053