1 0.04548958333333333 0.4274444444444444 0.018526041666666663 0.06178703703703706
1 0.10528645833333333 0.605574074074074 0.01832291666666667 0.07999074074074083
1 0.154203125 0.5302870370370371 0.016317708333333354 0.06970370370370368
1 0.107046875 0.45812037037037034 0.01708854166666667 0.0639722222222222
1 0.11436979166666666 0.39431481481481484 0.018416666666666675 0.05638888888888887
1 0.29714583333333333 0.38366666666666666 0.021713541666666693 0.05199999999999997
1 0.39302604166666666 0.3571388888888889 0.02236458333333336 0.05639814814814812
1 0.47659375 0.3855277777777778 0.012651041666666647 0.05909259259259264
1 0.5155989583333334 0.314962962962963 0.01079687500000001 0.04980555555555552
1 0.6482291666666666 0.37242592592592594 0.015526041666666638 0.04978703703703702
1 0.7648802083333333 0.3182592592592593 0.014937499999999914 0.05132407407407403
1 0.6104843750000001 0.4763611111111111 0.01420312499999999 0.06497222222222224
1 0.506 0.6820925925925926 0.027718750000000014 0.07412962962962957
1 0.6624895833333333 0.689787037037037 0.028833333333333398 0.07091666666666659
1 0.6991354166666667 0.5292870370370371 0.03082812500000003 0.05249074074074079
1 0.7944010416666667 0.5332592592592592 0.02130208333333338 0.07564814814814819
1 0.8123854166666666 0.4762129629629629 0.016765625000000027 0.0646759259259259
1 0.85075 0.41909259259259257 0.018380208333333314 0.058601851851851815
1 0.8432864583333333 0.6862870370370371 0.023416666666666686 0.08252777777777788
2 0.11290625 0.23928703703703705 0.013088541666666665 0.044824074074074044
2 0.276578125 0.38757407407407407 0.020802083333333363 0.05381481481481482
0 0.47398437499999996 0.26632407407407405 0.004427083333333333 0.007777777777777757