1 0.046322916666666665 0.4253888888888889 0.020447916666666663 0.07157407407407403
1 0.06272395833333334 0.2732037037037037 0.013145833333333337 0.06156481481481482
1 0.22715104166666666 0.32832407407407405 0.019083333333333327 0.06392592592592589
1 0.30257812500000003 0.43315740740740744 0.018760416666666658 0.05602777777777777
1 0.48409375000000004 0.6317870370370371 0.028031249999999966 0.08032407407407408
1 0.4965364583333333 0.4555648148148148 0.022062499999999947 0.0642870370370371
1 0.5289791666666667 0.4194629629629629 0.02627604166666669 0.06337962962962967
1 0.5686718749999999 0.4909351851851852 0.023390624999999925 0.07103703703703707
1 0.6710885416666666 0.46625925925925926 0.026661458333333363 0.07652777777777775
1 0.6146875 0.27825 0.021838541666666583 0.05336111111111111
1 0.5952552083333333 0.1431388888888889 0.013822916666666648 0.050064814814814805
1 0.678703125 0.27621296296296294 0.013088541666666724 0.0602592592592593
1 0.6873385416666667 0.24275925925925926 0.018020833333333285 0.048203703703703735
1 0.7430729166666666 0.3513425925925926 0.018421874999999942 0.0679166666666667
1 0.8002187500000001 0.36479629629629634 0.02061979166666674 0.06739814814814811
1 0.8285989583333334 0.5099351851851852 0.019791666666666666 0.0724722222222222
1 0.8363125 0.7270092592592592 0.02081770833333323 0.08429629629629626
2 0.27547916666666666 0.40071296296296294 0.02216145833333331 0.060629629629629644
0 0.38936458333333335 0.4141574074074074 0.008260416666666614 0.016203703703703703