1 0.16910416666666667 0.5500833333333334 0.0315416666666667 0.07231481481481473
1 0.2099791666666667 0.6763055555555555 0.03204687499999999 0.08160185185185174
1 0.280109375 0.47394444444444445 0.032447916666666646 0.06813888888888886
1 0.32155208333333335 0.5720185185185185 0.03099999999999999 0.07231481481481473
1 0.30247395833333335 0.4572222222222222 0.024734375000000006 0.06941666666666664
1 0.4828385416666666 0.6121388888888889 0.039921875000000044 0.08125925925925925
1 0.45553645833333334 0.5014537037037038 0.02954166666666668 0.07013888888888889
1 0.37433333333333335 0.37889814814814815 0.019468750000000055 0.05239814814814818
1 0.38815104166666664 0.37889814814814815 0.02109375 0.058175925925925964
1 0.4503229166666667 0.32305555555555554 0.017015625000000038 0.04041666666666664
1 0.5048125 0.4765555555555555 0.02765624999999995 0.06276851851851849
1 0.5420312500000001 0.3403981481481481 0.020822916666666677 0.05775
1 0.5626770833333333 0.36495370370370367 0.013343749999999942 0.049074074074074076
1 0.5554427083333333 0.41205555555555556 0.013505208333333248 0.06235185185185188
1 0.5712916666666668 0.40800925925925924 0.02406770833333335 0.06004629629629632
1 0.7606302083333334 0.5730000000000001 0.019124999999999896 0.0779444444444445
1 0.785171875 0.4678333333333333 0.01619791666666662 0.06987962962962965
1 0.918625 0.43828703703703703 0.013265624999999896 0.07002777777777777
2 0.3535729166666667 0.3242037037037037 0.010447916666666638 0.051370370370370386