1 0.0078125 0.42962962962962964 0.015625 0.08518518518518518
1 0.19002604166666667 0.28811111111111115 0.020937500000000022 0.06576851851851849
1 0.23851041666666667 0.3371851851851852 0.016098958333333316 0.06702777777777777
1 0.23671354166666667 0.3996111111111111 0.023812500000000014 0.06207407407407404
1 0.2750677083333333 0.3831574074074074 0.02030729166666667 0.07304629629629629
1 0.3131145833333333 0.3916574074074074 0.022359375000000032 0.0809074074074074
1 0.357640625 0.6054444444444445 0.027083333333333334 0.09346296296296301
1 0.3949166666666667 0.48004629629629636 0.018333333333333358 0.07667592592592587
1 0.4257135416666667 0.3751203703703704 0.019255208333333346 0.06427777777777774
1 0.4220625 0.42374074074074075 0.0273802083333333 0.07376851851851848
1 0.4421666666666667 0.4094814814814815 0.023364583333333282 0.08181481481481483
1 0.544921875 0.44797222222222216 0.03656770833333335 0.07103703703703701
1 0.6146406249999999 0.6364351851851852 0.03203125 0.08597222222222214
1 0.6832812500000001 0.5940277777777777 0.030473958333333447 0.0815925925925925
1 0.8133125 0.3730277777777778 0.02212500000000001 0.06009259259259257
0 0.546390625 0.5995092592592592 0.0090572916666666 0.01649074074074069