1 0.09175 0.5859537037037037 0.04318229166666668 0.08393518518518527
1 0.2916302083333333 0.37616666666666665 0.021546874999999945 0.0731574074074074
1 0.39194270833333333 0.3499259259259259 0.021104166666666656 0.07392592592592595
1 0.6498177083333334 0.487287037037037 0.025619791666666693 0.08434259259259257
1 0.6894947916666666 0.5767314814814815 0.025828125000000077 0.07119444444444453
1 0.802578125 0.2222962962962963 0.012973958333333258 0.04889814814814815
1 0.8230572916666666 0.44496296296296295 0.024046875000000037 0.08477777777777783
1 0.8753541666666667 0.5014537037037038 0.03194791666666674 0.08053703703703706
1 0.8487656250000001 0.4116851851851852 0.025359375000000028 0.07134259259259255
1 0.8561927083333334 0.36800925925925926 0.025270833333333322 0.06370370370370367
1 0.9083177083333334 0.4201944444444444 0.018755208333333447 0.0743148148148148
1 0.9145572916666667 0.4430092592592593 0.02947916666666662 0.07618518518518522
1 0.9190416666666666 0.5064537037037037 0.02965625000000003 0.07803703703703702
1 0.9325781249999999 0.4245740740740741 0.021567708333333258 0.06431481481481485
1 0.9818489583333334 0.4355925925925926 0.024281249999999942 0.07227777777777783
1 0.9566614583333333 0.5236388888888889 0.034572916666666724 0.0811574074074075
2 0.5098854166666666 0.26642592592592595 0.015692708333333392 0.06682407407407406
0 0.5242552083333334 0.3172129629629629 0.006635416666666671 0.015250000000000026