1 0.18668229166666667 0.4254074074074074 0.02276562500000002 0.06537962962962965
1 0.17783854166666666 0.8643518518518518 0.030666666666666665 0.08900925925925936
1 0.21643229166666667 0.6775092592592593 0.029989583333333354 0.07522222222222223
1 0.24251562499999998 0.48265740740740737 0.027651041666666685 0.06321296296296294
1 0.2510260416666667 0.5479074074074074 0.02130729166666665 0.0750555555555555
1 0.3370520833333333 0.6280833333333333 0.025411458333333314 0.0712777777777778
1 0.4028958333333333 0.50925 0.02361979166666662 0.07487037037037034
1 0.44260416666666663 0.4728703703703704 0.02517187499999996 0.0653888888888889
1 0.269875 0.33444444444444443 0.020083333333333304 0.04955555555555554
1 0.3958333333333333 0.3196203703703704 0.02172916666666668 0.055490740740740695
1 0.4862604166666667 0.3815 0.0179322916666667 0.06457407407407409
1 0.547765625 0.4431851851851852 0.018593749999999905 0.06929629629629627
1 0.6147447916666666 0.33385185185185184 0.020192708333333323 0.05035185185185185
1 0.6889322916666667 0.4670185185185185 0.019515624999999894 0.06553703703703702
1 0.8721718749999999 0.4823333333333333 0.031161458333333295 0.07443518518518523
1 0.9379010416666667 0.26099074074074075 0.018026041666666732 0.05689814814814816
2 0.317265625 0.1738148148148148 0.012661458333333304 0.051490740740740754
2 0.50925 0.3516018518518519 0.020885416666666618 0.06087962962962963
0 0.15741145833333334 0.4136944444444445 0.0070885416666666735 0.014407407407407357