1 0.08603125 0.3277037037037037 0.024510416666666666 0.0863055555555556
1 0.08460416666666666 0.4333703703703704 0.031161458333333326 0.0978148148148148
1 0.14476041666666667 0.5220092592592592 0.05014583333333332 0.1051111111111111
1 0.32071354166666666 0.6299351851851852 0.03634374999999999 0.10536111111111107
1 0.33757291666666667 0.5078055555555555 0.03681770833333336 0.09750925925925921
1 0.3605260416666667 0.5507222222222222 0.022562499999999968 0.10172222222222213
1 0.5175625 0.5699907407407407 0.039000000000000055 0.1036851851851852
1 0.5530260416666667 0.5690092592592593 0.0402604166666667 0.09890740740740735
1 0.6431770833333333 0.3796203703703704 0.025843749999999943 0.08600925925925924
1 0.42503645833333337 0.3776481481481482 0.026510416666666713 0.09895370370370371
1 0.444984375 0.38581481481481483 0.033473958333333324 0.09838888888888889
1 0.3086041666666667 0.33544444444444443 0.02637500000000005 0.08208333333333331
1 0.33480208333333333 0.33825 0.029692708333333328 0.08771296296296298