1 0.14474479166666668 0.380712962962963 0.022963541666666684 0.05562962962962967
1 0.18281770833333333 0.48261111111111116 0.01782812500000001 0.05408333333333336
1 0.22794791666666667 0.4058981481481482 0.02680208333333335 0.0584722222222222
1 0.25885416666666666 0.5526666666666666 0.026583333333333313 0.07060185185185185
1 0.43445833333333334 0.6314722222222222 0.022703124999999956 0.08179629629629621
1 0.43536458333333333 0.7153055555555555 0.023453124999999984 0.07835185185185176
1 0.5325260416666667 0.6772870370370371 0.02418750000000003 0.07836111111111121
1 0.5114010416666667 0.4762407407407408 0.019375000000000024 0.06225925925925927
1 0.38403125 0.2906018518518519 0.014906249999999944 0.05033333333333335
1 0.5211354166666667 0.26284259259259257 0.019588541666666615 0.04805555555555553
1 0.5912916666666667 0.3762407407407407 0.018718750000000027 0.06000925925925931
1 0.60875 0.44469444444444445 0.024755208333333438 0.0676111111111111
1 0.6808802083333333 0.30875925925925923 0.013942708333333324 0.050537037037037075
1 0.7847760416666667 0.47025925925925927 0.017458333333333322 0.06361111111111116
1 0.864984375 0.4112314814814815 0.02385937499999997 0.06153703703703707
1 0.8872812499999999 0.2510648148148148 0.01604687499999997 0.04731481481481484
1 0.9847291666666667 0.4208425925925926 0.01842708333333339 0.06934259259259258
1 0.9845677083333333 0.34299074074074076 0.021317708333333248 0.05624074074074075
2 0.26092708333333337 0.17982407407407408 0.012984375000000003 0.04660185185185184
2 0.5164531250000001 0.33844444444444444 0.019156249999999986 0.04944444444444442
0 0.45160937500000004 0.48913888888888885 0.006687499999999957 0.013814814814814882