1 0.06338020833333333 0.3688981481481482 0.01583854166666667 0.06364814814814816
1 0.105484375 0.2301111111111111 0.013427083333333348 0.05555555555555553
1 0.1435 0.25362962962962965 0.017270833333333315 0.059833333333333336
1 0.14650520833333333 0.44427777777777777 0.016062500000000018 0.07538888888888885
1 0.36725 0.36600925925925926 0.01722916666666663 0.07284259259259256
1 0.386015625 0.28079629629629627 0.025890625000000018 0.05853703703703706
1 0.3593125 0.18188888888888888 0.015791666666666634 0.05108333333333335
1 0.47458333333333336 0.5703611111111111 0.017744791666666634 0.07517592592592598
1 0.49581770833333333 0.5021481481481482 0.020510416666666722 0.07134259259259255
1 0.48330208333333335 0.3894444444444445 0.019552083333333314 0.06410185185185187
1 0.596984375 0.35598148148148145 0.023140624999999915 0.0591944444444444
1 0.6521406249999999 0.26466666666666666 0.011942708333333248 0.06050925925925928
1 0.6686822916666666 0.2700092592592593 0.01735416666666675 0.04981481481481477
1 0.7531927083333334 0.2709722222222222 0.016739583333333266 0.06670370370370367
1 0.7869375000000001 0.4036666666666667 0.020463541666666647 0.07329629629629626
1 0.8070833333333333 0.4085833333333333 0.02346354166666676 0.07030555555555562
1 0.796921875 0.5561388888888888 0.027437499999999913 0.0830925925925926
1 0.6907656249999999 0.1880740740740741 0.015802083333333408 0.05704629629629631
2 0.323359375 0.40270370370370373 0.02159895833333335 0.0735
0 0.4893072916666667 0.5954907407407407 0.008218749999999986 0.016351851851851926