1 0.10796354166666666 0.5102592592592593 0.02559374999999999 0.06405555555555562
1 0.217734375 0.6702222222222223 0.022572916666666682 0.084537037037037
1 0.19042708333333333 0.33832407407407405 0.018484375000000004 0.05383333333333332
1 0.2909947916666667 0.35917592592592595 0.012692708333333276 0.06345370370370368
1 0.33430208333333333 0.3845185185185185 0.022312499999999957 0.06066666666666665
1 0.31391145833333334 0.4690925925925926 0.014015625000000042 0.05230555555555556
1 0.43138020833333335 0.38280555555555557 0.021572916666666705 0.04869444444444447
1 0.455921875 0.5577314814814816 0.01868229166666661 0.07345370370370363
1 0.5564322916666666 0.4696296296296297 0.017822916666666563 0.07689814814814816
1 0.5947447916666667 0.3915740740740741 0.016249999999999907 0.05339814814814811
1 0.6782604166666667 0.36795370370370367 0.026880208333333398 0.05748148148148152
1 0.644578125 0.7324629629629629 0.022072916666666723 0.0742777777777778
1 0.7030416666666667 0.6549444444444444 0.028322916666666722 0.07537037037037045
1 0.740515625 0.42633333333333334 0.022661458333333447 0.058750000000000045
1 0.7707656249999999 0.4649351851851852 0.026624999999999944 0.056814814814814776
1 0.7913385416666666 0.3016666666666667 0.026864583333333296 0.05322222222222224
1 0.9521770833333334 0.4277222222222222 0.014083333333333314 0.06794444444444445
1 0.957828125 0.4904907407407408 0.027796874999999943 0.06728703703703705
2 0.22384374999999998 0.22918518518518521 0.01488020833333336 0.05405555555555558
2 0.49871875 0.5243703703703704 0.0245729166666667 0.06801851851851855
0 0.49182812499999995 0.46311111111111114 0.006411458333333305 0.014805555555555563