1 0.026604166666666665 0.303037037037037 0.01594270833333333 0.06483333333333331
1 0.08934375 0.29906481481481484 0.03222916666666666 0.051666666666666625
1 0.3116770833333333 0.43718518518518523 0.020125000000000053 0.05772222222222225
1 0.5008281250000001 0.4521388888888888 0.025375000000000016 0.07173148148148145
1 0.5168802083333334 0.21713888888888888 0.019276041666666664 0.04820370370370368
1 0.5348802083333334 0.15039814814814814 0.013828125000000035 0.04764814814814813
1 0.569359375 0.2895277777777778 0.017765625000000066 0.052833333333333385
1 0.5720833333333334 0.3671111111111111 0.0207760416666666 0.06061111111111114
1 0.6012135416666666 0.47525 0.022963541666666743 0.061592592592592574
1 0.6143802083333333 0.5667685185185185 0.02003645833333323 0.07269444444444444
1 0.6060104166666667 0.38964814814814813 0.01792708333333337 0.05945370370370374
1 0.6164531249999999 0.3398055555555556 0.018489583333333334 0.06090740740740738
1 0.7196250000000001 0.5258796296296296 0.02733333333333334 0.07473148148148151
1 0.7380729166666666 0.51375 0.023593750000000094 0.05624074074074075
1 0.76171875 0.3188611111111111 0.020500000000000067 0.05658333333333335
1 0.8401458333333333 0.43010185185185185 0.01967187499999999 0.07100000000000006
1 0.6673281249999999 0.20559259259259258 0.009708333333333267 0.04967592592592591
2 0.4673541666666667 0.3270925925925926 0.014505208333333287 0.0643796296296296
0 0.4672708333333333 0.46044444444444443 0.0075156250000000336 0.01609259259259259