1 0.362640625 0.21412037037037038 0.014932291666666705 0.07394444444444445
1 0.36154166666666665 0.20335185185185187 0.019078125000000057 0.0654259259259259
1 0.45715625 0.23303703703703704 0.01767708333333336 0.07423148148148147
1 0.5207552083333333 0.16816666666666666 0.011104166666666634 0.06296296296296296
1 0.315171875 0.74175 0.029552083333333336 0.19870370370370363
1 0.531515625 0.16395370370370368 0.009484375000000019 0.06162037037037038
1 0.5446822916666666 0.17035185185185184 0.016546874999999992 0.05156481481481481
1 0.5497916666666666 0.14934259259259258 0.009416666666666629 0.059796296296296285
1 0.5606458333333334 0.15785185185185185 0.01185416666666678 0.052824074074074086
1 0.5701510416666667 0.14403703703703705 0.010312500000000094 0.054888888888888876
1 0.5611875000000001 0.18712962962962962 0.012302083333333276 0.07371296296296298
1 0.5775052083333333 0.18896296296296297 0.011531249999999934 0.0727962962962963
1 0.5910885416666667 0.1880462962962963 0.013645833333333239 0.06640740740740737
1 0.606984375 0.19015740740740741 0.01268229166666662 0.06491666666666668
1 0.6584010416666667 0.17902777777777779 0.01466666666666659 0.06435185185185185
0 0.5003489583333333 0.7057037037037037 0.013901041666666695 0.025879629629629673