1 0.27978125 0.4900462962962963 0.019869791666666713 0.07008333333333339
1 0.2925729166666667 0.5225740740740741 0.020979166666666653 0.0698703703703704
1 0.32465625000000004 0.5940462962962964 0.021749999999999995 0.08033333333333333
1 0.31859895833333335 0.3970277777777778 0.01964062500000002 0.06002777777777782
1 0.3582447916666667 0.40028703703703705 0.017739583333333305 0.06457407407407409
1 0.4445 0.36707407407407405 0.013390625000000019 0.0614166666666667
1 0.5031666666666667 0.36974074074074076 0.01616145833333332 0.06082407407407402
1 0.46168229166666663 0.5295925925925926 0.01994791666666664 0.07007407407407414
1 0.5710677083333333 0.4543611111111111 0.017375000000000067 0.07187037037037038
1 0.5498802083333333 0.6935925925925926 0.02060416666666664 0.08366666666666657
1 0.6295416666666667 0.337712962962963 0.01975000000000004 0.05213888888888884
1 0.6994427083333333 0.3578796296296296 0.024963541666666582 0.0529259259259259
1 0.7104010416666667 0.28710185185185183 0.014619791666666751 0.04582407407407408
1 0.73659375 0.4270833333333333 0.01917187499999997 0.06476851851851856
1 0.6658541666666667 0.6092777777777778 0.020078125000000096 0.07519444444444448
1 0.9054270833333333 0.5168425925925927 0.023151041666666573 0.07027777777777786
2 0.36330729166666664 0.2325185185185185 0.016739583333333384 0.05334259259259261
2 0.7726822916666667 0.5162592592592592 0.019057291666666743 0.07504629629629625
0 0.368765625 0.38107407407407407 0.005458333333333343 0.013027777777777824