1 0.038703125 0.43807407407407406 0.019890625 0.07989814814814812
1 0.2893697916666667 0.21706481481481482 0.015036458333333277 0.06123148148148148
1 0.38779166666666665 0.4602314814814815 0.018057291666666704 0.07113888888888893
1 0.482875 0.5601481481481482 0.017197916666666656 0.09364814814814824
1 0.42371354166666664 0.2839907407407407 0.017208333333333315 0.07629629629629628
1 0.43516666666666665 0.36526851851851855 0.01729166666666669 0.07958333333333338
1 0.47979166666666667 0.4301759259259259 0.032156250000000004 0.08316666666666671
1 0.5518020833333334 0.40087962962962964 0.017270833333333256 0.08167592592592596
1 0.6230104166666667 0.41950925925925925 0.01683854166666663 0.08887962962962964
1 0.6530989583333333 0.327037037037037 0.022916666666666665 0.07072222222222221
1 0.6588437500000001 0.4420555555555556 0.03779166666666664 0.04981481481481477
1 0.6573645833333334 0.47000000000000003 0.013703124999999972 0.06963888888888892
1 0.6526354166666667 0.527537037037037 0.024520833333333294 0.09155555555555565
1 0.7068958333333334 0.4235 0.021468749999999894 0.05927777777777776
1 0.7675052083333332 0.4556481481481482 0.025197916666666723 0.07850925925925922
2 0.12980208333333335 0.3577592592592593 0.027963541666666664 0.08389814814814817
0 0.685609375 0.3685185185185185 0.0065572916666667425 0.015361111111111141