1 0.06271354166666666 0.6381851851851852 0.025015625000000007 0.08740740740740749
1 0.09282291666666667 0.4322777777777778 0.024333333333333318 0.07013888888888889
1 0.11115625 0.32499074074074075 0.02446354166666665 0.057666666666666644
1 0.15994270833333332 0.3585462962962963 0.02865104166666666 0.05019444444444448
1 0.40730208333333334 0.6467314814814815 0.01995312499999997 0.08763888888888897
1 0.424828125 0.6272407407407407 0.02928645833333334 0.0823518518518519
1 0.5499270833333333 0.5936851851851851 0.02371874999999998 0.0705740740740741
1 0.5325416666666667 0.46366666666666667 0.01735937499999996 0.07277777777777775
1 0.428140625 0.25882407407407404 0.02915104166666668 0.05524074074074071
1 0.549859375 0.1950740740740741 0.01952083333333334 0.04804629629629628
1 0.668265625 0.3485462962962963 0.026265624999999914 0.06628703703703706
1 0.675734375 0.665138888888889 0.03308854166666677 0.07874999999999996
1 0.7358125 0.4843703703703704 0.023333333333333428 0.04199999999999996
1 0.8669375 0.581425925925926 0.017630208333333286 0.08454629629629624
1 0.7756666666666666 0.39042592592592595 0.02589583333333323 0.05862037037037043
1 0.801984375 0.37130555555555556 0.02305208333333345 0.06608333333333334
1 0.8538125 0.3977685185185185 0.021151041666666735 0.06126851851851848
1 0.7339218750000001 0.2919259259259259 0.019546875000000106 0.051675925925925875
1 0.7455572916666667 0.3152592592592593 0.0211666666666666 0.055037037037037086
1 0.7207291666666666 0.21494444444444444 0.013458333333333409 0.05169444444444445
2 0.17757291666666666 0.14612962962962964 0.019411458333333322 0.047018518518518494
2 0.3614479166666667 0.3291296296296296 0.01608333333333339 0.05837962962962959