1 0.08557291666666668 0.535787037037037 0.016994791666666665 0.08350925925925931
1 0.25796875 0.4023425925925926 0.036484375000000006 0.07465740740740741
1 0.39096354166666664 0.42569444444444443 0.019692708333333305 0.07242592592592595
1 0.44494791666666667 0.5059814814814815 0.023812500000000014 0.08619444444444442
1 0.4744114583333333 0.6882407407407407 0.023937500000000018 0.09703703703703699
1 0.46984375 0.34629629629629627 0.0160520833333333 0.06933333333333333
1 0.5538541666666668 0.3436296296296296 0.03017708333333336 0.06399074074074075
1 0.526890625 0.18683333333333332 0.015041666666666665 0.05737037037037035
1 0.5841927083333334 0.3062685185185185 0.02454166666666661 0.06044444444444442
1 0.6656666666666666 0.4292592592592593 0.016072916666666732 0.08623148148148148
1 0.6759270833333333 0.4386018518518518 0.016572916666666753 0.07822222222222219
1 0.7175208333333334 0.5057685185185186 0.02344791666666666 0.08799074074074072
1 0.6827395833333333 0.5702685185185185 0.03396354166666669 0.08174074074074071
1 0.7625624999999999 0.6525555555555556 0.0234375 0.09684259259259252
1 0.7885833333333333 0.8107962962962962 0.025437500000000075 0.09524074074074065
1 0.961234375 0.4116944444444444 0.020401041666666706 0.07333333333333338
2 0.09206249999999999 0.5664907407407407 0.024973958333333327 0.0848796296296297