1 0.627 0.48674999999999996 0.032601562500000014 0.09177777777777783
1 0.737953125 0.4176388888888889 0.027281250000000055 0.08044444444444439
1 0.9533125 0.5058333333333334 0.0298828125 0.1060972222222222
1 0.025484374999999997 0.4661388888888889 0.025859375000000007 0.09697222222222214
1 0.6089453125000001 0.352 0.031539062499999916 0.07334722222222226
1 0.644359375 0.3643472222222222 0.03515625 0.06830555555555552
1 0.7768671875 0.6634583333333334 0.03767968750000002 0.12419444444444439
1 0.497546875 0.3753055555555556 0.025999999999999978 0.06376388888888884
1 0.29410156249999997 0.3733888888888889 0.02951562499999998 0.07683333333333336
1 0.88225 0.5147083333333333 0.03282031250000017 0.10394444444444449
1 0.4592734375 0.8650694444444444 0.04753906249999993 0.15295833333333317
1 0.28800781249999996 0.46555555555555556 0.031734375 0.0909305555555556
1 0.47145312500000003 0.3809722222222222 0.021976562500000085 0.07718055555555559
1 0.15823437499999998 0.375875 0.020921875000000024 0.0663472222222222
2 0.4166953125 0.4546805555555556 0.0224609375 0.09213888888888894
1 0.6552421875000001 0.441375 0.029140624999999965 0.08533333333333325
1 0.42951562499999996 0.4375972222222222 0.012585937499999922 0.0834444444444445
1 0.4851953125 0.4124027777777778 0.007695312499999929 0.01236111111111108