2 0.050124999999999996 0.5593333333333333 0.0403828125 0.11831944444444452
1 0.776359375 0.4667916666666666 0.050851562500000023 0.05930555555555562
1 0.47387499999999994 0.5158888888888888 0.03049218749999998 0.10734722222222218
1 0.9772812500000001 0.49019444444444443 0.04543749999999989 0.0987638888888889
0 0.4894453125 0.42768055555555556 0.011671875000000043 0.013222222222222198
1 0.41839062499999996 0.5032916666666667 0.03199218750000003 0.09519444444444439
1 0.5126484375 0.3806111111111111 0.03863281250000004 0.08809722222222219
1 0.1721875 0.5508888888888889 0.03289843750000001 0.10723611111111116
1 0.38952343749999996 0.3624861111111111 0.02921874999999998 0.06519444444444449
1 0.2308671875 0.9494305555555556 0.0463828125 0.10112499999999992
1 0.1800234375 0.4304166666666666 0.034468750000000006 0.09829166666666664
1 0.14178125 0.3713472222222222 0.029429687500000013 0.07823611111111113
1 0.5603515625 0.5234027777777778 0.03277343750000004 0.10375000000000006
1 0.6345234375000001 0.3575416666666667 0.02179687500000007 0.07183333333333337
1 0.68521875 0.64775 0.04278906249999999 0.13262500000000002