2 0.49006249999999996 0.18919444444444444 0.03883593750000003 0.1290277777777778
1 0.8328984374999999 0.11794444444444445 0.04656249999999993 0.10147222222222223
1 0.0980703125 0.5045694444444445 0.0760703125 0.14238888888888887
1 0.3686171875 0.16097222222222224 0.04770312500000005 0.08930555555555557
1 0.4285859375 0.07351388888888888 0.026187499999999985 0.09848611111111111
1 0.4626015625 0.37995833333333334 0.0474609375 0.06718055555555556
1 0.3524375 0.4646111111111111 0.0430703125 0.1685416666666667
1 0.4416640625 0.4102638888888889 0.03546093750000008 0.1588055555555556
1 0.928734375 0.162375 0.03382812500000014 0.11512499999999998
1 0.032218750000000004 0.09994444444444443 0.034406250000000006 0.14397222222222222
0 0.6869531249999999 0.7750694444444444 0.021859375000000014 0.034874999999999864