1 0.599046875 0.645625 0.03205468749999998 0.1063055555555555
1 0.254734375 0.3561666666666667 0.02100781249999999 0.06361111111111109
1 0.45142187500000003 0.588375 0.034601562499999974 0.0986805555555555
1 0.10516406250000002 0.5250833333333333 0.036640624999999996 0.07861111111111115
1 0.21703125 0.4032361111111111 0.02491406249999999 0.07294444444444442
1 0.9242578124999999 0.5932222222222222 0.03301562500000017 0.10383333333333332
1 0.7181171875000001 0.3313333333333333 0.01646093749999995 0.06237499999999996
1 0.48231250000000003 0.30230555555555555 0.022648437500000007 0.056513888888888884
1 0.35855468749999997 0.36166666666666664 0.02192187499999996 0.06094444444444444
1 0.109765625 0.4473888888888889 0.02888281250000001 0.08084722222222228
1 0.0569921875 0.4930277777777778 0.026453124999999994 0.09473611111111116
1 0.2758203125 0.4303333333333333 0.02546875000000002 0.08030555555555563
1 0.3113828125 0.3204166666666666 0.01665625000000004 0.06280555555555559
1 0.4652890625 0.4265277777777778 0.01860937499999995 0.0706388888888889
1 0.2950546875 0.33868055555555554 0.020140624999999978 0.0645
1 0.1643046875 0.40944444444444444 0.022453125000000008 0.08155555555555559
1 0.4376953125 0.2521527777777778 0.012609375000000079 0.047319444444444435
2 0.451359375 0.4572083333333333 0.024031249999999994 0.08368055555555555
1 0.7225625 0.4020972222222222 0.02364062499999999 0.0728055555555555
1 0.303171875 0.5468333333333334 0.030109374999999973 0.09602777777777775
2 0.4362421875 0.2189444444444444 0.008960937500000021 0.03218055555555558
0 0.7073203125 0.4371111111111112 0.009093750000000077 0.016361111111111073