1 0.12880468750000001 0.627625 0.05914062499999999 0.08456944444444442
1 0.7641484375 0.41423611111111114 0.023734375000000085 0.0770972222222222
2 0.667484375 0.4449166666666666 0.02312499999999993 0.08695833333333335
1 0.5346796875 0.3053472222222222 0.020515624999999992 0.06666666666666667
1 0.8988203125 0.6229166666666667 0.0416015625 0.10830555555555559
1 0.5810234375000001 0.4693611111111111 0.02709375000000005 0.08834722222222224
1 0.300640625 0.6193611111111111 0.03256249999999996 0.10175
1 0.8340546874999999 0.5074166666666666 0.028828125000000072 0.09931944444444443
1 0.1965546875 0.5103888888888889 0.03384374999999999 0.09522222222222215
1 0.5997421875 0.27627777777777773 0.030000000000000072 0.059111111111111114
1 0.6052578125 0.2360833333333333 0.021640625000000035 0.05077777777777778
1 0.20789062500000002 0.22693055555555552 0.02078906250000001 0.043597222222222204
1 0.3771953125 0.645875 0.03069531249999997 0.10773611111111102
2 0.7115859375 0.12115277777777779 0.013492187499999985 0.03348611111111109