1 0.7626875 0.7782916666666667 0.07770312500000003 0.16924999999999993
1 0.448359375 0.4002361111111111 0.03336718750000003 0.09573611111111108
1 0.52253125 0.45591666666666664 0.03707812500000003 0.10936111111111112
1 0.43458593749999996 0.5520833333333334 0.060328125000000024 0.09673611111111108
1 0.96459375 0.449125 0.048539062500000084 0.10079166666666659
1 0.6143046875 0.43813888888888886 0.02692968750000002 0.12018055555555551
1 0.7391796875 0.408875 0.03189062499999995 0.11276388888888893
1 0.44778906249999995 0.4968888888888889 0.025085937499999923 0.07924999999999992
1 0.4170546875 0.487 0.031851562499999986 0.10218055555555547
2 0.7939140625000001 0.5974583333333333 0.06132031249999992 0.14583333333333334
1 0.554515625 0.7703749999999999 0.04081250000000001 0.15227777777777785
2 0.955140625 0.27081944444444445 0.04153906250000006 0.0737222222222222