1 0.42056250000000006 0.3609861111111111 0.0265625 0.07851388888888886
1 0.3578046875 0.5601388888888889 0.029250000000000043 0.11059722222222222
1 0.1096171875 0.5067777777777778 0.0394375 0.11194444444444447
1 0.9233359374999999 0.41220833333333334 0.0340703125000001 0.09118055555555553
1 0.3796640625 0.43998611111111113 0.0287109375 0.09388888888888892
1 0.44315625000000003 0.43894444444444447 0.023671874999999964 0.101375
2 0.43058593749999996 0.5136805555555556 0.03996875000000007 0.1180833333333333
1 0.2485703125 0.3994861111111111 0.03650000000000002 0.0893888888888889
1 0.726859375 0.321125 0.025125000000000064 0.08174999999999998
1 0.051703125 0.5185277777777777 0.030992187500000008 0.1097361111111111
1 0.20296875 0.4147638888888889 0.030789062499999974 0.10073611111111107
1 0.24435156249999998 0.5679583333333333 0.03617968749999996 0.11869444444444449
1 0.5055 0.7029305555555556 0.032937500000000064 0.1395972222222222
1 0.536515625 0.36368055555555556 0.029148437499999957 0.08591666666666668
1 0.7068828125 0.4859027777777778 0.026070312499999915 0.09519444444444439
1 0.299265625 0.365875 0.025875000000000002 0.0792916666666667
1 0.705515625 0.41655555555555557 0.024203125000000013 0.08519444444444449
1 0.7649921875000001 0.5077777777777778 0.03564843750000009 0.1060972222222222
2 0.42192968750000004 0.2616805555555555 0.016421874999999985 0.06636111111111115
0 0.8874140625000001 0.43931944444444443 0.010398437499999958 0.019124999999999975
1 0.798828125 0.9201388888888888 0.03515625 0.1597222222222222