1 0.66325 0.4414444444444444 0.03635937499999997 0.09752777777777781
1 0.8298671875 0.6243194444444444 0.047734374999999926 0.10177777777777774
2 0.2126875 0.3713194444444445 0.03481249999999998 0.09888888888888892
1 0.21467187499999998 0.22652777777777777 0.03116406249999999 0.08074999999999997
1 0.57228125 0.24383333333333335 0.02572656250000005 0.07566666666666669
1 0.672390625 0.3022638888888889 0.033085937499999926 0.08441666666666663
1 0.761203125 0.7282638888888889 0.048914062499999925 0.1331944444444445
1 0.21309375 0.705125 0.05444531250000002 0.14869444444444452
1 0.582328125 0.6560972222222222 0.06108593750000004 0.1205972222222222
1 0.5794453125000001 0.4124027777777778 0.04299218749999998 0.08924999999999998
1 0.0128046875 0.798625 0.025609375 0.1452499999999999
1 0.24070312500000002 0.28105555555555556 0.02923437499999997 0.0898611111111111
1 0.25477343750000003 0.5300833333333334 0.027445312499999996 0.12200000000000004
1 0.7105546875 0.59975 0.034218749999999964 0.10494444444444452
1 0.4098515625 0.4959444444444444 0.04089062499999998 0.11427777777777774
1 0.272359375 0.5007083333333333 0.019562499999999972 0.1065000000000001