1 0.4866484375 0.5084027777777778 0.04710156249999997 0.11099999999999995
1 0.3375390625 0.4664305555555555 0.032289062500000035 0.1161944444444444
1 0.353984375 0.8233472222222221 0.057015625000000014 0.150111111111111
1 0.1130859375 0.5519583333333333 0.03685156250000001 0.12126388888888898
1 0.378609375 0.45894444444444443 0.038999999999999965 0.11315277777777781
1 0.75159375 0.25704166666666667 0.03172656249999992 0.08286111111111107
1 0.3664375 0.68575 0.053414062500000005 0.12265277777777771
2 0.5295546875 0.3594583333333333 0.034890625000000064 0.09901388888888887
1 0.0550390625 0.3267361111111111 0.028984374999999996 0.09819444444444447
1 0.7717421875 0.6 0.04519531249999993 0.11901388888888896
1 0.19039843750000002 0.26209722222222226 0.027281250000000014 0.08766666666666667
1 0.7461640625 0.5496388888888889 0.03764062500000005 0.11031944444444454
1 0.1739609375 0.3422638888888889 0.029906250000000023 0.10636111111111113
1 0.5355624999999999 0.7231805555555556 0.05026562499999994 0.11312500000000006
0 0.44551562499999997 0.8642083333333334 0.028820312500000077 0.028944444444444332
2 0.69921875 0.027777777777777776 0.01875 0.05555555555555555
2 0.69803125 0.9631666666666667 0.047429687500000026 0.07366666666666662
1 0.5669765625000001 0.8184444444444444 0.06471093749999994 0.129388888888889
1 0.6748671875000001 0.30559722222222224 0.02364062499999999 0.10070833333333336