1 0.310125 0.7633472222222223 0.035789062500000045 0.11262499999999996
1 0.8576171875 0.514875 0.0428593750000001 0.07547222222222226
1 0.193578125 0.47979166666666667 0.029632812500000005 0.07598611111111116
1 0.2414921875 0.4671388888888889 0.024281250000000032 0.07520833333333331
1 0.34734375 0.6643333333333333 0.03667968750000004 0.0901666666666666
1 0.41728125 0.4558333333333333 0.022351562499999922 0.08212499999999999
1 0.1114375 0.30719444444444444 0.023296874999999995 0.055069444444444414
1 0.34671093750000004 0.5823055555555555 0.030625000000000034 0.08023611111111109
1 0.6511250000000001 0.35547222222222224 0.023179687500000056 0.06408333333333331
1 0.4278203125 0.39259722222222226 0.02300000000000004 0.07027777777777781
1 0.0488671875 0.44848611111111114 0.0234453125 0.0770416666666667
1 0.7156015625000001 0.4061527777777778 0.022937499999999923 0.07279166666666662
1 0.547984375 0.3209027777777778 0.019273437500000056 0.06718055555555556
1 0.5592109375 0.5083194444444444 0.024656249999999956 0.08179166666666665
0 0.81678125 0.5048888888888888 0.012757812499999943 0.016347222222222197
1 0.648765625 0.5432083333333334 0.041906250000000075 0.0837083333333333
1 0.6168828125 0.4167083333333333 0.024234374999999985 0.07534722222222222
1 0.9481484375000001 0.287625 0.026492187499999886 0.06273611111111113
1 0.3809765625 0.23655555555555555 0.015328125000000003 0.04618055555555556
1 0.32553125 0.2633333333333333 0.016359375000000044 0.04772222222222224
1 0.08199218750000001 0.33531944444444445 0.021875 0.06609722222222227
2 0.2963125 0.36540277777777774 0.02435156249999997 0.06655555555555553
1 0.039109375 0.4940277777777778 0.03339062500000001 0.07011111111111114
2 0.02790625 0.21058333333333334 0.014179687500000001 0.047666666666666656