1 0.104765625 0.8982916666666666 0.04525781250000001 0.1731944444444445
2 0.698109375 0.6653749999999999 0.046242187500000045 0.13645833333333326
1 0.487625 0.49406944444444445 0.032937500000000064 0.1103055555555555
1 0.3721875 0.3686527777777778 0.033906249999999985 0.08616666666666666
1 0.779203125 0.5033194444444444 0.039460937499999994 0.12137499999999998
1 0.6034921875 0.5067222222222222 0.0369140625 0.11087500000000006
1 0.3799765625 0.6249305555555555 0.04286718749999996 0.13113888888888883
1 0.6831953125 0.4098888888888889 0.022367187500000087 0.08874999999999997
1 0.38679687500000004 0.5104861111111111 0.03747656250000002 0.11018055555555561
1 0.46875 0.9548611111111112 0.0359375 0.09027777777777778
1 0.6678124999999999 0.4010694444444444 0.01796875 0.07723611111111113
0 0.6664921875 0.45288888888888884 0.012148437499999965 0.019708333333333408