2 0.784125 0.5385416666666667 0.03660937499999992 0.09351388888888895
1 0.441796875 0.8558055555555555 0.03599999999999994 0.12224999999999997
1 0.4688125 0.4504444444444444 0.026351562500000016 0.07620833333333334
1 0.7437734375 0.8025694444444444 0.04211718750000006 0.12376388888888876
1 0.9059140625 0.5507916666666667 0.034218750000000145 0.08545833333333329
1 0.64271875 0.46058333333333334 0.03539062499999997 0.03774999999999993
1 0.6182890624999999 0.39577777777777773 0.021804687500000065 0.06465277777777771
1 0.2889609375 0.4942222222222222 0.030171875000000004 0.07680555555555549
1 0.4135 0.416625 0.025375000000000016 0.06247222222222225
1 0.35281250000000003 0.44829166666666664 0.03150000000000004 0.07230555555555548
1 0.2201640625 0.5647083333333333 0.037015624999999996 0.08716666666666666
1 0.5648515625 0.3767361111111111 0.02527343749999993 0.062402777777777745
2 0.5718046875 0.3283055555555556 0.02274218749999992 0.039375000000000035
1 0.43528124999999995 0.4604722222222222 0.028445312500000063 0.061444444444444454
0 0.3996015625 0.4622361111111111 0.008429687499999972 0.014388888888888908