1 0.83125 0.4246388888888889 0.028492187499999842 0.0590138888888889
2 0.722546875 0.5090694444444444 0.021648437500000027 0.08223611111111116
1 0.45093750000000005 0.5250833333333333 0.023984375000000037 0.07395833333333333
1 0.52853125 0.7360555555555556 0.03503124999999994 0.10268055555555565
1 0.2774375 0.7873194444444445 0.039382812499999975 0.11641666666666659
1 0.36232031249999996 0.3916944444444444 0.026406249999999964 0.06356944444444441
1 0.7224375000000001 0.4103472222222222 0.024679687499999936 0.059375
1 0.386203125 0.43947222222222226 0.02168749999999999 0.06858333333333333
1 0.072984375 0.5812638888888889 0.025296874999999996 0.09151388888888887
1 0.8927578125 0.4705833333333333 0.025039062500000143 0.06984722222222217
1 0.6643828125 0.39516666666666667 0.020023437500000085 0.05990277777777777
1 0.40991406250000006 0.4900277777777778 0.020781249999999973 0.07527777777777785
1 0.5429296875 0.34973611111111114 0.016710937500000078 0.05773611111111114
1 0.09131249999999999 0.46145833333333336 0.02491406249999999 0.07779166666666665
1 0.8900546874999999 0.5091944444444445 0.025687500000000085 0.07730555555555552
1 0.9321796875 0.8362777777777778 0.03171874999999993 0.12365277777777774
2 0.4718359375 0.30495833333333333 0.00982031249999995 0.04618055555555556
0 0.372421875 0.4185972222222222 0.005835937500000022 0.010958333333333315