1 0.754046875 0.5130833333333333 0.037734374999999966 0.08922222222222223
1 0.7646171875000001 0.30333333333333334 0.025257812499999942 0.07093055555555555
1 0.5311874999999999 0.634888888888889 0.04852343749999992 0.11620833333333327
2 0.8266875 0.3834027777777778 0.04247656249999991 0.08654166666666671
1 0.15934375 0.7241111111111111 0.03811718750000002 0.1304722222222223
1 0.49519531250000004 0.34825 0.0240234375 0.07631944444444447
1 0.7257265625 0.20923611111111112 0.025296875000000087 0.05672222222222219
1 0.7057109374999999 0.5345555555555556 0.03688281250000003 0.1051666666666667
1 0.6551875 0.24279166666666668 0.02935156249999995 0.06594444444444447
1 0.4390546875 0.34194444444444444 0.034804687499999966 0.07411111111111113
1 0.0413125 0.2538333333333333 0.021835937500000003 0.06234722222222221
1 0.8663515625 0.30741666666666667 0.0216796875 0.06984722222222225
1 0.6189453125 0.4252916666666666 0.032960937500000044 0.08580555555555552
1 0.15757812499999999 0.6351666666666667 0.03207031250000001 0.07580555555555561
0 0.136546875 0.7625694444444444 0.01436718749999999 0.025486111111110984
2 0.6867890625 0.12445833333333334 0.01564843749999998 0.042708333333333334