1 0.238265625 0.46529166666666666 0.041437499999999974 0.08644444444444446
1 0.7075859375 0.47925 0.029250000000000043 0.10463888888888893
2 0.80259375 0.6152638888888889 0.03068750000000007 0.1338611111111111
1 0.55078125 0.5018055555555556 0.02561718749999997 0.10140277777777776
1 0.65 0.5372083333333334 0.021499999999999984 0.11762499999999992
1 0.3422734375 0.5305972222222222 0.044187499999999956 0.09243055555555549
1 0.6208984375 0.4075972222222223 0.030320312499999957 0.09848611111111107
1 0.42419531250000003 0.48527777777777775 0.025898437500000072 0.1071805555555555
1 0.843609375 0.3891527777777778 0.030414062499999873 0.09312499999999997
1 0.6850078125 0.6441805555555555 0.03908593749999998 0.13362500000000005
1 0.28828906249999997 0.53875 0.03033593750000003 0.10469444444444444
1 0.5057031249999999 0.6586944444444445 0.04586718750000003 0.11965277777777783
1 0.8727421874999999 0.3438472222222222 0.02778124999999996 0.08647222222222221
1 0.2673984375 0.5425277777777778 0.030882812499999978 0.11076388888888888
1 0.68453125 0.41079166666666667 0.023148437500000084 0.09770833333333337
1 0.4485625 0.48331944444444447 0.02352343749999992 0.10909722222222216
2 0.8612343750000001 0.2798611111111111 0.019984374999999943 0.07993055555555557