1 0.37582031250000003 0.43533333333333335 0.026632812500000026 0.0889444444444444
1 0.3273984375 0.4674166666666667 0.022609375000000043 0.08883333333333339
1 0.1610390625 0.7530972222222222 0.035859374999999985 0.14141666666666658
1 0.1860703125 0.5362916666666666 0.030414062500000005 0.10170833333333336
1 0.20884375 0.4263194444444444 0.02852343749999999 0.07836111111111105
1 0.574484375 0.5533333333333333 0.03458593749999998 0.10424999999999993
1 0.3338359375 0.41112499999999996 0.03323437499999997 0.06512499999999997
1 0.01328125 0.47291666666666665 0.0265625 0.09861111111111111
1 0.7218828125 0.6197222222222222 0.028046875000000072 0.11894444444444442
1 0.2485859375 0.5147916666666666 0.03932031250000003 0.10363888888888889
1 0.6718046875 0.4538333333333333 0.03284374999999997 0.05016666666666667
1 0.47843749999999996 0.4519722222222222 0.02497656250000002 0.09436111111111103
1 0.32239062500000004 0.6295833333333334 0.02533593749999996 0.12013888888888889
1 0.302359375 0.5822638888888889 0.06034375000000001 0.03022222222222221