1 0.8718828125 0.38204166666666667 0.020679687499999842 0.08366666666666668
1 0.035898437500000005 0.5830833333333333 0.03259375 0.11501388888888897
1 0.20100781250000002 0.4755555555555555 0.02658593749999998 0.08940277777777779
1 0.6070546875 0.4252916666666666 0.02485156249999996 0.07968055555555556
1 0.1668984375 0.4881527777777778 0.028179687499999995 0.0994305555555556
1 0.612359375 0.3668194444444445 0.024929687500000065 0.07275
1 0.2753515625 0.6070416666666667 0.029593749999999995 0.11173611111111117
2 0.5452109375 0.5465833333333333 0.030320312499999957 0.10805555555555549
1 0.451390625 0.46369444444444446 0.029062500000000036 0.09463888888888887
1 0.40254687499999997 0.5734583333333333 0.028281250000000036 0.10512500000000008
1 0.21669531250000001 0.4440555555555556 0.02804687499999998 0.09248611111111116
1 0.439953125 0.346625 0.022734374999999928 0.07461111111111116
1 0.6393359375000001 0.2850972222222222 0.02082031250000007 0.061166666666666696
1 0.6941953125 0.7204166666666667 0.032578125000000034 0.14005555555555552
1 0.47280468750000004 0.3923194444444445 0.01847656250000007 0.078125
1 0.5189921875 0.38343055555555555 0.021960937499999923 0.0877083333333333
1 0.683390625 0.4052777777777778 0.021593750000000078 0.07279166666666662
1 0.0116875 0.5563194444444445 0.023367187499999997 0.09908333333333338
1 0.4599375 0.41380555555555554 0.01640625 0.07294444444444442
2 0.5810625 0.25345833333333334 0.014382812500000064 0.06387500000000002
0 0.6686640625 0.4101666666666667 0.007890624999999929 0.013555555555555543