1 0.8436640625 0.5179861111111111 0.02268749999999997 0.09727777777777773
1 0.6251875 0.4577361111111111 0.02323437500000001 0.07715277777777771
1 0.3066953125 0.5929166666666666 0.025062500000000033 0.10097222222222228
1 0.26065625 0.6107916666666666 0.027710937500000022 0.10120833333333334
1 0.4803125 0.5010138888888889 0.024679687499999936 0.07954166666666664
1 0.5209921875 0.5592083333333333 0.027945312499999986 0.08258333333333338
1 0.1396484375 0.6507361111111111 0.02400000000000002 0.10183333333333325
1 0.22040625 0.6077777777777779 0.031101562499999957 0.09227777777777785
2 0.5453125 0.6801388888888888 0.03242968749999999 0.11508333333333336
1 0.507421875 0.6429444444444444 0.02938281249999992 0.11472222222222225
1 0.37728125 0.5425972222222223 0.017976562499999994 0.09737500000000002
1 0.35046875 0.5570694444444444 0.020500000000000008 0.08769444444444442
1 0.3333515625 0.5613888888888888 0.02017187500000004 0.09430555555555552
1 0.94015625 0.6219444444444444 0.030835937499999844 0.11804166666666668
1 0.28600781249999996 0.5861111111111111 0.02427343750000004 0.0965138888888889
1 0.875875 0.44397222222222227 0.038687499999999986 0.06712500000000006
1 0.20032812500000002 0.5157222222222222 0.02639062499999998 0.08763888888888892
1 0.15814843750000002 0.6473333333333333 0.019710937500000015 0.10229166666666664
1 0.36209375 0.5380694444444445 0.015234375 0.08498611111111103
0 0.8499921875 0.47075 0.0092656250000001 0.015958333333333345
2 0.7636406250000001 0.3557638888888889 0.019046875000000085 0.06383333333333334