1 0.9666666666666667 0.491824074074074 0.03926041666666672 0.08042592592592589
1 0.2021875 0.5362592592592592 0.026442708333333325 0.0794629629629629
1 0.42705729166666667 0.27678703703703705 0.021546874999999945 0.05266666666666666
1 0.595984375 0.5715092592592593 0.03455208333333341 0.08691666666666656
1 0.5726093750000001 0.33648148148148144 0.027218750000000114 0.06527777777777778
1 0.8831458333333334 0.3078796296296296 0.03129687500000008 0.07062037037037035
1 0.643375 0.5701018518518519 0.024609375 0.08917592592592588
1 0.7425520833333333 0.3456018518518518 0.015593750000000028 0.07100000000000006
1 0.6602604166666667 0.19972222222222222 0.02477604166666675 0.052083333333333336
1 0.7439947916666667 0.4219814814814815 0.0250729166666666 0.07110185185185182
1 0.22640625 0.397537037037037 0.02236979166666669 0.06881481481481486
1 0.59965625 0.2673611111111111 0.023171874999999887 0.06288888888888888
1 0.2575572916666667 0.4557314814814815 0.025682291666666638 0.07641666666666669
1 0.5633125 0.4135740740740741 0.023046875 0.0713888888888889
1 0.30245312500000004 0.31722222222222224 0.021359374999999996 0.0599166666666667
1 0.38021354166666665 0.26587962962962963 0.02095833333333334 0.05237037037037032
2 0.5443593750000001 0.4665833333333334 0.025984374999999994 0.07643518518518519
1 0.8894791666666666 0.4572777777777778 0.026312499999999992 0.07187962962962957
2 0.32397916666666665 0.1450462962962963 0.016291666666666652 0.047759259259259244
1 0.7320156250000001 0.3439537037037037 0.01353125000000001 0.05865740740740743
0 0.43109895833333334 0.2974907407407408 0.008072916666666667 0.012268518518518519
1 0.965109375 0.9341296296296298 0.0321041666666666 0.12115740740740742