2 0.910984375 0.6338055555555555 0.024505208333333427 0.0912407407407407
1 0.3782916666666667 0.49761111111111106 0.025895833333333347 0.08578703703703706
1 0.7508750000000001 0.5969722222222222 0.0254635416666666 0.09697222222222224
1 0.6021666666666667 0.39243518518518516 0.02584895833333339 0.07637962962962964
1 0.33153125 0.5246203703703703 0.0372708333333333 0.081287037037037
1 0.49834375000000003 0.3244444444444444 0.020192708333333323 0.07008333333333339
1 0.7491666666666668 0.28930555555555554 0.02393229166666657 0.06987962962962965
1 0.47894270833333336 0.43590740740740735 0.02280208333333332 0.07561111111111109
1 0.9347604166666666 0.3894907407407407 0.028781250000000112 0.07546296296296297
1 0.8287604166666667 0.6556296296296297 0.03301041666666672 0.08241666666666665
1 0.4813125 0.5706666666666668 0.031916666666666656 0.08774999999999998
1 0.9051354166666666 0.22824074074074074 0.02464583333333342 0.0564074074074074
1 0.9668802083333333 0.382212962962963 0.024614583333333447 0.07849074074074072
1 0.8135416666666667 0.49070370370370375 0.023395833333333373 0.07948148148148146
1 0.3183020833333333 0.429 0.021458333333333357 0.0882962962962963
1 0.7438020833333333 0.38560185185185186 0.022213541666666715 0.07958333333333338
2 0.454515625 0.1278425925925926 0.015218750000000014 0.05279629629629629
0 0.452171875 0.6019537037037037 0.011062500000000005 0.018453703703703764
1 0.7978645833333334 0.4709537037037037 0.01629166666666677 0.0757685185185185