1 0.48265104166666667 0.5078055555555555 0.025125000000000005 0.08249074074074071
1 0.462703125 0.46225 0.027265624999999953 0.07624074074074072
1 0.33775 0.3915 0.03181770833333329 0.0687685185185185
1 0.767296875 0.41118518518518515 0.02902083333333323 0.08286111111111112
1 0.632203125 0.5801111111111111 0.02599479166666659 0.09438888888888894
2 0.24130208333333333 0.3412962962962963 0.025312500000000012 0.059953703703703703
1 0.4996145833333333 0.2828981481481481 0.021651041666666634 0.06365740740740741
1 0.4233385416666666 0.39041666666666663 0.025229166666666695 0.07557407407407409
1 0.5976927083333333 0.6530092592592592 0.03834895833333339 0.09599074074074081
1 0.36986979166666667 0.32401851851851854 0.02272395833333339 0.06373148148148151
1 0.4321354166666667 0.3557314814814815 0.02563541666666668 0.06517592592592591
1 0.346390625 0.35283333333333333 0.03382812500000002 0.06883333333333336
1 0.283078125 0.6752407407407407 0.025786458333333328 0.09347222222222226
1 0.16940104166666667 0.5858148148148148 0.024770833333333304 0.090388888888889
1 0.05333333333333334 0.34199074074074076 0.021218750000000005 0.0753796296296296
1 0.415328125 0.644888888888889 0.025296874999999965 0.09260185185185184
1 0.08280729166666667 0.4056018518518519 0.030166666666666675 0.07209259259259261
0 0.5881927083333333 0.6923055555555556 0.012807291666666743 0.021601851851851785