1 0.7246458333333333 0.5450277777777778 0.02735416666666666 0.0900833333333333
1 0.507734375 0.42537962962962966 0.02375520833333328 0.07368518518518523
1 0.408734375 0.48715740740740743 0.022614583333333372 0.07410185185185182
1 0.6265052083333333 0.26735185185185184 0.018265625000000084 0.052037037037037076
1 0.53825 0.2077314814814815 0.020567708333333278 0.05338888888888891
1 0.4421875 0.2885462962962963 0.01934895833333338 0.0573333333333333
2 0.5777864583333333 0.3690185185185185 0.02268229166666676 0.07094444444444445
2 0.47794791666666664 0.5104629629629629 0.028177083333333287 0.08210185185185187
1 0.70415625 0.4153888888888889 0.022020833333333437 0.08002777777777784
1 0.5045989583333333 0.3623703703703704 0.01921875000000005 0.06475925925925931
1 0.6904270833333332 0.35225 0.022380208333333228 0.06981481481481479
1 0.3016510416666666 0.1879722222222222 0.015453125000000038 0.05775925925925925
1 0.10638541666666666 0.45946296296296296 0.017604166666666674 0.08226851851851849
1 0.42035937500000004 0.4397037037037037 0.015395833333333305 0.0790925925925926
1 0.372859375 0.3613240740740741 0.015296874999999942 0.07293518518518517
1 0.5795781249999999 0.8901944444444444 0.02430208333333326 0.11326851851851845
1 0.04427604166666667 0.34240740740740744 0.01716145833333334 0.07094444444444445
2 0.14951041666666667 0.14074074074074075 0.016020833333333328 0.04739814814814815
1 0.36592708333333335 0.32685185185185184 0.015286458333333286 0.06165740740740744