1 0.936546875 0.5701944444444444 0.026656249999999916 0.08530555555555566
1 0.485234375 0.46131481481481484 0.027572916666666693 0.0804444444444445
1 0.3021614583333333 0.3889814814814815 0.02390625000000005 0.06794444444444445
1 0.8335572916666667 0.2823240740740741 0.02316145833333323 0.06830555555555554
1 0.8306145833333333 0.3657777777777778 0.018234375000000115 0.07554629629629632
1 0.42367708333333337 0.4908055555555556 0.02290104166666668 0.08549999999999998
1 0.734859375 0.2059814814814815 0.020874999999999963 0.059972222222222205
1 0.5047343750000001 0.3145277777777778 0.024588541666666686 0.06468518518518519
1 0.46655729166666665 0.3481203703703704 0.023781250000000042 0.0753240740740741
1 0.7163072916666666 0.4102962962962963 0.027312500000000028 0.07512962962962962
1 0.39611979166666667 0.6079537037037037 0.025328125000000055 0.06878703703703701
1 0.9600937500000001 0.3761759259259259 0.022177083333333295 0.07224074074074073
1 0.87990625 0.6941388888888889 0.02801562499999998 0.0954814814814816
1 0.32194791666666667 0.7252407407407407 0.03734375000000002 0.10245370370370378
1 0.4868854166666667 0.35108333333333336 0.02101562499999995 0.07392592592592595
2 0.4859322916666667 0.12282407407407409 0.018197916666666696 0.038657407407407404
1 0.814015625 0.5147222222222222 0.032229166666666725 0.0845833333333333