1 0.3513854166666667 0.6288888888888889 0.03143229166666662 0.08662962962962958
1 0.5134114583333333 0.6073703703703704 0.02763020833333331 0.07674074074074085
2 0.8823541666666667 0.6325555555555555 0.02940625000000002 0.09723148148148147
1 0.5293437500000001 0.5529166666666666 0.031010416666666707 0.07178703703703701
1 0.5247708333333333 0.421212962962963 0.02518750000000001 0.08385185185185191
1 0.542828125 0.6956203703703704 0.02877083333333328 0.09692592592592598
1 0.39421875 0.5408518518518518 0.0269895833333333 0.08475925925925923
1 0.6442552083333334 0.306037037037037 0.016583333333333408 0.07226851851851848
1 0.30541145833333333 0.42153703703703704 0.026114583333333385 0.06355555555555555
1 0.7616041666666666 0.43853703703703706 0.022781249999999885 0.07951851851851846
1 0.7091822916666667 0.2259074074074074 0.022406249999999992 0.06092592592592594
1 0.7776927083333334 0.588324074074074 0.02421875 0.09860185185185186
1 0.7580260416666668 0.3721111111111111 0.022890624999999904 0.07406481481481482
1 0.4268645833333334 0.3376574074074074 0.02951041666666671 0.06422222222222224
1 0.46234895833333334 0.4335462962962963 0.017484374999999965 0.06849074074074077
1 0.9453645833333333 0.5503611111111111 0.027520833333333408 0.08982407407407407
1 0.21310416666666668 0.6194999999999999 0.030281249999999992 0.09478703703703693
1 0.43322916666666667 0.39238888888888884 0.021505208333333314 0.05392592592592593
1 0.9950520833333333 0.4736111111111111 0.009895833333333333 0.0824074074074074
1 0.44767708333333334 0.41594444444444445 0.022093750000000037 0.07215740740740746
2 0.43603125 0.12415740740740741 0.016973958333333292 0.04731481481481482