1 0.054192708333333325 0.4457962962962963 0.03128125 0.08225000000000003
1 0.5095885416666667 0.5269351851851852 0.04375520833333333 0.08729629629629627
1 0.46485937499999996 0.387712962962963 0.030994791666666664 0.07500925925925925
1 0.11302604166666666 0.5410648148148148 0.031447916666666666 0.08322222222222211
1 0.24064583333333334 0.3916851851851852 0.03465104166666665 0.06385185185185188
1 0.18603645833333332 0.40394444444444444 0.03389062500000003 0.0705555555555556
1 0.4831197916666667 0.27608333333333335 0.023776041666666713 0.06278703703703709
1 0.23036458333333334 0.2980092592592593 0.028317708333333337 0.06437037037037036
1 0.26859375 0.3258611111111111 0.02418229166666667 0.06704629629629627
1 0.17804166666666665 0.31049074074074073 0.026937500000000014 0.06634259259259258
1 0.3085104166666667 0.2509074074074074 0.02450520833333331 0.056953703703703694
1 0.46965625 0.2176851851851852 0.01846875000000002 0.05405555555555558
1 0.17371354166666667 0.1763611111111111 0.02407812500000001 0.05241666666666668
0 0.5303072916666667 0.24791666666666667 0.006197916666666714 0.014638888888888838