1 0.40501041666666665 0.5623888888888889 0.030807291666666715 0.08332407407407408
1 0.2603020833333333 0.7428148148148148 0.04272395833333332 0.0919814814814814
1 0.6981770833333333 0.6552407407407407 0.03857812500000009 0.09146296296296294
2 0.7085 0.561037037037037 0.02151041666666676 0.07599074074074068
1 0.7109583333333334 0.29539814814814813 0.021250000000000095 0.06183333333333331
1 0.3133854166666667 0.49141666666666667 0.04301562499999996 0.0820092592592592
1 0.5202447916666667 0.34797222222222224 0.023364583333333282 0.07482407407407413
1 0.8588020833333334 0.4717962962962963 0.02404166666666659 0.07603703703703704
1 0.7549843749999999 0.7263148148148147 0.02571354166666661 0.10210185185185183
1 0.656140625 0.246 0.022947916666666637 0.06114814814814814
1 0.4000677083333333 0.23636111111111113 0.020729166666666642 0.06049999999999998
1 0.783984375 0.4441851851851852 0.024171874999999923 0.08181481481481477
1 0.327296875 0.38868518518518513 0.030052083333333358 0.07960185185185188
1 0.8930052083333333 0.2728611111111111 0.021317708333333248 0.06316666666666669
1 0.00865625 0.4136111111111111 0.0173125 0.07560185185185184
1 0.7069583333333332 0.49658333333333327 0.02294270833333343 0.0819907407407407
1 0.053682291666666666 0.5910462962962963 0.04290104166666667 0.0938425925925925
1 0.46325000000000005 0.5117685185185186 0.021140624999999958 0.08035185185185183
0 0.49484375 0.49840740740740735 0.007651041666666695 0.01721296296296289
2 0.22749479166666667 0.12813888888888889 0.02105729166666664 0.04562037037037037