1 0.37784375000000003 0.34778703703703706 0.03553645833333334 0.0602962962962963
1 0.35934375 0.5443796296296296 0.02556770833333329 0.08026851851851857
1 0.5105572916666666 0.31399074074074074 0.025979166666666723 0.05829629629629633
1 0.7703541666666667 0.4981574074074074 0.027223958333333322 0.07577777777777775
1 0.13902604166666668 0.35291666666666666 0.03230208333333332 0.05765740740740739
1 0.08247916666666667 0.4411203703703704 0.024869791666666665 0.06728703703703699
1 0.054203125 0.4397962962962963 0.02335416666666667 0.07409259259259257
1 0.7286874999999999 0.2739074074074074 0.019624999999999913 0.057370370370370405
1 0.5536458333333333 0.3205462962962963 0.025437500000000075 0.060111111111111074
1 0.3397395833333333 0.4571574074074074 0.021984375000000018 0.07238888888888895
1 0.2877604166666667 0.3633981481481482 0.0284791666666667 0.06207407407407404
1 0.45455208333333336 0.2470185185185185 0.01867708333333328 0.05866666666666668
1 0.3439166666666667 0.19116666666666668 0.017510416666666608 0.04734259259259259
1 0.6043385416666667 0.38881481481481484 0.022812500000000093 0.0665277777777778
1 0.34376562499999996 0.9086944444444445 0.05215625000000005 0.10866666666666658
2 0.483015625 0.4706018518518518 0.017411458333333366 0.0776018518518518
1 0.43163541666666666 0.3249351851851852 0.02527604166666665 0.0658425925925926
1 0.6087604166666666 0.4570925925925926 0.021770833333333427 0.07461111111111116
1 0.0069635416666666665 0.5873055555555555 0.013776041666666666 0.07561111111111118
1 0.2813697916666667 0.3921851851851852 0.014973958333333334 0.06283333333333335
1 0.6469479166666667 0.43825925925925924 0.02575000000000003 0.06320370370370369
2 0.21958333333333335 0.1461111111111111 0.01616666666666665 0.0466851851851852
0 0.5763333333333333 0.481462962962963 0.009848958333333258 0.016898148148148148