1 0.5429635416666667 0.5943425925925926 0.04343229166666666 0.09123148148148146
1 0.4158072916666667 0.5735092592592592 0.03761979166666667 0.08859259259259265
1 0.16979166666666667 0.40262037037037035 0.023953125000000006 0.0738240740740741
1 0.45833854166666665 0.25925000000000004 0.021041666666666715 0.057351851851851876
1 0.8099739583333334 0.3059722222222222 0.027671875000000058 0.07125000000000004
1 0.056 0.3250185185185185 0.02632291666666666 0.06182407407407406
1 0.887625 0.6982777777777778 0.0504635416666666 0.10144444444444439
1 0.20609895833333333 0.23603703703703702 0.015354166666666676 0.06037037037037036
1 0.5012239583333333 0.4101018518518519 0.020984374999999982 0.07556481481481482
2 0.4774791666666667 0.33475925925925926 0.026114583333333385 0.06934259259259258
1 0.6343020833333333 0.2408611111111111 0.028041666666666742 0.06087962962962963
1 0.44199479166666666 0.30374074074074076 0.02716666666666671 0.06473148148148145
1 0.6523749999999999 0.4697037037037037 0.02357291666666678 0.08344444444444439
1 0.3530833333333333 0.3073425925925926 0.018588541666666694 0.06072222222222226
1 0.6026927083333333 0.28824074074074074 0.016208333333333276 0.06724074074074074
1 0.48320833333333335 0.42568518518518517 0.023776041666666713 0.07777777777777778
1 0.6768177083333333 0.46529629629629626 0.020718750000000105 0.08427777777777776
2 0.05720833333333333 0.14881481481481482 0.017682291666666662 0.05596296296296296
1 0.5900104166666666 0.30427777777777776 0.01576041666666678 0.061990740740740784
1 0.35388020833333333 0.27593518518518517 0.01939062500000001 0.05648148148148148