1 0.70221875 0.34147222222222223 0.02261979166666658 0.05489814814814811
1 0.37538020833333335 0.40166666666666667 0.02495833333333337 0.07083333333333333
1 0.360796875 0.27624074074074073 0.022291666666666644 0.05521296296296296
1 0.4650625 0.30324999999999996 0.025776041666666673 0.059574074074074106
1 0.33040625 0.3617037037037037 0.02603645833333334 0.06165740740740744
1 0.630859375 0.3673425925925926 0.02169270833333338 0.0764259259259259
1 0.5749166666666666 0.4991759259259259 0.02822395833333336 0.07416666666666663
1 0.320875 0.32537962962962963 0.02258854166666661 0.06764814814814821
1 0.380453125 0.5312314814814815 0.027906249999999962 0.08199999999999995
1 0.6589322916666667 0.20229629629629628 0.026432291666666666 0.056000000000000015
1 0.8389895833333333 0.2637407407407407 0.022307291666666628 0.06345370370370368
1 0.9171770833333334 0.46167592592592593 0.02397916666666665 0.08087037037037034
1 0.5897135416666667 0.31733333333333336 0.01516666666666661 0.06156481481481482
1 0.5051197916666667 0.25540740740740736 0.01885416666666669 0.05279629629629628
2 0.86903125 0.3511296296296297 0.017401041666666592 0.07204629629629625
2 0.391984375 0.14633333333333332 0.01825520833333331 0.0481388888888889
1 0.4923645833333333 0.3920185185185185 0.023072916666666644 0.07000000000000002
1 0.8114218750000001 0.4335925925925926 0.02600520833333325 0.07700925925925922
1 0.6907864583333333 0.2475 0.014744791666666639 0.05340740740740739
1 0.5933489583333333 0.5655185185185185 0.030411458333333266 0.07730555555555556
1 0.5751927083333332 0.31780555555555556 0.018593749999999905 0.0625185185185185
0 0.4457291666666666 0.3053796296296296 0.008124999999999953 0.01330555555555556