1 0.477828125 0.4888333333333334 0.03271874999999997 0.091537037037037
1 0.5779322916666667 0.4827685185185185 0.038395833333333226 0.07736111111111107
1 0.5325260416666667 0.41862037037037036 0.03201562499999996 0.0883333333333333
1 0.10212500000000001 0.23114814814814813 0.028828125000000013 0.05244444444444443
1 0.6278906249999999 0.3900462962962963 0.028354166666666694 0.0768240740740741
1 0.039343750000000004 0.4132037037037037 0.028848958333333338 0.08003703703703709
1 0.20100520833333332 0.5705833333333333 0.025843750000000002 0.09417592592592595
1 0.317234375 0.42567592592592596 0.027119791666666632 0.0778703703703704
1 0.5043489583333334 0.34485185185185185 0.02136979166666665 0.07628703703703703
1 0.44474479166666664 0.6082592592592592 0.034812499999999955 0.0841944444444445
1 0.021062499999999998 0.32019444444444445 0.023072916666666665 0.07583333333333331
1 0.338390625 0.2527037037037037 0.018661458333333294 0.06805555555555555
1 0.285109375 0.3340925925925926 0.022151041666666652 0.07446296296296293
1 0.48578125 0.33389814814814817 0.02116145833333339 0.05950925925925924
1 0.23667708333333334 0.32751851851851854 0.020328124999999985 0.07312962962962964
2 0.10909895833333333 0.28906481481481483 0.020046875000000006 0.06847222222222227
1 0.511515625 0.3055462962962963 0.021869791666666673 0.05851851851851856
1 0.3081614583333333 0.4211481481481481 0.03211458333333338 0.07957407407407402