1 0.7563177083333333 0.44483333333333336 0.021505208333333314 0.08021296296296296
1 0.8226145833333334 0.560212962962963 0.02606770833333343 0.08642592592592585
1 0.048265625 0.28284259259259265 0.019963541666666675 0.06902777777777773
1 0.7418333333333333 0.27675925925925926 0.020140625000000037 0.06187037037037031
1 0.46734375 0.7054259259259259 0.024843750000000022 0.09913888888888883
1 0.15575520833333334 0.323212962962963 0.019999999999999987 0.07050925925925924
1 0.8927760416666667 0.2791018518518519 0.019760416666666693 0.06226851851851852
1 0.5326979166666667 0.26851851851851855 0.017697916666666678 0.06324074074074072
2 0.12086979166666666 0.14426851851851852 0.017609375 0.04882407407407409
1 0.7515208333333334 0.3506666666666667 0.02010416666666662 0.06703703703703702
1 0.5336145833333333 0.5697222222222221 0.02158854166666663 0.08551851851851842
1 0.9542760416666667 0.34902777777777777 0.021937499999999943 0.07777777777777778
1 0.4842708333333333 0.22992592592592592 0.020927083333333367 0.059833333333333336
1 0.5065833333333333 0.3978148148148148 0.023072916666666644 0.07232407407407408
1 0.0955625 0.48891666666666667 0.025630208333333324 0.08027777777777782
1 0.28082812500000004 0.3917407407407407 0.020114583333333276 0.07705555555555559
2 0.41006250000000005 0.32389814814814816 0.01771874999999999 0.06609259259259259
1 0.20617708333333334 0.16237962962962962 0.018713541666666642 0.05405555555555555
0 0.5 0.4194814814814815 0.008249999999999957 0.01573148148148149