1 0.6480234375 0.33768055555555554 0.021914062499999963 0.103875
1 0.3265 0.10561111111111111 0.025578125000000007 0.07158333333333332
1 0.267765625 0.5899166666666666 0.03764843750000004 0.11411111111111107
1 0.2708671875 0.22281944444444446 0.028187500000000032 0.07356944444444448
1 0.5821562499999999 0.22766666666666666 0.023062499999999986 0.08659722222222226
1 0.7526953125 0.20198611111111112 0.021835937500000034 0.08433333333333336
1 0.4119453125 0.1797361111111111 0.027210937499999987 0.07805555555555554
1 0.475203125 0.3149444444444444 0.026234374999999942 0.08922222222222223
1 0.3827109375 0.16972222222222222 0.022117187499999958 0.0781527777777778
2 0.49489062500000003 0.20325000000000001 0.024710937500000085 0.075875
1 0.091390625 0.11047222222222224 0.017703124999999997 0.0766388888888889
1 0.7216328125 0.18934722222222225 0.026296875000000063 0.06965277777777777
1 0.5236953125 0.27773611111111113 0.03277343750000004 0.0836111111111111
1 0.4696953125 0.20729166666666668 0.023046875 0.0766388888888889
1 0.16815625 0.10054166666666667 0.015453124999999979 0.07213888888888889
1 0.702953125 0.131625 0.02265625 0.06815277777777777
1 0.34778125000000004 0.2678333333333333 0.027734375 0.08563888888888892
1 0.5548437500000001 0.10470833333333333 0.015023437500000014 0.04148611111111112
1 0.7324843750000001 0.2605277777777778 0.0294921875 0.09227777777777778