1 0.67746875 0.36830555555555555 0.04014843750000008 0.06837500000000002
1 0.286265625 0.6634861111111111 0.03420312499999998 0.12451388888888885
1 0.0298359375 0.3509305555555555 0.038101562500000005 0.09552777777777782
1 0.67784375 0.5104722222222222 0.03828125 0.08958333333333333
1 0.4232890625 0.3796666666666667 0.030992187500000056 0.08125
1 0.36682031249999997 0.36420833333333336 0.046187500000000006 0.08523611111111112
1 0.4038984375 0.4603611111111111 0.03287499999999999 0.10472222222222219
2 0.08515625 0.4194305555555556 0.040773437499999995 0.09106944444444436
1 0.6177578125000001 0.49951388888888887 0.03228124999999995 0.09470833333333341
1 0.145796875 0.33468055555555554 0.031851562499999986 0.08998611111111114
1 0.5607578125 0.46344444444444444 0.035890625000000044 0.10363888888888889
1 0.202390625 0.5421944444444444 0.03598437500000003 0.11752777777777779