1 0.1577578125 0.49974999999999997 0.04796093749999999 0.1257222222222222
2 0.6838046875 0.5028888888888888 0.047273437499999994 0.14097222222222222
1 0.774703125 0.33984722222222224 0.03881250000000005 0.1159861111111111
1 0.7174765625 0.2538333333333333 0.03377343750000002 0.1056388888888889
1 0.873234375 0.37937499999999996 0.031046874999999828 0.12100000000000001
1 0.4661328125 0.5762222222222222 0.06211718749999999 0.12861111111111115
2 0.5397031250000001 0.196375 0.05085156249999993 0.08702777777777776
1 0.6083984375 0.5185555555555555 0.04266406249999992 0.13191666666666668
1 0.40579687499999995 0.4123888888888889 0.04906249999999997 0.10054166666666665
1 0.12953125000000001 0.6587638888888889 0.03271875 0.1665555555555555
1 0.46039062499999994 0.23251388888888888 0.034164062500000016 0.08572222222222219
1 0.52771875 0.33655555555555555 0.03081250000000004 0.11995833333333333
1 0.3593515625 0.38326388888888885 0.04140625 0.1084166666666667
1 0.4175234375 0.24045833333333333 0.028625000000000077 0.0953888888888889
0 0.5135859375 0.38940277777777776 0.013499999999999979 0.022249999999999975