1 0.162421875 0.5320972222222222 0.04274218749999999 0.1478472222222223
1 0.609078125 0.3695833333333334 0.03821875000000006 0.12240277777777778
1 0.3807265625 0.6548194444444445 0.05227343749999998 0.1616666666666667
1 0.5418828125 0.44526388888888885 0.03636718749999997 0.12177777777777771
1 0.21242187499999998 0.6857916666666667 0.047945312500000004 0.16316666666666668
1 0.6220078124999999 0.25577777777777777 0.02570312500000007 0.09158333333333334
1 0.8167031250000001 0.2986111111111111 0.0299687500000001 0.056777777777777774
0 0.565484375 0.27537500000000004 0.009226562499999957 0.015083333333333353
2 0.6063828124999999 0.2142361111111111 0.026398437499999972 0.0930277777777778
1 0.97890625 0.7194444444444444 0.0421875 0.16111111111111112
1 0.42204687500000004 0.43987499999999996 0.039070312499999996 0.1289861111111111
1 0.8167734375 0.36293055555555553 0.030429687499999858 0.11355555555555555
2 0.7237734375 0.5415277777777777 0.03200000000000003 0.1341666666666667
1 0.7365390625 0.2956111111111111 0.04184374999999996 0.10994444444444448
1 0.765984375 0.4145277777777778 0.03923437500000002 0.12073611111111109
1 0.5448984375 0.24243055555555557 0.038124999999999964 0.07490277777777779
1 0.739671875 0.5773472222222222 0.029679687500000006 0.140625