1 0.5683828125 0.567875 0.024382812500000028 0.11652777777777774
2 0.5482578124999999 0.2688888888888889 0.022304687499999965 0.07801388888888891
1 0.301421875 0.338625 0.02714062500000001 0.07519444444444442
1 0.706078125 0.3480416666666667 0.022625000000000027 0.07588888888888891
1 0.66271875 0.3491805555555556 0.021828125000000042 0.08284722222222222
1 0.09132812500000001 0.1721111111111111 0.023296874999999995 0.07180555555555558
1 0.4184609375 0.21320833333333333 0.017007812499999986 0.07806944444444444
1 0.5607656249999999 0.21693055555555554 0.01833593750000002 0.07070833333333329
1 0.1179609375 0.4986666666666667 0.03729687500000001 0.10519444444444445
1 0.4790546875 0.665513888888889 0.03728906250000001 0.11527777777777785
1 0.2001796875 0.3560277777777777 0.021304687499999985 0.07418055555555551
1 0.49605468750000004 0.40252777777777776 0.021156249999999942 0.0927222222222222
1 0.3791875 0.35518055555555555 0.020539062499999972 0.0898055555555556
1 0.7586484375 0.29109722222222223 0.02117187499999993 0.0720277777777778
1 0.4956484375 0.2250277777777778 0.01896874999999998 0.07572222222222219
1 0.688265625 0.1131111111111111 0.015773437500000043 0.061527777777777785
1 0.2473046875 0.269875 0.02943749999999996 0.07870833333333335
1 0.247890625 0.5003472222222223 0.02957812500000001 0.09770833333333337
1 0.746453125 0.2645416666666667 0.01917187499999997 0.07016666666666664
2 0.22917187499999997 0.06438888888888888 0.013992187499999975 0.05477777777777777
0 0.187875 0.3999861111111111 0.010382812500000015 0.016888888888888846