1 0.5510312500000001 0.37516666666666665 0.03610937500000002 0.07591666666666662
1 0.8122578125000001 0.4011388888888889 0.042054687499999945 0.08697222222222223
1 0.22105468749999999 0.2875138888888889 0.04347656249999998 0.08793055555555555
1 0.6354453125 0.5557361111111111 0.044632812500000084 0.10159722222222219
1 0.20412499999999997 0.1484861111111111 0.022812500000000013 0.06641666666666665
1 0.4085859375 0.45395833333333335 0.03307031249999999 0.10413888888888892
1 0.573984375 0.5467638888888889 0.028312500000000008 0.10320833333333342
1 0.512515625 0.35391666666666666 0.025648437499999944 0.08918055555555557
1 0.3393046875 0.28523611111111113 0.03641406250000001 0.08184722222222224
1 0.047695312499999996 0.6471527777777778 0.054804687500000004 0.12200000000000004
1 0.127421875 0.4961527777777778 0.041773437499999976 0.11458333333333333
1 0.570421875 0.477 0.026531250000000027 0.08009722222222217
2 0.198984375 0.35862499999999997 0.020398437500000012 0.09211111111111114
0 0.624515625 0.5054722222222222 0.011484375000000036 0.019444444444444445