1 0.30465624999999996 0.5544861111111111 0.04215625000000003 0.12080555555555558
2 0.9516484374999999 0.4385694444444444 0.047875000000000154 0.1265416666666667
1 0.831796875 0.37693055555555555 0.040953125000000055 0.12009722222222226
1 0.25475 0.44055555555555553 0.03674218749999998 0.1189583333333333
1 0.7010468750000001 0.25887499999999997 0.035171874999999984 0.09737500000000002
1 0.558359375 0.3511527777777778 0.029234375000000055 0.08563888888888892
1 0.76615625 0.5772222222222223 0.04051562499999992 0.1311805555555556
1 0.600125 0.40730555555555553 0.026359375000000008 0.12718055555555552
1 0.4378046875 0.41125 0.03849218749999998 0.12347222222222219
1 0.6646796875 0.3187361111111111 0.028945312499999966 0.11956944444444449
1 0.580125 0.3494166666666667 0.02332031249999993 0.10529166666666667
1 0.5401875 0.2631805555555556 0.0380859375 0.10858333333333334
1 0.36915624999999996 0.3837083333333333 0.04167968750000002 0.11512499999999998
1 0.3939453125 0.4355416666666666 0.04110937499999996 0.13281944444444443
1 0.5043515625 0.31804166666666667 0.029984375000000084 0.11533333333333332