1 0.7317734375 0.22716666666666668 0.035789062499999955 0.07763888888888885
1 0.1372109375 0.4202777777777778 0.03746874999999998 0.1043611111111111
1 0.6480703125 0.7136388888888889 0.05108593750000008 0.13062499999999994
1 0.6938984375 0.5000972222222222 0.03849999999999998 0.10695833333333332
1 0.442546875 0.7227916666666666 0.044265625000000065 0.1254305555555555
1 0.4709921875 0.5904027777777777 0.015609375000000014 0.12126388888888898
1 0.8884140625000001 0.4508611111111111 0.026796875000000143 0.10894444444444452
2 0.6114843750000001 0.433 0.028812500000000085 0.10534722222222226
1 0.222453125 0.34243055555555557 0.029031249999999974 0.0903472222222222
1 0.3078515625 0.6235694444444445 0.04888281250000004 0.12177777777777786
1 0.9883515624999999 0.5644166666666667 0.023296875000000127 0.1332083333333333
1 0.053515625 0.4866805555555556 0.032218750000000004 0.12054166666666662
1 0.9937578125 0.32022222222222224 0.012476562499999844 0.10769444444444444
1 0.486953125 0.5915 0.018492187500000055 0.11468055555555547
1 0.604703125 0.6612777777777777 0.038734374999999946 0.1281944444444444
1 0.9297265625 0.5774027777777778 0.033960937499999844 0.12773611111111116
1 0.863671875 0.4408472222222223 0.026882812499999888 0.11127777777777778