1 0.4498984375 0.4292916666666666 0.030203125000000063 0.08651388888888883
1 0.7322968750000001 0.29055555555555557 0.033164062500000036 0.059402777777777756
1 0.300359375 0.2504861111111111 0.029593749999999995 0.07101388888888888
1 0.06399218749999999 0.30525 0.026820312499999988 0.08548611111111112
1 0.3137578125 0.5380138888888889 0.03682812499999999 0.0996388888888889
1 0.3565 0.35227777777777775 0.023726562500000003 0.0836527777777778
1 0.0948828125 0.3892361111111111 0.030937499999999996 0.08633333333333329
1 0.5473515625 0.226 0.027078125000000064 0.07024999999999998
1 0.7275546875 0.614361111111111 0.03870312499999997 0.1082083333333333
1 0.656828125 0.241625 0.02854687499999997 0.06679166666666664
1 0.631390625 0.1109861111111111 0.016968750000000022 0.06094444444444444
1 0.3981328125 0.22729166666666667 0.022179687500000034 0.076125
1 0.661109375 0.423875 0.04777343750000007 0.08320833333333329
1 0.5934140625000001 0.4260138888888889 0.03864843750000002 0.08645833333333333
2 0.4771875 0.2803333333333333 0.030078125 0.06604166666666668
2 0.1623359375 0.059875 0.013500000000000022 0.05216666666666667
1 0.16928125 0.41252777777777777 0.02902343749999998 0.09740277777777777
1 0.6912890625 0.2919305555555555 0.02834374999999998 0.07024999999999998
1 0.657015625 0.5738472222222223 0.05034375000000004 0.09525000000000006
0 0.6344453125 0.5260138888888889 0.012718749999999978 0.020736111111111042