1 0.43109374999999994 0.6116805555555556 0.07078124999999998 0.13524999999999998
1 0.5840468750000001 0.6059861111111111 0.07837499999999994 0.13337499999999997
1 0.5100078124999999 0.4245 0.02974218749999995 0.11119444444444437
2 0.8815 0.5865972222222222 0.06136718750000014 0.14223611111111106
1 0.6623203125 0.3627222222222223 0.027234374999999922 0.12741666666666668
1 0.3616640625 0.4046527777777778 0.028210937500000012 0.12220833333333335
1 0.4127109375 0.3823888888888889 0.033187500000000016 0.10544444444444442
1 0.290109375 0.4725277777777778 0.03921093749999995 0.11756944444444441
1 0.4534296875 0.30211111111111116 0.03181250000000002 0.1094027777777778
1 0.48864062500000005 0.4939027777777778 0.02809375000000003 0.12502777777777777
1 0.8993125 0.40175 0.0328125 0.12576388888888887
1 0.761125 0.44331944444444443 0.033210937499999996 0.13291666666666674
1 0.6919375 0.6116805555555556 0.03361718749999998 0.1372083333333333
1 0.768453125 0.3193194444444445 0.029460937500000027 0.10556944444444447
1 0.34782812500000004 0.5078750000000001 0.032289062500000035 0.13000000000000003
1 0.3266796875 0.4324722222222222 0.040031250000000004 0.0743333333333333
1 0.3461484375 0.3614583333333333 0.025289062500000004 0.09134722222222219
0 0.454203125 0.6034027777777777 0.013585937500000079 0.027111111111111086