1 0.503671875 0.4350555555555556 0.03046875 0.11144444444444446
1 0.699203125 0.45743055555555556 0.026875000000000072 0.11356944444444442
1 0.8110390625000001 0.27947222222222223 0.027749999999999986 0.08351388888888889
1 0.3861953125 0.4276111111111111 0.030789062499999974 0.09311111111111106
1 0.7609765625 0.2653611111111111 0.0240234375 0.08372222222222218
1 0.32834375 0.2571111111111111 0.02410937500000001 0.09450000000000003
1 0.726703125 0.23522222222222225 0.02387499999999996 0.09161111111111109
2 0.55965625 0.2993194444444444 0.03142968750000001 0.09231944444444448
1 0.4950859375 0.24177777777777779 0.02875781249999996 0.0899027777777778
1 0.2859453125 0.47052777777777777 0.03102343750000003 0.10126388888888885
1 0.4345 0.25972222222222224 0.022921874999999935 0.09223611111111106
1 0.835375 0.3583611111111111 0.03325781250000013 0.09241666666666666
1 0.483609375 0.10606944444444445 0.015632812499999992 0.07113888888888889
1 0.41791406249999996 0.6473055555555556 0.0361875 0.1303888888888889
1 0.7961484375000001 0.36669444444444443 0.025234374999999965 0.10326388888888892
0 0.288171875 0.5286527777777777 0.012757812500000031 0.01875
1 0.56453125 0.6199444444444444 0.039124999999999945 0.12395833333333334
1 0.208796875 0.35858333333333337 0.03231250000000001 0.10247222222222219