1 0.7208828125 0.44263888888888886 0.045601562499999915 0.08648611111111108
2 0.825203125 0.5335972222222222 0.04122656249999999 0.1061944444444445
1 0.8754843749999999 0.3144583333333333 0.03557031250000016 0.09130555555555553
1 0.4731875 0.42866666666666664 0.029648437500000034 0.07998611111111116
0 0.5532421875 0.41380555555555554 0.012726562499999972 0.016722222222222173
1 0.41665625000000006 0.9281527777777777 0.051171875 0.14304166666666668
1 0.443390625 0.38384722222222223 0.030257812500000016 0.08252777777777776
1 0.415734375 0.34729166666666667 0.02876562499999995 0.08322222222222221
1 0.78684375 0.5798055555555556 0.041054687499999964 0.12544444444444453
1 0.5783515625 0.5962222222222222 0.046476562500000006 0.13012500000000007
1 0.5226640625 0.766 0.03564843750000009 0.1543194444444444
1 0.3501328125 0.558375 0.03839062499999999 0.11247222222222225
1 0.7812578125 0.7785 0.04224218750000004 0.13762499999999997
2 0.45560156249999995 0.12258333333333334 0.030335937499999945 0.058180555555555576