1 0.938203125 0.4420138888888889 0.027429687500000098 0.11313888888888894
1 0.9596953125000001 0.5322916666666667 0.042132812499999873 0.12372222222222228
2 0.7413125 0.4840138888888889 0.03903125000000003 0.11591666666666672
1 0.5562343750000001 0.5506666666666666 0.03857812500000009 0.12973611111111108
1 0.37796875 0.44004166666666666 0.03032812500000004 0.1018888888888889
1 0.7315546875 0.27025 0.04160937499999999 0.08162499999999998
1 0.054476562500000006 0.3859166666666667 0.03749218750000001 0.115625
1 0.2416015625 0.552 0.03995312499999999 0.1344305555555555
1 0.5258828125 0.3735833333333334 0.03325781249999995 0.10370833333333332
1 0.7680078124999999 0.30568055555555557 0.033804687499999986 0.09629166666666665
1 0.6433125000000001 0.31825 0.0396484375 0.08036111111111113
1 0.44959375 0.45949999999999996 0.033757812500000026 0.12113888888888892
1 0.2794140625 0.4606111111111111 0.04926562499999996 0.11969444444444453
1 0.5922265624999999 0.4388888888888889 0.023468749999999972 0.10424999999999993
1 0.365734375 0.3942777777777778 0.034195312499999984 0.1084305555555555
1 0.21083593750000001 0.5426527777777778 0.0380859375 0.1329027777777777
1 0.5821171875 0.39894444444444443 0.027070312500000072 0.09626388888888886
2 0.7758203124999999 0.193 0.027390624999999957 0.07769444444444444
0 0.757296875 0.34454166666666663 0.010929687500000007 0.020944444444444422