1 0.42114062499999994 0.4705 0.026664062500000085 0.09931944444444443
1 0.3714921875 0.48465277777777777 0.031320312500000023 0.10223611111111112
1 0.7072421875 0.46098611111111115 0.032109374999999926 0.09797222222222217
1 0.5847265625 0.6069861111111111 0.03119531250000005 0.11209722222222228
1 0.6340312499999999 0.6851527777777778 0.029679687500000006 0.1267916666666667
1 0.46016406249999997 0.44975 0.04014843750000008 0.1077222222222223
1 0.67125 0.47376388888888893 0.03610937500000002 0.10963888888888897
1 0.33214062499999997 0.5632916666666666 0.029398437499999996 0.12127777777777785
1 0.61846875 0.5706111111111111 0.026304687500000055 0.11886111111111117
1 0.7436875 0.41830555555555554 0.03477343749999999 0.07577777777777786
1 0.1695 0.5030972222222222 0.025765625000000014 0.11843055555555553
2 0.8120859375 0.5592916666666666 0.044187499999999956 0.1248472222222222
0 0.8796250000000001 0.4857083333333333 0.011859374999999872 0.018013888888888926
1 0.76725 0.4374027777777778 0.024960937500000037 0.11004166666666669
2 0.6979609375 0.31527777777777777 0.021468750000000016 0.08687499999999998