1 0.5850390625 0.5363333333333333 0.03500781249999996 0.10418055555555554
1 0.9218515625 0.5035555555555555 0.02910937500000017 0.10304166666666659
1 0.8241640625000001 0.6925277777777777 0.028804687499999915 0.11394444444444439
1 0.8017109375 0.5694722222222222 0.030375000000000086 0.1038472222222222
1 0.6452109375 0.5057777777777778 0.026351562500000016 0.09337500000000003
1 0.7562421875 0.7448611111111111 0.03435156250000002 0.11859722222222228
1 0.8899687500000001 0.459375 0.02550781250000007 0.09086111111111106
1 0.3456796875 0.4986111111111111 0.03594531249999999 0.07706944444444445
1 0.8289296875 0.56375 0.01941406249999993 0.10161111111111107
1 0.6881406250000001 0.48654166666666665 0.017593749999999984 0.08374999999999994
1 0.6704375 0.49552777777777773 0.022960937500000077 0.09061111111111113
2 0.8481015624999999 0.5879305555555555 0.028382812499999945 0.11297222222222227
2 0.9273671875 0.3362777777777778 0.025882812500000085 0.07679166666666666
0 0.6517109375000001 0.5207361111111111 0.008078124999999936 0.013861111111111137