1 0.4710078125 0.36054166666666665 0.02852343749999999 0.07470833333333332
1 0.42007031250000004 0.5017222222222222 0.03191406249999993 0.0841666666666667
1 0.523328125 0.4836944444444444 0.02518750000000001 0.0750555555555555
2 0.2234453125 0.39675000000000005 0.022945312500000002 0.0777083333333334
1 0.6446562499999999 0.5429305555555556 0.022976562500000065 0.08862500000000008
1 0.5928671875 0.35484722222222226 0.018296875000000056 0.06827777777777773
1 0.14309375 0.33308333333333334 0.01749218749999999 0.0573333333333333
1 0.9456875 0.42365277777777777 0.03032812500000013 0.07334722222222215
1 0.056281250000000005 0.335375 0.0214765625 0.07073611111111112
1 0.6667109375 0.5434722222222222 0.021640625000000035 0.08555555555555559
0 0.6292578125 0.38840277777777776 0.009085937500000085 0.015861111111111055