2 0.5463046874999999 0.4440555555555556 0.03170312499999994 0.08179166666666665
1 0.84021875 0.5090972222222222 0.03168749999999996 0.09077777777777779
1 0.1293203125 0.667875 0.03678124999999999 0.10472222222222227
1 0.867421875 0.4288472222222222 0.029632812499999873 0.07623611111111109
1 0.720046875 0.5261666666666667 0.029023437500000072 0.08695833333333335
1 0.6427109375 0.40545833333333337 0.02299218750000005 0.07008333333333339
1 0.1594609375 0.4300555555555555 0.021109374999999986 0.07118055555555555
1 0.870671875 0.7679722222222223 0.034890624999999884 0.11504166666666664
1 0.727734375 0.3840277777777778 0.02706250000000008 0.054180555555555544
1 0.8838671874999999 0.6772083333333333 0.034242187499999945 0.08029166666666675
1 0.2850234375 0.5307638888888888 0.020046874999999974 0.08333333333333333
1 0.29182031249999996 0.4096666666666666 0.027835937499999998 0.06595833333333334
1 0.6188984375000001 0.3945138888888889 0.023484374999999957 0.05629166666666663
1 0.0115234375 0.7321527777777778 0.023046875 0.11729166666666672
1 0.5695703125 0.33722222222222226 0.01930468750000003 0.05795833333333336
1 0.2749921875 0.5032916666666667 0.01783593750000003 0.0759305555555555
1 0.745828125 0.36923611111111115 0.01716406250000002 0.06612500000000002
1 0.12156249999999999 0.3568472222222222 0.022750000000000003 0.06588888888888884