1 0.6627500000000001 0.530375 0.02725781250000008 0.1024027777777778
1 0.8130390625 0.5662916666666666 0.03091406250000004 0.10008333333333326
1 0.8074999999999999 0.6798055555555556 0.03463281249999994 0.1191527777777778
1 0.8452500000000001 0.6064027777777778 0.02930468750000017 0.11233333333333333
1 0.63959375 0.5400277777777778 0.022914062499999943 0.08819444444444445
1 0.6710703125 0.6480277777777778 0.03560156249999995 0.0925833333333333
2 0.9803671875 0.35686111111111113 0.027953125000000155 0.08598611111111107
1 0.6418046875 0.6192361111111111 0.02274218749999992 0.11138888888888895
1 0.6891484375 0.5500138888888889 0.02681249999999995 0.12066666666666666
1 0.8301484374999999 0.4497361111111111 0.0235468749999999 0.09301388888888892
1 0.89240625 0.4930138888888889 0.0297968749999999 0.09412499999999997
1 0.357984375 0.5279166666666667 0.04237500000000001 0.11681944444444446