1 0.4016640625 0.527125 0.03650000000000002 0.07976388888888881
2 0.25478125 0.33794444444444444 0.021015624999999982 0.0742083333333333
1 0.3688125 0.44968055555555553 0.020078125000000037 0.07670833333333336
1 0.505859375 0.3229444444444445 0.024226562499999993 0.06163888888888888
1 0.2610390625 0.44584722222222223 0.02935937500000003 0.07961111111111117
1 0.882046875 0.4461527777777778 0.026640624999999928 0.07031944444444443
1 0.37141406250000003 0.5443888888888888 0.021554687500000023 0.08673611111111118
1 0.6095703125 0.3400694444444444 0.010835937499999915 0.0577361111111111
1 0.2240859375 0.2590277777777778 0.018523437500000028 0.049805555555555575
1 0.1119375 0.2897638888888889 0.019429687500000004 0.05509722222222224
1 0.09953125 0.27120833333333333 0.016046875000000006 0.046999999999999965
1 0.29812500000000003 0.269625 0.013429687500000042 0.05043055555555556
1 0.6174296874999999 0.33666666666666667 0.009273437499999915 0.04987500000000004
2 0.4783984375 0.9277361111111111 0.0525390625 0.13180555555555568