1 0.540046875 0.6931250000000001 0.026429687499999945 0.09798611111111112
1 0.7193906250000001 0.4800555555555555 0.024812499999999994 0.08288888888888882
1 0.5722734375 0.5795277777777778 0.031648437499999994 0.09576388888888895
1 0.6409687500000001 0.6540416666666667 0.022507812499999957 0.10055555555555552
1 0.4960703125 0.6142777777777777 0.021773437499999916 0.09337500000000003
1 0.8322421875 0.9018055555555555 0.030984374999999887 0.13143055555555572
1 0.21384375000000003 0.46779166666666666 0.02387499999999996 0.08987500000000005
1 0.49330468749999995 0.5382222222222222 0.02559374999999999 0.07909722222222229
1 0.2759921875 0.7003333333333334 0.02955468750000003 0.10298611111111115
1 0.8422968750000001 0.7196111111111111 0.01782812500000013 0.10848611111111105
1 0.404765625 0.5713472222222222 0.019679687500000043 0.09741666666666665
1 0.5474921875 0.5556805555555555 0.028031250000000084 0.0887361111111111
1 0.45811718749999997 0.6302916666666667 0.025992187499999986 0.10031944444444447
2 0.6235078125 0.7085972222222222 0.02846093750000005 0.11194444444444447
1 0.23567187500000003 0.7652222222222222 0.032851562499999966 0.11231944444444437
1 0.5206015625 0.7625694444444444 0.022617187500000035 0.04031944444444441
1 0.4176796875 0.5528333333333334 0.015054687499999986 0.08738888888888884
1 0.8554140625000001 0.7587638888888888 0.016257812499999958 0.1202916666666666
2 0.776296875 0.3348611111111111 0.014609375000000036 0.061555555555555544
0 0.0241875 0.8051250000000001 0.012796874999999996 0.02408333333333322