1 0.07071354166666667 0.45154629629629633 0.026656250000000003 0.09527777777777775
1 0.07318229166666666 0.41394444444444445 0.018588541666666666 0.0871574074074074
1 0.0059791666666666665 0.6485833333333334 0.010401041666666666 0.11227777777777777
1 0.17090104166666667 0.4366203703703704 0.018828124999999987 0.09549999999999999
1 0.20433854166666665 0.6004537037037038 0.03626041666666667 0.10854629629629631
1 0.43555208333333334 0.575925925925926 0.022427083333333306 0.10575925925925929
1 0.32677604166666663 0.3607222222222222 0.01828645833333328 0.07325000000000001
1 0.41297395833333334 0.3570185185185185 0.022822916666666634 0.07509259259259261
1 0.5439322916666666 0.4481851851851852 0.04921354166666661 0.0908796296296296
1 0.6123072916666668 0.36916666666666664 0.020708333333333447 0.07857407407407409
1 0.6449010416666667 0.5703703703703704 0.03775000000000001 0.10390740740740743
1 0.6633125 0.8132222222222222 0.029026041666666676 0.12925925925925918
1 0.58615625 0.960462962962963 0.02826041666666678 0.0790648148148148
2 0.348828125 0.4409166666666667 0.025947916666666633 0.09020370370370366
0 0.62221875 0.2979259259259259 0.006692708333333286 0.014740740740740704