0 0.5248489583333333 0.25196296296296294 0.011624999999999967 0.016805555555555535
1 0.09498958333333334 0.8361666666666666 0.03306250000000001 0.14173148148148143
1 0.232125 0.6810277777777778 0.023380208333333326 0.11249074074074075
1 0.3858802083333333 0.6219444444444445 0.0249635416666667 0.11402777777777787
1 0.24734895833333334 0.41774074074074075 0.022208333333333326 0.0933518518518519
1 0.36546354166666667 0.4320648148148148 0.02365104166666671 0.095962962962963
1 0.31159895833333334 0.3779166666666666 0.015463541666666695 0.08135185185185187
1 0.3222864583333333 0.38130555555555556 0.01633854166666661 0.08291666666666662
1 0.2916979166666666 0.30191666666666667 0.018979166666666696 0.07506481481481486
1 0.445375 0.3639907407407407 0.02539583333333333 0.071712962962963
1 0.531875 0.38416666666666666 0.019817708333333368 0.07302777777777779
1 0.5851458333333334 0.4262037037037037 0.02097916666666677 0.08684259259259255
1 0.5913697916666667 0.5597314814814814 0.02610416666666661 0.10930555555555552
1 0.69140625 0.3728425925925926 0.022718749999999944 0.06859259259259264
1 0.809515625 0.5948703703703704 0.021822916666666713 0.11192592592592603
1 0.872765625 0.44702777777777786 0.028291666666666753 0.08685185185185186
1 0.9121354166666666 0.47891666666666666 0.022140625000000115 0.10639814814814817
1 0.890328125 0.55075 0.02243749999999996 0.10435185185185189
2 0.21416145833333333 0.23612962962962963 0.016869791666666658 0.062342592592592574
2 0.6556354166666666 0.4273796296296296 0.017572916666666553 0.09090740740740737