1 0.028494791666666672 0.47677777777777774 0.032781250000000005 0.09233333333333336
1 0.012520833333333333 0.40482407407407406 0.021947916666666668 0.086037037037037
1 0.24332291666666667 0.5793981481481482 0.02191145833333336 0.10740740740740741
1 0.31840104166666666 0.5628796296296296 0.02147395833333334 0.10439814814814814
1 0.31488020833333336 0.4334814814814815 0.02851041666666667 0.09081481481481485
1 0.34915104166666666 0.4347314814814815 0.01964062500000002 0.08830555555555551
1 0.3803229166666667 0.3671574074074074 0.01583854166666671 0.07325925925925926
1 0.5017760416666667 0.3292407407407407 0.019473958333333385 0.07499074074074075
1 0.676 0.37766666666666665 0.01888541666666678 0.08427777777777776
1 0.6907760416666666 0.3327407407407407 0.017473958333333428 0.08199999999999995
1 0.7703125 0.7469166666666667 0.02990104166666659 0.13219444444444442
1 0.8895156249999999 0.5175277777777777 0.02791145833333341 0.106287037037037
2 0.348515625 0.5024074074074074 0.01978125000000001 0.0985555555555556
0 0.4950572916666667 0.3001759259259259 0.004692708333333328 0.010953703703703742