1 0.5534166666666667 0.5061296296296296 0.045874999999999964 0.32668518518518513
1 0.3536197916666667 0.5592407407407407 0.07764062499999996 0.3530277777777778
1 0.9816666666666667 0.520212962962963 0.036661458333333265 0.3510277777777777
1 0.79996875 0.7332777777777778 0.08010937499999997 0.350324074074074
1 0.8573958333333334 0.42347222222222225 0.06897916666666669 0.3198888888888889
1 0.7765364583333334 0.5877962962962964 0.05029166666666664 0.2952129629629629
1 0.44059895833333335 0.5122962962962962 0.08645833333333333 0.32726851851851857
1 0.5034583333333333 0.5720277777777777 0.06475520833333336 0.34963888888888894
1 0.5827135416666667 0.4649537037037037 0.05233854166666655 0.2857314814814814
0 0.7314270833333333 0.4824629629629629 0.04213541666666672 0.054388888888888896
1 0.7843958333333333 0.4168425925925926 0.04550000000000007 0.17597222222222228
1 0.949515625 0.5009722222222222 0.05479166666666657 0.31848148148148153