1 0.05084375 0.4145462962962963 0.02600000000000001 0.11613888888888885
1 0.14973958333333334 0.8958333333333334 0.049479166666666664 0.20833333333333334
1 0.251171875 0.36934259259259256 0.029390624999999972 0.1140185185185185
1 0.31041145833333333 0.42398148148148146 0.031437499999999945 0.11674999999999998
1 0.35672916666666665 0.5245740740740741 0.04016145833333328 0.1322407407407407
1 0.39533854166666665 0.48881481481481476 0.03690104166666662 0.10637962962962967
1 0.42341666666666666 0.4498518518518519 0.024567708333333372 0.11369444444444446
1 0.44550520833333335 0.4064814814814815 0.02422395833333333 0.10305555555555551
1 0.5141666666666667 0.45441666666666664 0.034828124999999946 0.10456481481481487
1 0.58753125 0.48759259259259263 0.04971354166666657 0.10394444444444444
1 0.6364166666666667 0.44254629629629627 0.03959895833333344 0.11125925925925922
1 0.8041250000000001 0.5347685185185185 0.041114583333333364 0.11914814814814821
2 0.12426041666666669 0.4693981481481481 0.04856770833333335 0.12990740740740747
0 0.43959895833333335 0.5006111111111111 0.011994791666666652 0.02100000000000006