1 0.40791145833333337 0.5905185185185186 0.07156250000000004 0.274712962962963
1 0.7633593750000001 0.4895925925925926 0.05553124999999994 0.2570833333333334
1 0.31475520833333337 0.5752037037037038 0.06971354166666661 0.27715740740740735
1 0.9211510416666666 0.5366851851851852 0.06540624999999996 0.21864814814814817
1 0.18869270833333335 0.6056203703703704 0.07313020833333332 0.2680462962962963
1 0.6926249999999999 0.5344537037037037 0.07655208333333334 0.2533703703703703
1 0.5235 0.5675555555555556 0.06709374999999997 0.2516851851851851
1 0.6028541666666667 0.5590277777777778 0.08607812499999999 0.26386111111111116
1 0.4682604166666666 0.6065648148148148 0.06036458333333338 0.22592592592592592
1 0.8205520833333334 0.47014814814814815 0.035958333333333314 0.2284166666666667
1 0.9778645833333334 0.5235740740740741 0.044270833333333336 0.2462777777777778
1 0.477359375 0.4686388888888889 0.053963541666666615 0.13831481481481475