1 0.4588541666666667 0.7149351851851852 0.05446874999999996 0.20213888888888884
1 0.04579166666666667 0.5829444444444445 0.030614583333333334 0.17318518518518516
1 0.285609375 0.49816666666666665 0.030557291666666705 0.15347222222222223
1 0.6796458333333334 0.5628240740740741 0.03485416666666671 0.14565740740740735
1 0.5181875 0.5127685185185185 0.03026041666666662 0.155425925925926
1 0.411546875 0.5290277777777778 0.04197395833333329 0.06118518518518512
1 0.596890625 0.5084074074074074 0.03505208333333343 0.14407407407407405
1 0.30634374999999997 0.4850833333333333 0.026156250000000013 0.14079629629629625
1 0.39146875 0.5190185185185184 0.037265624999999976 0.16112037037037036
1 0.472703125 0.49525925925925923 0.02540104166666666 0.1573240740740741
1 0.5525677083333334 0.5171851851851851 0.02234895833333326 0.1418518518518519
1 0.6506927083333333 0.5423611111111111 0.04214583333333337 0.14346296296296301
1 0.6379322916666667 0.4984166666666666 0.029760416666666602 0.13474999999999998
0 0.6151510416666667 0.4267592592592592 0.01548958333333322 0.023925925925925955
1 0.715625 0.5379999999999999 0.037255208333333435 0.15910185185185183