1 0.7011510416666666 0.5626388888888889 0.043078125000000016 0.11632407407407397
2 0.12474479166666666 0.4639351851851852 0.022729166666666658 0.10448148148148151
1 0.5509843750000001 0.4796388888888889 0.025968750000000065 0.10290740740740745
1 0.7342447916666667 0.6294074074074074 0.036458333333333336 0.12565740740740744
1 0.18661979166666667 0.67975 0.039260416666666666 0.15495370370370362
1 0.5809375 0.5032222222222222 0.023135416666666703 0.10940740740740743
1 0.07395312500000001 0.49237037037037035 0.026479166666666675 0.11359259259259265
1 0.6619583333333333 0.5220740740740741 0.032552083333333336 0.11301851851851846
1 0.235828125 0.5180925925925925 0.028609374999999975 0.12011111111111114
1 0.62484375 0.5776018518518518 0.02724479166666664 0.11773148148148156
1 0.606125 0.47370370370370374 0.027036458333333256 0.08716666666666671
1 0.6425208333333334 0.5192037037037037 0.02419270833333324 0.10578703703703704
1 0.617421875 0.4809814814814815 0.03680729166666671 0.10172222222222219
1 0.7683385416666667 0.5168055555555555 0.02747916666666678 0.11654629629629636
1 0.7380781249999999 0.5384722222222221 0.027083333333333334 0.11119444444444437
1 0.6866458333333333 0.5208425925925926 0.023083333333333417 0.10562037037037031
1 0.58046875 0.34479629629629627 0.014468750000000105 0.06824074074074078