1 0.4647864583333333 0.4929907407407407 0.04411458333333336 0.1183796296296296
1 0.6536197916666667 0.42050925925925925 0.03729166666666662 0.10773148148148146
1 0.47764062500000004 0.43455555555555553 0.038697916666666644 0.10548148148148144
1 0.5369739583333334 0.5371759259259259 0.041437499999999974 0.1161296296296297
1 0.5307499999999999 0.42621296296296296 0.028135416666666656 0.11537962962962964
1 0.402875 0.4513888888888889 0.03273958333333328 0.13461111111111115
1 0.6136458333333333 0.4972870370370371 0.04481770833333343 0.12187037037037042
1 0.5636041666666666 0.4683703703703703 0.041390624999999896 0.1346666666666666
1 0.8523020833333333 0.39414814814814814 0.025583333333333277 0.12301851851851853
1 0.3662604166666667 0.4715740740740741 0.038270833333333344 0.1326944444444445
1 0.32814062499999996 0.46162962962962956 0.029218749999999953 0.14720370370370367
1 0.5925312500000001 0.41329629629629633 0.03247916666666673 0.10612037037037038
2 0.6159270833333333 0.6254166666666667 0.04171354166666674 0.18492592592592594
0 0.4354166666666667 0.4207962962962963 0.013765625000000033 0.024388888888888918
1 0.5140260416666667 0.4117777777777778 0.027927083333333276 0.11938888888888893