1 0.13511458333333334 0.31935185185185183 0.034833333333333334 0.10963888888888886
1 0.1578125 0.1725833333333333 0.023677083333333352 0.07253703703703707
1 0.701859375 0.26187037037037036 0.028885416666666684 0.08530555555555555
1 0.4898854166666667 0.29925 0.0371458333333333 0.10147222222222226
1 0.322296875 0.14980555555555555 0.016239583333333366 0.06169444444444444
0 0.5132291666666666 0.34494444444444444 0.011677083333333371 0.016796296296296285
1 0.25385416666666666 0.2620462962962963 0.041786458333333346 0.09975925925925927
1 0.4163229166666667 0.19365740740740742 0.021348958333333338 0.07365740740740742
2 0.714375 0.9123333333333333 0.0874322916666666 0.17363888888888887
1 0.3324635416666667 0.20238888888888892 0.025265624999999996 0.07616666666666669
1 0.3798229166666667 0.2330648148148148 0.01981249999999998 0.0913148148148148
1 0.04300520833333333 0.15580555555555556 0.0206875 0.07323148148148145
1 0.4587760416666667 0.2898148148148148 0.03399999999999999 0.08549074074074078
1 0.09359895833333334 0.2207222222222222 0.020260416666666656 0.09149074074074072
1 0.48253125 0.2654537037037037 0.022572916666666623 0.06987037037037037