1 0.2844947916666667 0.5813425925925926 0.06332812499999999 0.16161111111111107
1 0.5298020833333333 0.8391574074074074 0.08215104166666667 0.22580555555555545
0 0.653109375 0.3859814814814815 0.011906250000000066 0.01713888888888888
1 0.47213541666666664 0.3594351851851852 0.04581250000000002 0.1121759259259259
1 0.7199479166666667 0.4949074074074074 0.057614583333333275 0.13945370370370377
1 0.3900885416666667 0.4139814814814815 0.053260416666666664 0.1371296296296296
1 0.58475 0.3894722222222222 0.05459375000000009 0.11083333333333338
1 0.7930364583333334 0.4335648148148148 0.05160416666666663 0.12852777777777774
1 0.9784114583333333 0.35478703703703707 0.04317708333333338 0.11830555555555554
1 0.712109375 0.34736111111111106 0.047885416666666694 0.10730555555555554
1 0.6769375 0.3475740740740741 0.02405208333333325 0.10437037037037039
2 0.5207968749999999 0.3035555555555555 0.0357447916666666 0.09695370370370374
1 0.7726666666666666 0.33216666666666667 0.033468750000000116 0.10011111111111111