1 0.15430208333333334 0.6796296296296296 0.03822395833333333 0.1545370370370371
1 0.40624479166666666 0.43946296296296294 0.02322395833333329 0.0900833333333333
1 0.7277291666666666 0.5437777777777778 0.02419270833333324 0.12670370370370362
1 0.6974479166666666 0.6311296296296296 0.04189062499999992 0.1300925925925926
1 0.475625 0.4737222222222222 0.029359374999999945 0.09417592592592595
1 0.6472031250000001 0.553962962962963 0.024953124999999923 0.1154814814814815
1 0.760125 0.539537037037037 0.035901041666666585 0.11581481481481475
1 0.629 0.51225 0.024906250000000085 0.10957407407407405
2 0.10056770833333334 0.4534814814814815 0.02266145833333333 0.10720370370370368
1 0.18859375 0.5306944444444445 0.02255729166666664 0.12292592592592591
1 0.5073541666666667 0.4732314814814815 0.018078125000000018 0.10864814814814817
1 0.7137447916666667 0.4786481481481482 0.028614583333333363 0.08882407407407414
1 0.07629166666666666 0.4765555555555555 0.020770833333333332 0.11083333333333338
1 0.6044635416666666 0.4858703703703704 0.02588541666666657 0.07360185185185186
1 0.6504635416666668 0.4696018518518519 0.021000000000000085 0.07185185185185188
1 0.6903125 0.4636944444444444 0.026156249999999895 0.06894444444444442
1 0.6336562499999999 0.4570833333333333 0.019156250000000104 0.04832407407407412
1 0.6932864583333332 0.5271296296296296 0.02805729166666661 0.10798148148148143
0 0.8105104166666667 0.5511481481481482 0.010145833333333344 0.018999999999999982