1 0.3853671875 0.4868194444444444 0.03342968749999997 0.09273611111111109
1 0.3998828125 0.6644305555555555 0.04381249999999999 0.12501388888888887
1 0.5418671875000001 0.2635416666666667 0.032804687500000006 0.09063888888888888
1 0.11935156250000001 0.24006944444444445 0.028726562499999986 0.08602777777777777
1 0.39703125 0.181625 0.026710937499999955 0.0799027777777778
1 0.35325 0.1640138888888889 0.026679687499999983 0.07891666666666666
1 0.5421328125 0.5958472222222222 0.04386718750000007 0.10623611111111113
1 0.8785234375 0.49366666666666664 0.049945312499999873 0.13055555555555556
1 0.5272734375 0.42265277777777777 0.028351562499999972 0.10950000000000004
1 0.4632734375 0.6713333333333333 0.05602343750000003 0.12751388888888882
1 0.3126328125 0.3043472222222222 0.024242187499999977 0.09094444444444447
0 0.5025625 0.7242638888888889 0.014562500000000079 0.024416666666666566
2 0.077078125 0.24480555555555555 0.026039062499999988 0.08649999999999997
1 0.563578125 0.38106944444444446 0.028648437500000058 0.08768055555555555
1 0.337265625 0.4240138888888889 0.03246093749999997 0.09677777777777771
1 0.1589296875 0.073875 0.021195312499999997 0.05377777777777778
1 0.32328125 0.16069444444444445 0.023195312500000044 0.04533333333333335
1 0.6126484375000001 0.08059722222222222 0.02789843750000003 0.07105555555555555