2 0.8418828125 0.4985694444444445 0.02446875000000013 0.12872222222222232
1 0.58921875 0.4618472222222222 0.029195312499999914 0.09563888888888891
1 0.3384453125 0.664611111111111 0.04186718750000003 0.13638888888888895
1 0.4271328125 0.5139583333333333 0.026468750000000086 0.10133333333333339
1 0.6033828125 0.3813611111111111 0.0296875 0.08715277777777777
1 0.3849453125 0.5514861111111111 0.03539062499999997 0.12094444444444451
1 0.9311875000000001 0.5723611111111111 0.032601562500000014 0.1309583333333333
1 0.4648515625 0.28145833333333337 0.029773437499999923 0.07784722222222223
1 0.863703125 0.7786666666666666 0.05378906249999993 0.17405555555555546
1 0.322734375 0.4853611111111111 0.031828125000000006 0.11248611111111112
1 0.4827265625 0.5334861111111111 0.031851562499999986 0.11473611111111114
1 0.379328125 0.44188888888888894 0.026257812500000012 0.11493055555555555
1 0.295953125 0.7268055555555555 0.03897656249999999 0.14347222222222217
1 0.6407421875 0.4830416666666667 0.037789062499999915 0.07305555555555558
1 0.5042187499999999 0.4993194444444444 0.024578125000000027 0.1121388888888889
1 0.4603671875 0.34597222222222224 0.025085937499999923 0.08184722222222224
1 0.619859375 0.5355138888888888 0.04024218749999999 0.09712499999999993
2 0.35469531249999997 0.1890138888888889 0.023898437500000026 0.0679861111111111
0 0.5669609375 0.52125 0.021000000000000085 0.0275555555555556