1 0.1096640625 0.5680972222222221 0.031460937499999994 0.09193055555555563
1 0.511671875 0.3742916666666667 0.022328124999999942 0.0536944444444444
1 0.2253828125 0.4791527777777778 0.02979687499999999 0.0693194444444444
1 0.5992265625 0.32791666666666663 0.026328125000000036 0.05166666666666665
1 0.1824296875 0.4778333333333334 0.03247656249999999 0.06741666666666661
2 0.40359375000000003 0.5209722222222223 0.026249999999999975 0.0758194444444445
1 0.5095546875 0.6522638888888889 0.03725000000000005 0.09463888888888887
1 0.4739140625 0.4251388888888889 0.023679687499999956 0.055916666666666656
1 0.44470312500000003 0.3338611111111111 0.02419531250000002 0.05070833333333332
1 0.39459374999999997 0.3394861111111111 0.021828124999999997 0.0502777777777778
1 0.6350781249999999 0.4254861111111111 0.0224609375 0.06806944444444443
1 0.7800078125 0.49369444444444444 0.026046874999999935 0.08818055555555557
1 0.610078125 0.5229722222222223 0.025132812500000056 0.075875
1 0.7114296875 0.38163888888888886 0.018937500000000006 0.0664166666666667
1 0.7330078125 0.4082916666666667 0.01899999999999995 0.06920833333333339
1 0.440015625 0.4810416666666667 0.025601562499999987 0.0656805555555555
1 0.8221015625 0.75525 0.047921875000000023 0.10983333333333331
1 0.2593515625 0.3690277777777778 0.023570312499999968 0.058833333333333356
1 0.215625 0.42056944444444444 0.02335937499999998 0.058180555555555534
2 0.2986484375 0.2794861111111111 0.017687499999999988 0.04065277777777775
0 0.45982031250000005 0.4474722222222222 0.007453124999999972 0.012416666666666742