1 0.33199999999999996 0.5448888888888889 0.03399218749999999 0.09168055555555554
1 0.2885625 0.2778611111111111 0.021140624999999958 0.060694444444444426
1 0.0235234375 0.39281944444444444 0.027945312500000007 0.07968055555555556
1 0.44838281249999995 0.36144444444444446 0.02346093749999998 0.048875000000000036
1 0.18949218750000002 0.37375 0.0238984375 0.06538888888888891
1 0.5680546875 0.5242916666666667 0.028773437499999943 0.09397222222222218
1 0.32390625 0.28147222222222223 0.017546875000000028 0.06280555555555552
1 0.3365 0.4242916666666667 0.025179687500000013 0.08143055555555555
1 0.0706796875 0.27176388888888886 0.020539062499999993 0.05843055555555555
1 0.5555078124999999 0.33541666666666664 0.02053124999999998 0.07136111111111111
1 0.5185234375000001 0.19601388888888888 0.016765625000000027 0.051861111111111136
1 0.439890625 0.197 0.015781250000000035 0.05306944444444443
1 0.42803125 0.32809722222222215 0.01743749999999995 0.07063888888888886
1 0.5503984375 0.19291666666666668 0.011257812500000065 0.04527777777777779
1 0.373484375 0.15256944444444442 0.01450781250000004 0.04837499999999998
1 0.41011718750000004 0.8345555555555555 0.029828125000000004 0.1302222222222222
1 0.8119140625 0.2694722222222222 0.0141484375000001 0.07016666666666664
2 0.2675078125 0.23583333333333334 0.015867187499999956 0.05086111111111112
0 0.23011718750000001 0.37261111111111106 0.008187500000000014 0.01097222222222219
1 0.558390625 0.2300138888888889 0.01511718749999993 0.04620833333333331
1 0.56025 0.27569444444444446 0.009999999999999964 0.05301388888888891
1 0.5682968749999999 0.3045 0.012156249999999957 0.06630555555555556
2 0.16896093750000002 0.10387500000000001 0.008304687499999996 0.03245833333333334