1 0.4855390625 0.41500000000000004 0.02518750000000001 0.10166666666666672
1 0.569234375 0.8699305555555555 0.05126562500000009 0.1914027777777777
0 0.8506953125000001 0.506125 0.011710937499999829 0.017944444444444388
2 0.3971640625 0.6358472222222222 0.037124999999999984 0.14300000000000004
1 0.03241406249999999 0.5702222222222222 0.04392187499999999 0.14631944444444447
1 0.2468671875 0.5354166666666667 0.022171874999999997 0.12715277777777773
1 0.136125 0.812625 0.051695312500000014 0.17504166666666662
1 0.7609843749999999 0.6157222222222222 0.03574999999999999 0.12691666666666665
1 0.6560234375 0.4029583333333333 0.02734375 0.10544444444444442
1 0.49995312500000005 0.35138888888888886 0.02253906249999993 0.10773611111111106
1 0.314125 0.4975 0.03348437500000001 0.10416666666666667
1 0.22214843750000002 0.6043194444444444 0.04358593749999997 0.1163472222222222
1 0.8732421875 0.4525138888888889 0.034601562499999974 0.09877777777777778
1 0.364703125 0.4302916666666667 0.024703125000000003 0.11886111111111117
1 0.48032812500000005 0.3377222222222222 0.020875000000000022 0.07793055555555553
2 0.559640625 0.2806944444444444 0.0267578125 0.09202777777777776