1 0.3139921875 0.5088472222222222 0.029976562500000005 0.09191666666666676
2 0.02946875 0.46347222222222223 0.035843749999999994 0.09872222222222228
1 0.3931328125 0.4718194444444444 0.03510937499999996 0.09497222222222222
1 0.5134453125 0.5393333333333333 0.02875781249999996 0.10616666666666659
1 0.3383984375 0.276875 0.028968750000000033 0.0711111111111111
1 0.4452109375 0.4777083333333333 0.03913281249999993 0.045874999999999964
1 0.6269375 0.229125 0.021015625000000072 0.05858333333333334
1 0.46554687499999997 0.31 0.028976562499999935 0.0619305555555556
1 0.360546875 0.8512638888888888 0.03982812500000001 0.15472222222222234
1 0.181796875 0.5903194444444444 0.0310546875 0.12304166666666672
1 0.439359375 0.4163055555555556 0.025984374999999994 0.07891666666666673
1 0.3569140625 0.39741666666666664 0.024781250000000022 0.07961111111111117
1 0.5560859375 0.3855555555555556 0.03475000000000002 0.07862500000000001
1 0.8288515625 0.7605138888888889 0.03621093749999993 0.1448888888888888
1 0.243984375 0.9157916666666667 0.04609375 0.16487500000000005
1 0.568640625 0.43629166666666663 0.028226562500000087 0.0915
1 0.1412890625 0.26966666666666667 0.031179687500000018 0.06224999999999999
1 0.0071328125 0.3650555555555555 0.014210937500000001 0.09712499999999998
1 0.159734375 0.2500972222222222 0.015078125000000008 0.04850000000000002
0 0.422546875 0.43552777777777774 0.009140625000000036 0.01744444444444437