1 0.436421875 0.35873611111111114 0.035867187500000064 0.09297222222222218
1 0.0423671875 0.4309444444444444 0.033585937499999996 0.11706944444444439
1 0.381765625 0.4595416666666667 0.04289062499999998 0.1213055555555556
1 0.22741406249999999 0.5900416666666667 0.039453125 0.12254166666666669
1 0.0116328125 0.17956944444444442 0.023265625 0.08519444444444443
1 0.373796875 0.29318055555555556 0.028703125000000006 0.09677777777777778
1 0.066625 0.28304166666666664 0.029359374999999986 0.09175
1 0.2635703125 0.7599305555555556 0.049117187500000006 0.1599305555555556
1 0.20667968750000001 0.2842777777777778 0.01960937500000002 0.07504166666666663
1 0.291359375 0.2700694444444444 0.027773437499999963 0.08743055555555554
1 0.6156328125 0.33219444444444446 0.04857812500000005 0.04590277777777779
1 0.19110156250000002 0.33922222222222226 0.0212890625 0.107125
0 0.723125 0.3314027777777778 0.010023437499999944 0.016680555555555542