2 0.9660781249999999 0.5554444444444445 0.029921875000000143 0.10805555555555549
1 0.136328125 0.3653888888888889 0.024578124999999985 0.07250000000000002
1 0.638875 0.4930277777777778 0.03477343749999999 0.06843055555555554
1 0.58153125 0.5826805555555555 0.03887499999999999 0.08645833333333333
1 0.7757890625 0.5379444444444444 0.023164062500000072 0.08436111111111112
2 0.1182109375 0.4109027777777778 0.01765625000000002 0.08744444444444449
1 0.4759921875 0.6619027777777777 0.031156250000000087 0.09813888888888884
1 0.6120625000000001 0.41691666666666666 0.03195312500000007 0.07030555555555557
1 0.360296875 0.4023055555555556 0.019960937499999963 0.07605555555555554
1 0.2558046875 0.28155555555555556 0.020054687499999967 0.07086111111111108
1 0.28923437500000004 0.31501388888888887 0.01849218749999997 0.07165277777777782
1 0.49564062499999995 0.568861111111111 0.02873437499999998 0.09845833333333331
1 0.661078125 0.7098888888888889 0.04906249999999997 0.1086527777777778
1 0.0450234375 0.5428055555555555 0.042296875 0.09552777777777774
1 0.327984375 0.30147222222222225 0.016609374999999992 0.06919444444444443
1 0.4845 0.22247222222222224 0.01682812499999997 0.05802777777777774
1 0.4545078125 0.6080833333333333 0.02765625000000007 0.09212500000000005
1 0.7718671875 0.48915277777777777 0.030304687499999972 0.07256944444444445
1 0.1621328125 0.2576527777777778 0.015718750000000004 0.06231944444444445
1 0.1740390625 0.255 0.013101562499999986 0.05626388888888888
0 0.5694140625 0.6075694444444444 0.010789062499999957 0.017249999999999942