1 0.5015 0.6575555555555556 0.026203124999999973 0.11050000000000008
1 0.758984375 0.4253055555555556 0.023085937499999966 0.08166666666666661
1 0.5080390625 0.5429166666666666 0.026515625000000043 0.08481944444444452
1 0.9873749999999999 0.4266944444444445 0.025250000000000127 0.08998611111111106
1 0.5005703125000001 0.4580138888888889 0.030679687499999986 0.06873611111111112
1 0.3400234375 0.5273611111111111 0.02760156250000003 0.08665277777777776
1 0.7960078124999999 0.4086527777777778 0.019648437499999984 0.0871388888888889
1 0.8700468750000001 0.6122777777777777 0.030007812499999887 0.10762500000000001
1 0.7286171875 0.4550694444444444 0.024874999999999935 0.08183333333333327
1 0.5262734375 0.6777638888888889 0.02365624999999998 0.1212083333333333
1 0.797625 0.5757083333333333 0.023343750000000087 0.10469444444444444
1 0.80896875 0.34352777777777777 0.019085937499999962 0.06851388888888886
1 0.6961875 0.4151527777777778 0.029203125000000087 0.08261111111111114
1 0.47234375 0.458125 0.025281249999999922 0.0765277777777778
1 0.3068203125 0.5464722222222222 0.023070312499999978 0.09583333333333334
1 0.1245859375 0.5422222222222222 0.028328124999999992 0.09340277777777778
2 0.6673984374999999 0.5506388888888889 0.02507812499999993 0.09770833333333337
0 0.150828125 0.45576388888888886 0.010109374999999999 0.01662500000000004