2 0.16802343749999998 0.5127777777777778 0.028328124999999992 0.10824999999999992
1 0.40490624999999997 0.49004166666666665 0.037734374999999966 0.08691666666666673
1 0.4494296875 0.51275 0.033851562499999946 0.1150555555555556
1 0.0390234375 0.41554166666666664 0.027234374999999995 0.09752777777777781
1 0.334734375 0.5630416666666667 0.03731249999999999 0.12022222222222215
1 0.510328125 0.41054166666666664 0.027859375000000065 0.08484722222222227
1 0.2987109375 0.3471944444444444 0.03569531250000004 0.06537499999999999
1 0.08965625 0.31745833333333334 0.020773437500000002 0.0775277777777778
1 0.0700234375 0.37955555555555553 0.0249296875 0.08727777777777782
1 0.6139375 0.4721666666666666 0.028773437499999943 0.10172222222222224
1 0.644328125 0.4886111111111111 0.02863281250000007 0.09945833333333336
1 0.2157265625 0.6641944444444445 0.04060937500000002 0.13525000000000006
1 0.48110156249999997 0.5040138888888889 0.029398437500000086 0.11862499999999995
1 0.504328125 0.5254722222222222 0.03104687500000001 0.11512499999999998
1 0.5696796875000001 0.45618055555555553 0.03142187500000002 0.09866666666666661
1 0.51890625 0.4857916666666666 0.02082031250000007 0.09516666666666664
1 0.5371171875 0.4395416666666667 0.020578124999999937 0.07784722222222216
1 0.6640625 0.43351388888888887 0.019234374999999915 0.0943194444444444