2 0.60446875 0.5742083333333333 0.027390624999999957 0.09662500000000007
1 0.3845703125 0.6885972222222222 0.03323437499999997 0.11458333333333326
1 0.3442734375 0.6787916666666667 0.031523437500000015 0.11145833333333334
1 0.44888281250000006 0.458125 0.02803906250000008 0.06830555555555548
1 0.4047421875 0.4725833333333333 0.03049218749999998 0.06337499999999999
1 0.3431796875 0.5024722222222222 0.0267578125 0.0773472222222223
1 0.3711796875 0.5705416666666667 0.030343750000000023 0.09593055555555563
1 0.5049609375 0.5313888888888889 0.027390624999999957 0.08026388888888884
1 0.7716015625 0.5837638888888889 0.03243749999999999 0.10024999999999994
1 0.5012734375 0.4664444444444444 0.022273437499999993 0.0595833333333333
1 0.947859375 0.43875 0.0239140625000001 0.07580555555555561
1 0.10903125 0.5840972222222223 0.02562500000000001 0.09529166666666669
1 0.7212500000000001 0.4262361111111111 0.016367187500000036 0.07855555555555548
1 0.739375 0.4840277777777778 0.014210937500000043 0.07822222222222229
1 0.6533046875 0.3855972222222222 0.021374999999999922 0.06690277777777776
1 0.6454296875 0.41455555555555557 0.01877343749999998 0.07043055555555561
1 0.7458437499999999 0.56225 0.01638281250000002 0.10063888888888894
1 0.9948359375000001 0.4221388888888889 0.010328124999999844 0.06387500000000002
1 0.7504921875 0.46175 0.014562500000000079 0.08001388888888891