1 0.44653124999999994 0.699625 0.04741406250000004 0.1740416666666666
1 0.3082109375 0.39158333333333334 0.03819531249999999 0.09686111111111112
1 0.019109375 0.6058333333333333 0.0376875 0.16262500000000005
1 0.7046875 0.3375277777777778 0.03408593750000009 0.11356944444444446
1 0.782921875 0.38111111111111107 0.040078124999999964 0.08852777777777779
1 0.18536718749999997 0.5256805555555556 0.03867187499999998 0.12670833333333337
1 0.33702343749999997 0.5688472222222222 0.045164062499999956 0.1532777777777778
1 0.04109375 0.4250555555555556 0.036765624999999996 0.12480555555555557
1 0.1394296875 0.3945416666666667 0.02465625 0.12491666666666662
1 0.622171875 0.4545972222222222 0.031312499999999945 0.14554166666666662
1 0.44869531250000005 0.5274166666666666 0.03562499999999993 0.1448888888888888
1 0.1549765625 0.44756944444444446 0.026507812500000005 0.13793055555555547
1 0.431421875 0.4879722222222222 0.023109374999999942 0.14773611111111112
1 0.2769609375 0.45233333333333337 0.021437500000000043 0.15701388888888881