2 0.414359375 0.5937777777777777 0.03053906249999998 0.10572222222222223
1 0.628046875 0.38277777777777783 0.02726562500000007 0.06715277777777781
1 0.5036484375 0.4531666666666666 0.02421093750000001 0.07618055555555558
1 0.3471796875 0.37800000000000006 0.03272656249999999 0.0599444444444444
1 0.1303828125 0.6343055555555556 0.038484374999999994 0.10793055555555561
1 0.4008984375 0.4803194444444444 0.035453125000000044 0.09695833333333341
1 0.8350078125 0.4653333333333334 0.030804687499999872 0.0939027777777778
1 0.6563749999999999 0.5949722222222222 0.029421875000000063 0.10918055555555557
1 0.1807734375 0.695625 0.038671875 0.13012500000000007
1 0.64121875 0.7571527777777778 0.038328124999999956 0.13559722222222215
1 0.2812578125 0.5966111111111111 0.036687500000000026 0.1183333333333334
1 0.5160859375 0.5620277777777778 0.029593750000000085 0.10288888888888895
1 0.6620468749999999 0.3564027777777778 0.025796874999999986 0.07037499999999998
1 0.46815625 0.8183055555555555 0.04287500000000009 0.13684722222222218
1 0.48158593749999995 0.42656944444444445 0.023929687500000085 0.059597222222222176
1 0.768640625 0.6588611111111111 0.03165624999999998 0.12293055555555554
1 0.939875 0.7562222222222222 0.04731249999999996 0.14859722222222224
1 0.52796875 0.42024999999999996 0.023648437499999987 0.0686527777777777
2 0.8969843750000001 0.23169444444444443 0.020054687500000057 0.0591666666666667
0 0.54503125 0.4469444444444445 0.009265624999999921 0.015680555555555507