1 0.9511953125 0.5404166666666667 0.04759375000000006 0.09674999999999996
1 0.134359375 0.37522222222222223 0.0313984375 0.06609722222222227
2 0.5530390625 0.4776944444444444 0.02943750000000005 0.07411111111111113
1 0.7074140625 0.5206527777777777 0.03870312499999997 0.08159722222222222
1 0.24744531250000001 0.49250000000000005 0.026078124999999997 0.07705555555555559
1 0.4369140625 0.3955694444444445 0.015000000000000036 0.05772222222222231
1 0.8550546875 0.38476388888888885 0.026507812499999873 0.07168055555555558
1 0.1705625 0.33145833333333335 0.025523437500000013 0.053055555555555536
1 0.3996015625 0.3971666666666666 0.018562499999999992 0.060236111111111115
1 0.2018359375 0.4342083333333333 0.033210937499999996 0.07200000000000005
1 0.4439296875 0.29015277777777776 0.02202343750000004 0.051763888888888866
1 0.45144531250000003 0.7849305555555556 0.04338281249999998 0.11280555555555559
1 0.42992968749999994 0.7180416666666667 0.032523437500000085 0.09415277777777772
1 0.631484375 0.35484722222222226 0.018812499999999944 0.06202777777777773
1 0.28353125 0.5028194444444444 0.03423437500000004 0.06393055555555552
1 0.714484375 0.4396527777777778 0.021835937500000034 0.06948611111111107
1 0.7177421875000001 0.3262777777777778 0.018492187500000055 0.06345833333333332
1 0.4276484375 0.34569444444444447 0.010984374999999958 0.05802777777777782
1 0.3205078125 0.32681944444444444 0.01881250000000003 0.0554861111111111
1 0.70121875 0.3178472222222222 0.014515624999999944 0.06195833333333335
1 0.2706484375 0.5505416666666666 0.019398437500000032 0.08955555555555558
2 0.0842578125 0.2866944444444444 0.0167734375 0.04084722222222226
0 0.2242734375 0.37369444444444444 0.007132812499999997 0.012902777777777727