1 0.32825000000000004 0.4638611111111111 0.03492968750000003 0.09501388888888884
1 0.8101484375 0.5409722222222222 0.03425781249999993 0.09981944444444445
1 0.37786718750000003 0.5363055555555556 0.029789062499999998 0.1068194444444444
1 0.0291015625 0.794013888888889 0.042625 0.15040277777777772
1 0.5121249999999999 0.4830833333333333 0.02700781249999995 0.10423611111111104
1 0.264140625 0.44558333333333333 0.040976562500000036 0.08949999999999991
1 0.030875000000000003 0.6682916666666667 0.037265625000000004 0.12826388888888893
1 0.3450859375 0.36401388888888886 0.03363281249999996 0.08234722222222221
1 0.755296875 0.48047222222222224 0.025867187499999923 0.10325000000000005
1 0.53534375 0.38031944444444443 0.027718750000000014 0.07470833333333332
1 0.7654687499999999 0.78225 0.04636718749999993 0.15295833333333342
1 0.076234375 0.30315277777777777 0.026249999999999996 0.08351388888888889
1 0.614546875 0.4064305555555556 0.03489843750000006 0.09147222222222225
2 0.0658828125 0.4168888888888889 0.026554687500000007 0.10204166666666671
1 0.43162500000000004 0.3367777777777778 0.021374999999999922 0.08115277777777778
1 0.45228906249999995 0.3268611111111111 0.020320312499999993 0.07680555555555557
1 0.6211640625 0.6123472222222222 0.03653906249999998 0.12663888888888897
1 0.8532265625000001 0.3264305555555556 0.028921874999999986 0.06755555555555558
1 0.9833671875000001 0.5859861111111111 0.033265624999999945 0.12805555555555562
1 0.6814843749999999 0.4224861111111111 0.022749999999999916 0.12190277777777775
0 0.27634375 0.47473611111111114 0.008054687499999958 0.014944444444444432