2 0.608421875 0.6183472222222222 0.03781250000000007 0.11622222222222216
1 0.3314921875 0.4947361111111111 0.034531250000000034 0.0911944444444444
1 0.5626640625 0.43236111111111114 0.03874999999999993 0.08884722222222226
1 0.2042890625 0.9643333333333334 0.055960937499999995 0.0713333333333332
1 0.6255390625 0.48833333333333334 0.05168750000000007 0.10326388888888892
1 0.8657734375 0.4549166666666667 0.04592968749999997 0.09301388888888892
1 0.22125 0.5435972222222222 0.03875000000000002 0.0997916666666667
1 0.43822656249999997 0.4963055555555555 0.025992187499999986 0.11297222222222227
1 0.4545859375 0.6484583333333334 0.042679687500000084 0.10787499999999994
1 0.0850625 0.9782083333333332 0.03962500000000001 0.04358333333333349
1 0.16690624999999998 0.4987222222222222 0.03315625 0.05799999999999999
1 0.5700234375 0.5451944444444444 0.043617187499999946 0.10913888888888895
1 0.8099921875 0.6215277777777778 0.03495312499999992 0.09988888888888883
1 0.37808593749999997 0.49 0.03641406250000001 0.11637499999999995
1 0.0176171875 0.7299166666666667 0.035148437500000004 0.14245833333333324
1 0.791328125 0.40408333333333335 0.03870312500000006 0.08577777777777776
1 0.213109375 0.6763750000000001 0.039773437499999974 0.14306944444444444
1 0.7773749999999999 0.5872499999999999 0.04735937499999991 0.10562499999999994
1 0.45978125 0.40791666666666665 0.01941406249999993 0.10325000000000005
1 0.4487265625 0.4354027777777778 0.021390625000000087 0.05476388888888882