2 0.67490625 0.5674027777777777 0.03805468750000003 0.1251944444444444
1 0.6616328125 0.7797777777777779 0.07485156249999995 0.16165277777777784
1 0.7106953125000001 0.5035 0.03158593750000005 0.09986111111111108
1 0.6768984375 0.3715694444444444 0.032265624999999964 0.09648611111111115
1 0.5512890625 0.6432777777777778 0.04602343750000006 0.1440138888888888
1 0.5620078125 0.42416666666666664 0.02807031250000005 0.09152777777777775
1 0.8818359375 0.42665277777777777 0.03065624999999983 0.1094305555555555
1 0.5388203125000001 0.3730555555555556 0.021757812499999928 0.09783333333333337
0 0.6504921875 0.4852222222222222 0.010945312499999993 0.016694444444444418
1 0.22359374999999998 0.5038750000000001 0.038843750000000024 0.1219305555555555
1 0.3625625 0.45463888888888887 0.033914062499999974 0.09404166666666672
1 0.928796875 0.3243611111111111 0.039351562499999916 0.10118055555555551
1 0.8553593749999999 0.6749027777777777 0.04024218750000017 0.1480972222222222
1 0.0345703125 0.5971805555555556 0.0278671875 0.10911111111111103
2 0.7483359375 0.223625 0.02921093750000008 0.07184722222222224
1 0.605734375 0.45394444444444443 0.03587500000000006 0.08488888888888889
1 0.6237265625 0.42965277777777783 0.03148437499999997 0.11080555555555552
1 0.17015625 0.5084583333333333 0.03770312499999999 0.12272222222222225
1 0.0456171875 0.5671805555555556 0.021570312499999994 0.12480555555555557