1 0.5876796875 0.6115694444444444 0.04226562499999993 0.12040277777777769
1 0.2959921875 0.38156944444444446 0.03482031250000004 0.07124999999999998
1 0.9116171874999999 0.4424444444444445 0.03200000000000003 0.08297222222222224
1 0.6652265625 0.4956388888888889 0.029703124999999986 0.09808333333333334
1 0.39722656249999994 0.44340277777777776 0.030242187499999983 0.08991666666666667
1 0.3526796875 0.4534861111111111 0.027078124999999974 0.08576388888888889
1 0.22893750000000002 0.35441666666666666 0.026539062500000023 0.059402777777777756
1 0.1947265625 0.397125 0.03268750000000002 0.0840694444444444
1 0.85459375 0.43668055555555557 0.028289062500000028 0.08077777777777774
1 0.42215625 0.38584722222222223 0.028171874999999957 0.07477777777777782
1 0.7469140624999999 0.3594583333333333 0.022062500000000006 0.06137499999999996
1 0.3257421875 0.33659722222222216 0.03335937500000004 0.06961111111111108
2 0.569484375 0.4504166666666667 0.029796875000000077 0.09322222222222223
2 0.2952578125 0.30630555555555555 0.02391406250000001 0.06062499999999997
1 0.028273437499999998 0.8228194444444443 0.042890625 0.1774583333333333
1 0.5821171875 0.3325694444444444 0.0150390625 0.0622638888888889