1 0.4220859375 0.5760555555555555 0.03816406249999993 0.0725416666666667
1 0.5249453125 0.41365277777777776 0.03414843750000003 0.07038888888888882
1 0.016273437499999998 0.5545277777777777 0.0267578125 0.08911111111111107
1 0.185890625 0.14541666666666667 0.025203124999999993 0.05434722222222221
1 0.5686640625 0.44269444444444445 0.030335937499999945 0.07005555555555563
1 0.21452343749999997 0.535 0.03224999999999998 0.0840694444444444
1 0.08290625 0.15543055555555554 0.022585937499999997 0.06684722222222221
0 0.6166953125 0.5693055555555555 0.011406249999999929 0.018041666666666678
1 0.195453125 0.48327777777777775 0.02530468749999999 0.08055555555555556
1 0.080453125 0.272125 0.020515624999999992 0.07409722222222226
1 0.06739062500000001 0.23447222222222222 0.017304687500000006 0.07072222222222224
1 0.0995859375 0.4350972222222222 0.022710937499999993 0.08055555555555556
1 0.2916015625 0.43704166666666666 0.039382812499999975 0.07511111111111117
1 0.29775 0.3892361111111111 0.022914062500000033 0.057888888888888816