1 0.3283828125 0.6899861111111112 0.04450781250000002 0.15190277777777778
1 0.7541015625 0.4681666666666666 0.04482812500000009 0.09127777777777782
1 0.6685859375 0.5055138888888889 0.04382031249999994 0.11195833333333335
1 0.616234375 0.5642361111111112 0.04319531249999997 0.12083333333333333
1 0.8439765625 0.45634722222222224 0.025992187499999986 0.11241666666666658
1 0.8842187499999999 0.7191805555555555 0.03560156250000013 0.12647222222222215
1 0.8663515625 0.7792916666666667 0.0334843750000001 0.19116666666666673
1 0.8666171874999999 0.4489166666666667 0.03196875000000006 0.09372222222222225
2 0.7025781249999999 0.6727222222222222 0.04328125000000007 0.14458333333333329
1 0.5624374999999999 0.5682916666666666 0.023406250000000028 0.14272222222222222
1 0.9268281249999999 0.4707916666666667 0.030343750000000114 0.12302777777777783
1 0.9801718749999999 0.5527777777777778 0.026398437499999972 0.14156944444444453
1 0.58490625 0.5620694444444444 0.022203125000000056 0.13493055555555553
1 0.6960390624999999 0.7714027777777778 0.04104687499999997 0.1882083333333333
1 0.6431796875 0.6306388888888889 0.026437499999999937 0.15340277777777783
0 0.6101328125000001 0.4857083333333333 0.012257812500000043 0.019861111111111048