1 0.3358046875 0.3776111111111111 0.0291015625 0.08208333333333337
1 0.6968828125 0.4747222222222222 0.03605468750000007 0.09394444444444443
1 0.39115625 0.38956944444444447 0.021171875000000017 0.07361111111111111
2 0.1879375 0.3284722222222222 0.027609375000000026 0.06111111111111111
1 0.3716484375 0.44526388888888885 0.02616406250000001 0.09608333333333327
1 0.1428125 0.3520416666666667 0.022031249999999992 0.07693055555555557
1 0.16865625 0.39644444444444443 0.022929687500000018 0.08137500000000004
1 0.5172109375 0.6198611111111111 0.04335156250000001 0.12362499999999998
1 0.41042187500000005 0.352875 0.020445312500000055 0.06720833333333331
1 0.184046875 0.44575 0.025007812499999994 0.09148611111111112
1 0.960984375 0.4045694444444445 0.027085937500000056 0.07711111111111109
1 0.9744296875 0.4477777777777777 0.025265625000000114 0.0840138888888889
0 0.408859375 0.3766388888888889 0.007554687500000057 0.011263888888888908
2 0.565421875 0.4617222222222222 0.02888281250000002 0.09730555555555563
1 0.94940625 0.3682361111111111 0.016468749999999942 0.0619861111111111
1 0.98675 0.8660555555555555 0.026500000000000058 0.1618888888888888