1 0.828296875 0.592486111111111 0.05823437499999997 0.10944444444444439
1 0.3936953125 0.4957916666666667 0.03267968750000003 0.12041666666666673
1 0.2805625 0.5823472222222222 0.05871874999999997 0.13863888888888895
1 0.8220390625 0.4167916666666666 0.03269531249999993 0.09549999999999999
1 0.136265625 0.30018055555555556 0.030828124999999984 0.09036111111111111
1 0.44280468749999996 0.5244583333333334 0.05052343750000006 0.11502777777777769
1 0.26446875 0.2924861111111111 0.026296874999999977 0.07819444444444446
1 0.515140625 0.4662222222222222 0.04792187499999993 0.08320833333333329
1 0.00859375 0.41597222222222224 0.0171875 0.10416666666666667
2 0.5304609375 0.43706944444444445 0.02260156250000005 0.08919444444444448
1 0.1876875 0.36811111111111117 0.0271484375 0.09405555555555559
1 0.5073046875 0.5715555555555555 0.04936718750000004 0.1164305555555556
0 0.8927109375000001 0.5651944444444444 0.01600781249999983 0.024347222222222183
1 0.861265625 0.44209722222222225 0.044492187499999857 0.10511111111111104
1 0.1696640625 0.341 0.0275859375 0.08979166666666671
1 0.023453125000000002 0.39413888888888887 0.021789062500000005 0.11098611111111106
2 0.25407812500000004 0.22252777777777777 0.016070312500000038 0.05831944444444446