1 0.1290625 0.23077777777777778 0.027179687500000015 0.08625000000000003
1 0.7897421874999999 0.4343194444444444 0.03253906249999998 0.0824861111111111
1 0.6764609375 0.7343055555555557 0.030765625000000085 0.10606944444444437
1 0.8594531249999999 0.38629166666666664 0.02648437500000007 0.07870833333333331
1 0.0560703125 0.3457777777777778 0.022726562500000002 0.0921111111111111
1 0.45150781249999994 0.4675 0.02672656250000003 0.07801388888888883
1 0.3986328125 0.28912499999999997 0.02551562500000002 0.08431944444444442
1 0.2927109375 0.5555555555555556 0.026976562499999978 0.1027083333333334
1 0.4190390625 0.5673055555555555 0.03790624999999999 0.08776388888888881
1 0.56640625 0.1996111111111111 0.023054687499999994 0.07412500000000001
1 0.075796875 0.3438472222222222 0.01937500000000001 0.08836111111111111
1 0.1041484375 0.39755555555555555 0.027093750000000007 0.09991666666666671
2 0.6128828125 0.4367361111111111 0.028781249999999935 0.09006944444444448
1 0.42302343750000004 0.28044444444444444 0.02712500000000002 0.09097222222222222
1 0.459078125 0.20544444444444443 0.028273437500000043 0.08619444444444445
1 0.461625 0.6144861111111111 0.030164062499999922 0.09445833333333332
1 0.27142187500000003 0.3612638888888889 0.01682031249999998 0.08663888888888888
1 0.44948437500000005 0.5908472222222223 0.045296875000000014 0.07277777777777775
1 0.023929687499999998 0.5266527777777777 0.023281250000000003 0.10363888888888889
0 0.48474218750000003 0.6020972222222222 0.009390624999999986 0.02098611111111113
2 0.6648515625 0.07002777777777779 0.019984374999999943 0.06622222222222224