2 0.8115546874999999 0.6525 0.03192187500000001 0.10548611111111117
1 0.36052343750000004 0.34097222222222223 0.032320312500000004 0.08122222222222225
1 0.4940390625 0.5371944444444444 0.037757812499999946 0.09287500000000001
1 0.730484375 0.4182222222222222 0.03272656250000008 0.0927222222222222
1 0.39025781249999997 0.6700972222222222 0.04875781250000002 0.10205555555555558
1 0.5464140625 0.2300138888888889 0.02274218749999992 0.08322222222222224
1 0.575984375 0.32119444444444445 0.030578125000000077 0.0830694444444444
1 0.459546875 0.41254166666666664 0.034578124999999994 0.08554166666666671
1 0.627921875 0.33865277777777786 0.02287499999999998 0.09169444444444445
1 0.7151640625 0.6223472222222222 0.032554687500000054 0.0973333333333334
1 0.36215625 0.6417361111111112 0.04528906250000002 0.08388888888888886
1 0.5058515625 0.25393055555555555 0.025296875000000087 0.07838888888888888
1 0.5789609375 0.40234722222222224 0.03482031249999995 0.09356944444444446
1 0.9477656250000001 0.25926388888888885 0.04136718749999986 0.11073611111111113
0 0.40620312500000005 0.7098472222222222 0.010343750000000007 0.021041666666666636