1 0.3482734375 0.5975833333333334 0.031906250000000025 0.07851388888888886
1 0.6175234374999999 0.37379166666666663 0.029171874999999937 0.0712777777777778
1 0.6100078124999999 0.25340277777777775 0.015437499999999993 0.06923611111111114
1 0.19446875 0.452625 0.0268046875 0.06977777777777779
1 0.19921093750000002 0.8516666666666667 0.044632812499999994 0.10093055555555566
1 0.4994609375 0.273125 0.020109375000000006 0.06612500000000002
1 0.0794765625 0.234375 0.027507812500000006 0.06918055555555556
1 0.16211718749999998 0.16077777777777777 0.018359375 0.05954166666666665
1 0.12262500000000001 0.060597222222222226 0.018445312500000012 0.05693055555555555
1 0.60184375 0.3438333333333333 0.024718750000000077 0.06798611111111114
1 0.1911484375 0.14669444444444446 0.017406250000000022 0.06708333333333336
2 0.2906328125 0.2839861111111111 0.02335937499999998 0.0720833333333333
1 0.0618984375 0.06720833333333333 0.019718750000000007 0.053583333333333344
0 0.5924609375000001 0.368375 0.00867187499999993 0.015263888888888901