1 0.232078125 0.6381111111111111 0.033984375 0.09305555555555556
1 0.4917109375 0.3840277777777778 0.02924218750000005 0.09115277777777778
1 0.42934374999999997 0.4490833333333333 0.028796874999999923 0.09312499999999993
1 0.040328125 0.5308055555555555 0.0327734375 0.10647222222222218
1 0.80203125 0.8264305555555556 0.04312499999999995 0.10641666666666652
1 0.8254374999999999 0.4902083333333333 0.030437500000000027 0.08297222222222224
1 0.3776796875 0.43111111111111106 0.028507812500000007 0.08874999999999997
1 0.589609375 0.367125 0.03246093749999997 0.09030555555555553
1 0.6879453125 0.5105694444444444 0.03307812499999994 0.08463888888888896
1 0.1585390625 0.4217916666666667 0.03693749999999998 0.09393055555555554
1 0.011546875 0.6330138888888889 0.02309375 0.10012500000000005
1 0.224859375 0.488375 0.026906249999999955 0.10162499999999994
1 0.2861328125 0.5243611111111112 0.029890624999999994 0.09877777777777778
1 0.33337500000000003 0.6226388888888889 0.03800781249999998 0.09794444444444442
2 0.5768125000000001 0.5653611111111111 0.030039062500000036 0.08802777777777777
1 0.5629296874999999 0.7 0.03625781250000006 0.10073611111111107
1 0.10014062500000001 0.5405833333333334 0.023734374999999995 0.10194444444444441
1 0.7659296875 0.8215277777777777 0.03533593750000001 0.09458333333333321
1 0.10873437500000001 0.4882083333333333 0.021515625000000003 0.09961111111111115
1 0.8597812499999999 0.9792916666666667 0.03790624999999999 0.04141666666666658
0 0.7383203125 0.7617916666666666 0.012921874999999972 0.027361111111111173
2 0.7057890625 0.21940277777777778 0.021335937499999957 0.07680555555555557