2 0.6640078125 0.4449444444444445 0.027859375000000065 0.0957916666666667
1 0.8089921875 0.4332638888888889 0.03688281250000003 0.08972222222222226
1 0.7068203125 0.5779444444444445 0.030421875000000043 0.10640277777777779
1 0.8602968750000001 0.4103055555555556 0.03163281249999983 0.09298611111111117
1 0.35832031249999996 0.5395138888888888 0.03665624999999997 0.10866666666666668
1 0.6060703125 0.5469583333333333 0.03029687499999998 0.10565277777777785
1 0.22059375 0.40551388888888895 0.028031249999999997 0.08909722222222219
1 0.4538046875 0.4940833333333333 0.037968749999999926 0.10584722222222227
1 0.4901640625 0.33075 0.02787500000000005 0.07802777777777775
1 0.389734375 0.3393333333333333 0.014554687499999996 0.08744444444444445
1 0.24867187500000001 0.4336527777777778 0.03322656249999998 0.10344444444444446
1 0.35047656250000003 0.37916666666666665 0.02714062500000001 0.0975972222222222
1 0.017015625 0.42697222222222225 0.027593749999999993 0.10088888888888888
1 0.0430859375 0.367625 0.025078125000000007 0.09143055555555557
1 0.3758359375 0.3790972222222222 0.020578125000000023 0.0931111111111111
1 0.06694531249999999 0.4558888888888889 0.027609375000000002 0.12016666666666664
1 0.6431484375000001 0.5901944444444445 0.04656249999999993 0.0911388888888889
1 0.013671875 0.5506944444444445 0.02734375 0.1375
0 0.61634375 0.6049305555555555 0.011929687499999985 0.021333333333333353
2 0.5290390625 0.2635416666666667 0.015437499999999993 0.06595833333333334