1 0.8409296875000001 0.49269444444444443 0.026687499999999885 0.10151388888888893
1 0.6093437500000001 0.49068055555555556 0.03211718749999992 0.09423611111111115
2 0.69471875 0.6430555555555556 0.03209374999999994 0.13137500000000005
1 0.8703359374999999 0.5400833333333334 0.03321093750000017 0.11631944444444445
1 0.51846875 0.5358194444444445 0.031984375000000044 0.10523611111111109
1 0.6362578125 0.61 0.033218749999999984 0.13065277777777784
1 0.87303125 0.44059722222222225 0.026210937500000142 0.09051388888888884
1 0.803921875 0.47705555555555557 0.03256249999999996 0.11488888888888893
1 0.5832499999999999 0.44438888888888883 0.030882812499999978 0.09048611111111107
1 0.28600781249999996 0.5646249999999999 0.03667968750000004 0.09583333333333334
1 0.7531640625 0.7854722222222221 0.032546875000000065 0.17830555555555563
1 0.72303125 0.5028611111111111 0.026125000000000044 0.11047222222222217
1 0.31428124999999996 0.5574583333333334 0.03340624999999999 0.0947777777777778
0 0.295703125 0.6081944444444444 0.011570312499999957 0.018097222222222185