2 0.826875 0.5372916666666667 0.03276562500000004 0.10770833333333327
1 0.43467968749999997 0.5058333333333334 0.03166406249999998 0.10461111111111118
1 0.774515625 0.5292777777777777 0.04399218749999996 0.09469444444444437
1 0.2772734375 0.5681666666666666 0.037968750000000016 0.10524999999999997
1 0.9343359375 0.33072222222222225 0.025843749999999943 0.06918055555555552
1 0.29293749999999996 0.3577361111111111 0.02580468749999998 0.06654166666666662
1 0.907828125 0.35509722222222223 0.018312500000000044 0.0656527777777778
1 0.6041796875000001 0.5105972222222223 0.024304687499999922 0.0965694444444444
1 0.5294218749999999 0.6921805555555556 0.04806249999999999 0.1367222222222223
1 0.6790859375 0.404875 0.024203125000000013 0.07294444444444442
1 0.616890625 0.6059444444444444 0.035578124999999974 0.09033333333333328
2 0.8950781250000001 0.261 0.023335937499999914 0.0540416666666667
0 0.49824999999999997 0.7149305555555555 0.012546874999999957 0.021861111111111123