1 0.08672395833333332 0.43649999999999994 0.048031250000000004 0.10045370370370366
2 0.35396875 0.4410277777777778 0.030166666666666706 0.09276851851851846
1 0.124671875 0.27589814814814817 0.030984375000000005 0.08758333333333336
1 0.39761979166666667 0.7713888888888889 0.038640625000000026 0.13895370370370363
1 0.200875 0.4133796296296296 0.03390625000000001 0.10037037037037035
1 0.5382187500000001 0.47867592592592595 0.03173958333333336 0.0896574074074074
1 0.7434947916666667 0.5446666666666666 0.03853125000000001 0.11696296296296291
1 0.5698645833333333 0.7162499999999999 0.03982291666666669 0.13747222222222225
1 0.988671875 0.5869722222222222 0.022651041666666552 0.12116666666666658
1 0.9345052083333333 0.3410925925925926 0.023244791666666723 0.09384259259259262
1 0.5187708333333333 0.29181481481481486 0.02506770833333339 0.07961111111111113
1 0.58815625 0.3623796296296296 0.03487500000000002 0.07962037037037038
1 0.5578072916666666 0.42312037037037037 0.02730729166666658 0.09113888888888895
2 0.0255625 0.24962962962962965 0.02990625 0.0682314814814815
0 0.8413802083333334 0.3145555555555556 0.010598958333333287 0.016425925925925934
1 0.2051875 0.26405555555555554 0.017317708333333334 0.08530555555555555
1 0.599328125 0.3237592592592593 0.01683333333333342 0.09136111111111107
1 0.629203125 0.2748611111111111 0.013843749999999962 0.07949074074074076