1 0.477328125 0.4260740740740741 0.032005208333333354 0.08796296296296297
1 0.4044010416666667 0.3559259259259259 0.029270833333333357 0.0776018518518518
2 0.13709895833333335 0.4751296296296296 0.029395833333333347 0.08745370370370374
1 0.255078125 0.7063888888888888 0.045359374999999987 0.11447222222222211
1 0.3533489583333333 0.3251759259259259 0.026531250000000027 0.07549074074074072
1 0.27219791666666665 0.4213981481481482 0.02655729166666667 0.07809259259259262
1 0.5994322916666667 0.8381851851851851 0.03870312499999997 0.128212962962963
1 0.32771875 0.5587685185185185 0.03071354166666668 0.1026018518518518
1 0.3045104166666667 0.4172685185185185 0.03813020833333335 0.08801851851851847
1 0.6420416666666667 0.6415740740740741 0.03720312499999991 0.12108333333333332
1 0.16603645833333333 0.37925 0.03374479166666665 0.08409259259259264
1 0.5757656250000001 0.5089814814814815 0.04151562500000002 0.10414814814814817
1 0.010828125 0.6113518518518518 0.02165625 0.11608333333333323
1 0.567546875 0.6494351851851852 0.03174479166666657 0.10637962962962973
1 0.11555729166666667 0.5631111111111111 0.04032812500000002 0.11313888888888894
1 0.5543697916666667 0.49950925925925926 0.031302083333333286 0.09926851851851855
0 0.35002083333333334 0.35359259259259257 0.009755208333333343 0.015500000000000009