2 0.9524218750000001 0.5652407407407408 0.026223958333333287 0.0985555555555556
1 0.4621927083333333 0.5504351851851852 0.03216145833333333 0.09745370370370371
1 0.05239583333333333 0.6427037037037037 0.04984374999999999 0.11718518518518513
1 0.8358385416666666 0.6604351851851852 0.029244791666666714 0.10774074074074065
1 0.7254947916666666 0.6225370370370371 0.028734375000000038 0.10489814814814812
1 0.24059895833333333 0.39916666666666667 0.030901041666666688 0.09346296296296301
1 0.844078125 0.3819351851851852 0.02786979166666678 0.08454629629629624
1 0.4100885416666667 0.5600925925925926 0.030442708333333356 0.09974074074074077
1 0.27283854166666666 0.48060185185185184 0.03207291666666666 0.08621296296296292
1 0.5767916666666667 0.7575833333333334 0.026432291666666666 0.112824074074074
1 0.7013802083333334 0.2844259259259259 0.02330208333333322 0.07202777777777775
1 0.58125 0.975925925925926 0.03958333333333333 0.04814814814814815
0 0.2517552083333333 0.43496296296296294 0.009848958333333317 0.017657407407407455
2 0.6283854166666667 0.21996296296296297 0.01778645833333338 0.06473148148148145