1 0.5557291666666667 0.34217592592592594 0.02482291666666659 0.08226851851851855
1 0.6351822916666666 0.541212962962963 0.026640625000000046 0.08689814814814806
1 0.8128541666666667 0.44635185185185183 0.02683854166666677 0.08922222222222223
1 0.6932604166666666 0.7280833333333334 0.05372916666666659 0.11559259259259251
1 0.7225989583333334 0.3636388888888889 0.028604166666666705 0.0824259259259259
1 0.46917708333333336 0.7069444444444445 0.029692708333333328 0.10828703703703708
1 0.5135 0.32353703703703707 0.02343229166666667 0.0794444444444444
1 0.4543177083333333 0.2768611111111111 0.019463541666666608 0.07833333333333335
1 0.5736822916666667 0.22874074074074074 0.019041666666666637 0.06999074074074071
1 0.22532291666666668 0.26164814814814813 0.02268749999999997 0.07620370370370369
1 0.45427083333333335 0.8594907407407407 0.041203124999999945 0.137175925925926
1 0.29832291666666666 0.4991759259259259 0.02520833333333338 0.10637037037037031
2 0.47344270833333335 0.46332407407407405 0.026890625000000057 0.09253703703703708
1 0.6325520833333333 0.27242592592592596 0.019979166666666732 0.07027777777777776
1 0.099953125 0.6875185185185185 0.03828645833333333 0.12475925925925926
1 0.30976041666666665 0.383 0.022036458333333304 0.08700925925925929
1 0.36296354166666667 0.5162037037037037 0.029322916666666643 0.09916666666666664
1 0.92865625 0.633962962962963 0.028000000000000115 0.10483333333333336
1 0.7288958333333333 0.4416481481481482 0.02776562499999997 0.10144444444444439
1 0.922015625 0.5717592592592593 0.025911458333333335 0.10229629629629632
0 0.44478125 0.7273425925925926 0.011677083333333371 0.01733333333333336