1 0.6794791666666666 0.38837962962962963 0.04384895833333336 0.08810185185185183
2 0.7869062499999999 0.6502222222222223 0.04431770833333341 0.1066481481481482
1 0.3083072916666667 0.3909814814814815 0.03532812499999996 0.06780555555555558
1 0.41617187499999997 0.5166111111111111 0.0515625 0.08279629629629637
1 0.21661979166666667 0.5816481481481481 0.043177083333333324 0.0911481481481482
1 0.74403125 0.34900925925925924 0.02877083333333322 0.09071296296296298
1 0.9354166666666667 0.7590648148148148 0.03884895833333341 0.1368703703703703
1 0.5253229166666666 0.5449629629629629 0.03346354166666661 0.10996296296296296
1 0.44571354166666666 0.6992407407407407 0.03488020833333335 0.12601851851851845
1 0.19040625 0.5616574074074074 0.03221354166666668 0.10373148148148145
0 0.24934375 0.5520185185185185 0.012973958333333317 0.02478703703703702