1 0.457984375 0.48211111111111105 0.04780729166666665 0.09330555555555554
1 0.28905729166666666 0.4325833333333333 0.03174479166666669 0.07002777777777777
1 0.4139322916666667 0.4668518518518518 0.04358333333333337 0.09903703703703702
1 0.34639583333333335 0.6278796296296296 0.04439062500000001 0.11496296296296304
1 0.6762135416666666 0.4451944444444444 0.03370312500000002 0.09370370370370369
1 0.5978020833333333 0.6820277777777778 0.040791666666666754 0.13660185185185184
1 0.7439531250000001 0.38145370370370374 0.028697916666666618 0.09355555555555552
1 0.4368125 0.724574074074074 0.04151041666666669 0.14676851851851852
1 0.7291666666666666 0.9495185185185185 0.035255208333333364 0.09771296296296304
1 0.9405312499999999 0.4309722222222222 0.03763541666666678 0.06643518518518518
1 0.7483906250000001 0.4945185185185186 0.03662500000000009 0.10206481481481483
1 0.31990104166666666 0.7328703703703704 0.043635416666666656 0.12662037037037038
1 0.717890625 0.3851759259259259 0.028213541666666706 0.10444444444444441
1 0.6076614583333334 0.38754629629629633 0.03228125000000001 0.08813888888888884
2 0.9279322916666667 0.22373148148148148 0.030671874999999935 0.07795370370370373
2 0.9046614583333333 0.5994814814814815 0.030921874999999942 0.11426851851851859
1 0.6980104166666667 0.4844166666666666 0.021958333333333257 0.1253518518518518
0 0.4327447916666667 0.4862222222222222 0.011307291666666686 0.01779629629629632