2 0.4941979166666667 0.4192592592592593 0.019052083333333296 0.09535185185185187
1 0.5964322916666667 0.2690277777777778 0.022395833333333334 0.07926851851851853
1 0.1986770833333333 0.27913888888888894 0.023921874999999974 0.08498148148148145
1 0.7997135416666666 0.4519074074074074 0.034468749999999916 0.09994444444444439
1 0.04916666666666667 0.3838888888888889 0.024911458333333324 0.0988981481481481
1 0.18805208333333334 0.7984259259259259 0.04077083333333332 0.1423981481481481
1 0.30290625000000004 0.5583055555555556 0.036156250000000036 0.12112962962962957
1 0.9320260416666667 0.6792592592592592 0.03317708333333324 0.12722222222222232
1 0.7199687499999999 0.8565925925925926 0.04281770833333335 0.1426111111111111
1 0.43113541666666666 0.47879629629629633 0.033036458333333366 0.10617592592592594
1 0.6565572916666667 0.4262222222222222 0.019958333333333418 0.09402777777777774
1 0.8894895833333333 0.5651388888888889 0.027312500000000028 0.1080740740740741
1 0.6018125 0.5500185185185185 0.02374999999999995 0.10900000000000003
1 0.7042135416666666 0.329537037037037 0.021911458333333418 0.08550925925925928
1 0.4340104166666666 0.37857407407407406 0.021031250000000057 0.09252777777777783
1 0.35459375000000004 0.5159166666666667 0.029031250000000005 0.11574999999999999
1 0.5521458333333332 0.6613518518518519 0.028249999999999886 0.11839814814814804
1 0.8554791666666667 0.6749907407407407 0.028796874999999982 0.1080370370370371
1 0.8644270833333334 0.4771666666666667 0.025119791666666676 0.11601851851851848
1 0.43731770833333333 0.2913611111111111 0.021177083333333378 0.08311111111111111
0 0.18369791666666666 0.47412962962962957 0.01345312500000002 0.023870370370370344