2 0.11359375 0.4537777777777778 0.03171354166666666 0.08674074074074069
1 0.7304114583333334 0.589037037037037 0.03217708333333344 0.10499074074074083
1 0.5566510416666667 0.4540092592592592 0.037020833333333295 0.08853703703703704
1 0.24922395833333333 0.4014351851851852 0.029776041666666645 0.08716666666666666
1 0.13793229166666665 0.9255185185185185 0.06197916666666667 0.14784259259259266
1 0.06013541666666666 0.5519814814814815 0.029437500000000005 0.11125925925925934
1 0.4282447916666667 0.36813888888888885 0.024567708333333372 0.06919444444444446
1 0.430703125 0.6899907407407407 0.032677083333333336 0.11331481481481491
1 0.34630208333333334 0.3196481481481482 0.02159895833333335 0.07101851851851856
1 0.12965104166666666 0.41021296296296295 0.020260416666666656 0.09456481481481481
1 0.8440989583333334 0.71575 0.03778124999999998 0.12267592592592594
1 0.943140625 0.44435185185185183 0.03224479166666659 0.10035185185185179
1 0.6550364583333333 0.5301388888888888 0.024937500000000057 0.11140740740740734
1 0.49929166666666663 0.4733981481481481 0.03313541666666661 0.08315740740740736
1 0.676078125 0.6285185185185185 0.03206770833333342 0.10237962962962957
1 0.44017708333333333 0.5379722222222222 0.025552083333333305 0.09475925925925918
1 0.5094427083333334 0.4293148148148148 0.022322916666666616 0.06483333333333331
0 0.36414583333333334 0.34755555555555556 0.008505208333333295 0.015351851851851889
1 0.63903125 0.5099814814814815 0.020708333333333447 0.09228703703703706
1 0.20144270833333333 0.5220740740740741 0.025416666666666643 0.10059259259259264