2 0.23971875 0.4551666666666666 0.024911458333333355 0.0860833333333333
1 0.5150520833333333 0.3440462962962963 0.03436979166666667 0.0738611111111111
1 0.8390833333333333 0.8256851851851852 0.041598958333333276 0.11887037037037047
1 0.44602604166666665 0.49174074074074076 0.029031250000000005 0.08834259259259261
1 0.35896354166666666 0.8224537037037037 0.038859374999999946 0.12002777777777787
1 0.34474479166666666 0.3076203703703704 0.02897395833333339 0.06798148148148145
1 0.1403802083333333 0.38025925925925924 0.03370312500000001 0.08351851851851856
1 0.029046875000000003 0.6029166666666667 0.030411458333333332 0.11387037037037039
1 0.4903645833333333 0.47437962962962965 0.028807291666666637 0.0893611111111111
1 0.7090572916666668 0.5805092592592593 0.03129687500000008 0.1081481481481481
1 0.7833541666666667 0.5470185185185185 0.0319583333333334 0.10724074074074068
1 0.806515625 0.6692314814814815 0.03426562499999998 0.11357407407407415
1 0.7646666666666667 0.7263796296296297 0.028000000000000115 0.11228703703703702
1 0.7109583333333334 0.44675000000000004 0.026833333333333324 0.08790740740740746
1 0.11269270833333334 0.6099166666666667 0.02883333333333334 0.11047222222222217
1 0.43084895833333337 0.38341666666666663 0.021635416666666647 0.08438888888888887
1 0.47282812500000004 0.6211481481481482 0.031520833333333324 0.10489814814814812
0 0.34556770833333333 0.3340740740740741 0.008682291666666704 0.01329629629629631