1 0.08824479166666667 0.2873518518518518 0.03286458333333334 0.10175925925925924
2 0.2583020833333333 0.3381296296296296 0.02653645833333333 0.09874074074074073
1 0.658125 0.41022222222222227 0.03058333333333323 0.09837962962962964
1 0.462296875 0.6770185185185185 0.054463541666666636 0.12361111111111112
1 0.95509375 0.29354629629629625 0.03447395833333336 0.1081481481481481
1 0.5146093749999999 0.26342592592592595 0.030651041666666618 0.08845370370370367
1 0.5340364583333332 0.6740555555555555 0.04485416666666661 0.10951851851851849
1 0.7240208333333332 0.3001111111111111 0.028067708333333267 0.09583333333333334
1 0.51434375 0.5552962962962963 0.03601041666666672 0.10813888888888885
1 0.15571875000000002 0.49130555555555555 0.03181770833333335 0.11416666666666662
1 0.6357291666666666 0.28860185185185183 0.028697916666666618 0.09914814814814818
1 0.757203125 0.36987037037037035 0.03018750000000002 0.10052777777777783
1 0.422875 0.40268518518518515 0.026859374999999967 0.0985740740740741
1 0.8312708333333333 0.3674074074074074 0.03170312499999994 0.117287037037037
1 0.5801145833333333 0.5650833333333333 0.03928125000000004 0.1132777777777777
1 0.5595416666666666 0.25803703703703706 0.022416666666666647 0.09189814814814815
1 0.6083229166666667 0.30498148148148146 0.02463541666666676 0.10152777777777776
1 0.716859375 0.42339814814814813 0.029921874999999907 0.11415740740740737
1 0.4234322916666667 0.2846388888888889 0.027302083333333373 0.09987037037037039
0 0.5651302083333333 0.7026481481481481 0.012557291666666732 0.022888888888888913