1 0.7894010416666667 0.6386481481481482 0.04121354166666672 0.11593518518518522
1 0.2901458333333334 0.5974259259259259 0.03291145833333336 0.10912962962962953
1 0.66234375 0.5017407407407407 0.04572916666666676 0.11119444444444442
2 0.09398958333333333 0.46691666666666665 0.023411458333333326 0.1033703703703704
1 0.39925 0.8700555555555555 0.04559374999999998 0.13570370370370366
1 0.2644791666666667 0.3227129629629629 0.021750000000000026 0.07998148148148147
1 0.6026822916666668 0.2280462962962963 0.024395833333333408 0.08000000000000003
1 0.38095312499999995 0.6129351851851852 0.02939583333333336 0.1201759259259259
1 0.5431354166666666 0.5894444444444444 0.04129687499999998 0.10339814814814821
1 0.20347395833333334 0.3154074074074074 0.021208333333333346 0.08230555555555555
1 0.8588489583333333 0.7828055555555555 0.03508854166666661 0.13743518518518524
1 0.2833697916666667 0.73125 0.04092708333333332 0.12428703703703706
1 0.4305260416666667 0.2871388888888889 0.024906249999999967 0.07828703703703699
1 0.37522395833333333 0.8271111111111111 0.030666666666666724 0.1371944444444445
1 0.10036979166666667 0.29380555555555554 0.021432291666666655 0.09286111111111107
0 0.8490572916666667 0.8183888888888889 0.013854166666666619 0.026759259259259344