1 0.9633906250000001 0.46518518518518515 0.027328124999999894 0.09854629629629635
2 0.57834375 0.41691666666666666 0.022203125000000056 0.08977777777777782
1 0.6985572916666667 0.20058333333333334 0.022031250000000096 0.06771296296296296
1 0.4921510416666666 0.6274814814814814 0.0276979166666667 0.10599074074074076
1 0.7757343750000001 0.2743611111111111 0.025546875000000094 0.07580555555555556
1 0.34775520833333334 0.2208425925925926 0.020468749999999977 0.07622222222222219
1 0.7000729166666667 0.3646111111111111 0.02594791666666675 0.09172222222222218
1 0.6842395833333333 0.5589074074074074 0.030807291666666715 0.10126851851851863
1 0.6578958333333333 0.3222962962962963 0.023776041666666713 0.08066666666666666
1 0.07848958333333332 0.3146851851851852 0.023843749999999993 0.08856481481481479
1 0.6216875000000001 0.2701851851851852 0.019354166666666592 0.08146296296296297
1 0.8725052083333333 0.374037037037037 0.02495833333333337 0.07557407407407409
1 0.5710416666666667 0.6229259259259259 0.03817187499999998 0.10257407407407405
1 0.37055208333333334 0.46514814814814814 0.025343750000000043 0.10124999999999997
1 0.42214583333333333 0.3944814814814815 0.024234374999999985 0.09129629629629632
1 0.876296875 0.46225925925925926 0.024843749999999904 0.10709259259259261
1 0.5915677083333333 0.8588703703703704 0.035463541666666744 0.13946296296296307
0 0.402390625 0.6773796296296297 0.012588541666666704 0.01929629629629622
1 0.46156250000000004 0.5002777777777777 0.02236458333333336 0.10448148148148145
1 0.18195833333333333 0.6627685185185185 0.027479166666666662 0.12725000000000006