1 0.9562552083333333 0.5035648148148149 0.024156250000000056 0.10808333333333335
1 0.9042395833333334 0.4599537037037037 0.034677083333333296 0.08983333333333332
1 0.7688854166666667 0.31360185185185185 0.022786458333333332 0.06719444444444449
1 0.014255208333333333 0.3414629629629629 0.028510416666666667 0.08957407407407408
1 0.9890885416666666 0.5911203703703704 0.021822916666666713 0.10428703703703693
2 0.5455052083333333 0.426287037037037 0.0221927083333334 0.08097222222222226
1 0.5774375 0.3785833333333333 0.024484375000000114 0.08192592592592594
0 0.2939947916666667 0.7283703703703703 0.010859374999999952 0.01787962962962958
1 0.651015625 0.20746296296296296 0.020906249999999935 0.06290740740740738
1 0.7030104166666666 0.43692592592592594 0.02699479166666663 0.09490740740740741
1 0.33732291666666664 0.2389537037037037 0.02266145833333333 0.07136111111111113
1 0.988578125 0.7292500000000001 0.022843750000000065 0.12510185185185177
1 0.38833333333333336 0.5174351851851853 0.02168750000000005 0.1018611111111111
1 0.30780729166666665 0.5016574074074074 0.028968749999999942 0.09932407407407405
1 0.25323958333333335 0.7028333333333333 0.04060937500000002 0.11185185185185181
1 0.5974375 0.7449351851851852 0.024369791666666647 0.1149907407407408
1 0.5843072916666666 0.30545370370370367 0.019260416666666676 0.0757592592592592
1 0.7481458333333334 0.6251944444444445 0.02986979166666662 0.10647222222222223
1 0.20911458333333333 0.5956574074074074 0.03696354166666668 0.10291666666666675
1 0.6583333333333333 0.962037037037037 0.030208333333333334 0.07592592592592592