1 0.5596145833333334 0.9465092592592593 0.04582291666666668 0.10451851851851862
1 0.30057812500000003 0.26537037037037037 0.03801041666666668 0.10212037037037036
1 0.30147395833333335 0.5977685185185185 0.045145833333333364 0.10425925925925918
2 0.7689270833333333 0.4780185185185185 0.033322916666666674 0.10434259259259264
1 0.6923437499999999 0.4497037037037037 0.030020833333333267 0.10285185185185189
1 0.472984375 0.5266296296296297 0.036666666666666715 0.1026203703703703
1 0.12505208333333334 0.4202222222222222 0.031333333333333345 0.09103703703703708
1 0.197859375 0.5863148148148148 0.04716145833333331 0.1260277777777779
1 0.6197604166666667 0.29721296296296296 0.031145833333333428 0.0940740740740741
1 0.8339166666666666 0.8083055555555556 0.03445833333333326 0.13615740740740737
1 0.26686458333333335 0.4817037037037037 0.03572395833333332 0.11494444444444449
1 0.413796875 0.3471759259259259 0.026145833333333358 0.10135185185185189
1 0.43458854166666666 0.3722314814814815 0.025588541666666725 0.10491666666666662
1 0.6370833333333333 0.2677222222222222 0.021651041666666752 0.09932407407407405
0 0.19703645833333333 0.6503055555555556 0.013322916666666688 0.024935185185185244