1 0.701390625 0.6771296296296296 0.050406250000000104 0.1135462962962964
2 0.5595520833333333 0.5543055555555555 0.03476041666666655 0.1008148148148147
1 0.5830677083333333 0.6106851851851851 0.03415104166666675 0.11503703703703705
1 0.13118229166666667 0.554537037037037 0.03726562499999999 0.09249074074074083
1 0.4246770833333333 0.36959259259259264 0.03242708333333333 0.08331481481481483
1 0.24324479166666665 0.596574074074074 0.034468750000000034 0.11104629629629635
1 0.046651041666666664 0.45725000000000005 0.036338541666666654 0.09308333333333337
1 0.8977864583333334 0.4747037037037037 0.03930729166666656 0.1033333333333333
1 0.35456770833333334 0.43532407407407403 0.03174479166666669 0.09663888888888894
1 0.312953125 0.4649722222222223 0.03715104166666663 0.0988888888888889
1 0.25831770833333334 0.36062962962962963 0.04939583333333332 0.10332407407407411
1 0.45227083333333334 0.3333888888888889 0.027677083333333387 0.07550925925925922
0 0.46863541666666664 0.5703981481481482 0.013890625000000038 0.01875
2 0.8097135416666668 0.149 0.024546875000000058 0.07325925925925926