1 0.17174479166666667 0.4072592592592592 0.044661458333333334 0.08994444444444444
2 0.43674479166666663 0.47173148148148153 0.024807291666666724 0.08695370370370373
1 0.6486406250000001 0.35064814814814815 0.0218020833333334 0.08175925925925921
1 0.1891875 0.8124814814814815 0.038953124999999984 0.13712037037037028
1 0.8033541666666667 0.8832962962962964 0.045598958333333425 0.13512962962962968
1 0.5247968749999999 0.40519444444444447 0.023666666666666634 0.09214814814814813
1 0.44910416666666664 0.39687962962962964 0.023880208333333285 0.08025925925925932
1 0.8320885416666666 0.6906296296296296 0.029760416666666602 0.11958333333333342
1 0.31442708333333336 0.5667407407407408 0.028494791666666686 0.11624999999999996
1 0.551546875 0.28259259259259256 0.02379687500000003 0.0720185185185185
1 0.5788072916666667 0.5523148148148148 0.02465104166666663 0.10467592592592588
1 0.9169531249999999 0.6934166666666667 0.031937500000000084 0.13445370370370374
1 0.37997916666666665 0.5363148148148148 0.028109375000000013 0.10842592592592584
1 0.5197291666666667 0.670037037037037 0.026432291666666666 0.11145370370370382
1 0.7401614583333332 0.4459814814814815 0.022395833333333334 0.0966944444444444
1 0.34935937499999997 0.4688796296296296 0.02559375000000005 0.09312962962962962
1 0.16484895833333332 0.31145370370370373 0.02514583333333332 0.08365740740740743
1 0.36633333333333334 0.33251851851851855 0.021739583333333336 0.08853703703703704
1 0.806375 0.5261388888888889 0.020229166666666742 0.10634259259259256
1 0.8131666666666667 0.48850000000000005 0.025953124999999962 0.09140740740740744
0 0.187765625 0.4397962962962963 0.009463541666666646 0.021370370370370408