2 0.25713020833333333 0.47111111111111115 0.02507291666666666 0.09180555555555553
1 0.48434895833333336 0.24312037037037038 0.024630208333333313 0.07020370370370373
1 0.689890625 0.2949259259259259 0.03572916666666662 0.0801481481481481
1 0.19188020833333336 0.2508611111111111 0.025979166666666664 0.08118518518518517
1 0.44285416666666666 0.24716666666666667 0.019479166666666714 0.0705740740740741
1 0.94921875 0.4607777777777778 0.03658854166666667 0.09767592592592593
1 0.5231822916666666 0.5459999999999999 0.03089583333333336 0.10074999999999995
1 0.9143802083333333 0.24562962962962961 0.02410416666666677 0.0736574074074074
1 0.71978125 0.48442592592592587 0.025359375000000028 0.09751851851851846
1 0.8465416666666666 0.4521296296296297 0.03618229166666656 0.10418518518518523
1 0.02540104166666667 0.2819722222222222 0.023317708333333333 0.08409259259259254
1 0.5045416666666667 0.6668148148148147 0.028572916666666615 0.08277777777777787
1 0.48171354166666663 0.6972777777777778 0.029468749999999964 0.10551851851851855
1 0.48894791666666665 0.7674166666666666 0.03535416666666672 0.1102222222222222
1 0.6481927083333333 0.7982777777777778 0.03480208333333342 0.13593518518518513
0 0.45927604166666663 0.7948796296296297 0.01075520833333338 0.01897222222222223
1 0.595421875 0.6602222222222222 0.03675520833333342 0.11824074074074079
1 0.5846458333333333 0.33137037037037037 0.028927083333333315 0.09065740740740738