1 0.40188541666666666 0.49027777777777776 0.04272395833333332 0.09033333333333328
1 0.8616302083333333 0.31156481481481485 0.029640624999999924 0.0933888888888889
2 0.16463541666666667 0.4399074074074074 0.027161458333333322 0.09753703703703702
1 0.529765625 0.517888888888889 0.03452604166666671 0.10089814814814817
1 0.35854166666666665 0.7265833333333334 0.03872916666666661 0.12166666666666676
1 0.7475885416666667 0.6779351851851851 0.049062499999999905 0.10702777777777771
1 0.23649479166666668 0.5539722222222222 0.04495833333333336 0.11593518518518522
1 0.6937916666666666 0.39235185185185184 0.028963541666666735 0.09919444444444445
1 0.7810833333333334 0.43718518518518523 0.029416666666666678 0.09641666666666666
1 0.3884375 0.2990277777777778 0.025166666666666632 0.08258333333333327
1 0.21968229166666667 0.31317592592592597 0.028744791666666637 0.09189814814814815
1 0.513765625 0.3400925925925926 0.026250000000000048 0.08556481481481479
1 0.5753854166666666 0.5211203703703703 0.02688541666666661 0.10625925925925925
1 0.3909322916666667 0.8018425925925926 0.04309895833333333 0.13131481481481475
1 0.009635416666666667 0.33194444444444443 0.019270833333333334 0.09537037037037037
1 0.5909114583333334 0.32373148148148145 0.023276041666666695 0.08306481481481486
1 0.56984375 0.328537037037037 0.023677083333333352 0.0897592592592592
1 0.438546875 0.27851851851851855 0.019255208333333346 0.07708333333333334