2 0.473484375 0.5245740740740741 0.04553645833333337 0.11068518518518515
1 0.037625 0.39382407407407405 0.036385416666666656 0.09216666666666663
1 0.10575000000000001 0.6819907407407407 0.06589062500000001 0.12378703703703708
1 0.7000572916666666 0.3328148148148148 0.04583333333333333 0.08286111111111112
1 0.23683854166666668 0.34202777777777776 0.040499999999999994 0.08473148148148148
1 0.07004166666666665 0.42891666666666667 0.04027083333333333 0.09367592592592594
1 0.19453125 0.8628425925925925 0.05984895833333332 0.12359259259259261
1 0.3612447916666667 0.5807129629629629 0.044015624999999996 0.12472222222222226
1 0.6829635416666666 0.7835185185185186 0.054833333333333435 0.14323148148148154
1 0.17956249999999999 0.4049259259259259 0.03187500000000002 0.103287037037037
1 0.146515625 0.4406851851851852 0.04316145833333333 0.10663888888888885
1 0.4574479166666666 0.34349074074074076 0.04165625000000001 0.0837592592592593
1 0.09896354166666667 0.32316666666666666 0.03384895833333334 0.09358333333333327
1 0.20038541666666668 0.5569444444444445 0.04628125000000001 0.1264629629629629
1 0.9196927083333333 0.6306944444444444 0.04594270833333335 0.1259259259259259
2 0.25446874999999997 0.21226851851851852 0.025723958333333328 0.09266666666666667
0 0.677375 0.32469444444444445 0.010125000000000028 0.020250000000000004