1 0.700546875 0.33455555555555555 0.0266354166666666 0.08182407407407408
1 0.55903125 0.33952777777777776 0.029760416666666602 0.08902777777777776
1 0.45543229166666666 0.6097592592592592 0.0334010416666666 0.12087037037037034
1 0.32058333333333333 0.42753703703703705 0.03104166666666662 0.10261111111111106
1 0.12088541666666666 0.4128425925925926 0.032453125 0.1006851851851852
1 0.7389947916666666 0.3320925925925926 0.02720833333333322 0.08503703703703706
1 0.08732291666666667 0.522787037037037 0.03611458333333332 0.11674074074074073
2 0.36791145833333333 0.46285185185185185 0.02734375 0.09367592592592594
1 0.530328125 0.3584259259259259 0.023276041666666695 0.08061111111111106
1 0.23072916666666668 0.4237592592592592 0.03272395833333335 0.10459259259259257
1 0.4524270833333333 0.3112314814814815 0.027187500000000024 0.07943518518518515
1 0.3858697916666667 0.6499444444444445 0.026692708333333332 0.11744444444444437
1 0.6589270833333334 0.4225185185185185 0.025630208333333352 0.09495370370370367
1 0.7982864583333333 0.5562037037037038 0.03390104166666674 0.12475000000000001
1 0.17605208333333333 0.2983148148148148 0.020885416666666677 0.09274074074074071
1 0.48461458333333335 0.2840555555555555 0.030624999999999975 0.07554629629629632