2 0.18928125 0.4303796296296296 0.04871354166666665 0.10753703703703703
0 0.38308333333333333 0.3098240740740741 0.011234374999999967 0.017212962962962992
1 0.6538697916666667 0.6479722222222222 0.05520312499999989 0.14948148148148152
1 0.055921875 0.5621574074074074 0.04385416666666666 0.13020370370370382
1 0.431765625 0.8036388888888888 0.06271875000000003 0.1418518518518519
1 0.5784739583333334 0.3311296296296296 0.03299479166666662 0.1055462962962963
1 0.31090104166666666 0.3218333333333333 0.036734374999999986 0.1044074074074074
1 0.34897395833333333 0.2705462962962963 0.02762499999999998 0.08858333333333332
1 0.68896875 0.47784259259259265 0.04161979166666659 0.12275925925925925
1 0.4018541666666666 0.6657407407407407 0.04691666666666663 0.1231944444444444
1 0.53221875 0.5317037037037037 0.04098437499999997 0.1251388888888889