1 0.49158854166666666 0.7937407407407407 0.05956770833333339 0.11746296296296287
1 0.6249375 0.43384259259259256 0.03963020833333341 0.0881759259259259
1 0.7759583333333333 0.3747685185185185 0.027708333333333238 0.09735185185185184
1 0.746484375 0.15697222222222224 0.0211666666666666 0.07558333333333334
1 0.11683854166666667 0.3771574074074074 0.029380208333333345 0.10369444444444445
1 0.28592708333333333 0.21913888888888888 0.026312499999999992 0.08465740740740742
1 0.4417916666666667 0.24087037037037035 0.02258333333333328 0.08020370370370371
1 0.6676666666666667 0.21863888888888888 0.02312500000000005 0.07752777777777779
1 0.8856875 0.6082685185185185 0.04346875000000002 0.11788888888888883
1 0.5650052083333333 0.6626574074074074 0.042906250000000055 0.12540740740740747
1 0.5775833333333333 0.48001851851851846 0.03396354166666669 0.10712037037037042
1 0.33790624999999996 0.6843611111111111 0.04746354166666673 0.11450925925925932
1 0.04178125 0.37274999999999997 0.028994791666666672 0.10542592592592594
1 0.5636510416666667 0.8112870370370371 0.06496354166666668 0.12196296296296298
1 0.9229322916666667 0.8021574074074075 0.04485416666666661 0.14422222222222222
2 0.24371875 0.4022037037037037 0.03237499999999998 0.09691666666666662
1 0.47109375 0.21051851851851852 0.019869791666666713 0.07339814814814813
1 0.009880208333333333 0.6026481481481482 0.01956770833333333 0.1158425925925925
0 0.585953125 0.8480555555555556 0.017838541666666666 0.0313055555555555