2 0.3232708333333333 0.3049351851851852 0.028036458333333295 0.0834722222222222
1 0.0993125 0.35075925925925927 0.03220833333333335 0.0959537037037037
1 0.8352031249999999 0.3915 0.028531250000000105 0.09746296296296296
1 0.5197239583333333 0.2550925925925926 0.02195312500000005 0.09755555555555556
1 0.16648958333333336 0.52725 0.0454114583333333 0.10909259259259253
1 0.4252916666666666 0.3748240740740741 0.03239583333333336 0.1076759259259259
1 0.5320781250000001 0.47761111111111115 0.03820833333333328 0.11223148148148152
0 0.2929791666666667 0.5035925925925926 0.013234375000000043 0.019527777777777703
1 0.8203645833333333 0.8761203703703704 0.04416145833333331 0.1503425925925925
1 0.4875208333333333 0.33349074074074075 0.027015624999999942 0.0978518518518518
1 0.21994270833333335 0.37497222222222226 0.03189583333333334 0.11206481481481478
1 0.4736666666666667 0.26237962962962963 0.02255729166666664 0.07630555555555553
1 0.7864687499999999 0.3731481481481482 0.03416145833333341 0.11522222222222227
1 0.1210625 0.4402685185185185 0.03154166666666668 0.1073240740740741
1 0.7050833333333333 0.32657407407407407 0.026223958333333287 0.09991666666666664
1 0.6832239583333333 0.3742314814814815 0.033359375000000094 0.10467592592592588
1 0.8581979166666667 0.6222314814814814 0.031338541666666705 0.13650925925925933