2 0.8519895833333333 0.5992962962962963 0.03567187499999989 0.1194166666666667
1 0.5996041666666667 0.5634074074074075 0.04277083333333328 0.09861111111111111
0 0.687078125 0.5945185185185186 0.012583333333333257 0.01679629629629639
1 0.676953125 0.30053703703703705 0.03201041666666669 0.096712962962963
1 0.19943229166666668 0.2848333333333333 0.03481770833333334 0.09387962962962962
1 0.4528385416666667 0.6492962962962963 0.037520833333333316 0.12637962962962965
1 0.4715885416666667 0.72175 0.040385416666666646 0.14629629629629629
1 0.437359375 0.45215740740740734 0.03574479166666673 0.1080833333333333
1 0.6499895833333333 0.5564907407407408 0.03203125 0.11387962962962964
1 0.28645312500000003 0.4558425925925926 0.03176041666666667 0.11421296296296299
1 0.6167083333333333 0.32462037037037034 0.030421874999999925 0.0930092592592593
1 0.563109375 0.7825185185185185 0.03891145833333335 0.1567962962962962
1 0.28602083333333334 0.7825648148148148 0.03024999999999996 0.13989814814814808
1 0.28372395833333336 0.6541851851851852 0.02941145833333335 0.1143240740740741
1 0.8773229166666667 0.95525 0.04919270833333324 0.08949999999999997
1 0.009104166666666667 0.6392222222222222 0.018208333333333333 0.10373148148148145
2 0.8259479166666667 0.09507407407407407 0.024072916666666562 0.07552777777777778