1 0.6863229166666667 0.5144074074074073 0.03267708333333322 0.10706481481481486
1 0.9744114583333333 0.5744351851851852 0.049583333333333236 0.11978703703703715
1 0.66128125 0.34628703703703706 0.02918749999999998 0.08350925925925931
1 0.15972395833333333 0.4240277777777778 0.031640625 0.10384259259259257
1 0.087546875 0.4019444444444445 0.03604687499999999 0.10338888888888886
1 0.4192708333333333 0.3138148148148148 0.022781250000000006 0.08462962962962961
1 0.28566145833333334 0.6687592592592593 0.04233333333333332 0.12497222222222225
1 0.486390625 0.40258333333333335 0.039427083333333356 0.09699074074074074
1 0.35708854166666665 0.6398055555555555 0.03826562500000001 0.12804629629629627
1 0.027203124999999998 0.2861388888888889 0.029260416666666664 0.08041666666666669
2 0.23626041666666667 0.43373148148148155 0.021567708333333317 0.09609259259259262
1 0.7171197916666666 0.33252777777777776 0.03291666666666657 0.08954629629629633
1 0.4533697916666667 0.32401851851851854 0.024046875000000037 0.08957407407407408
1 0.05063020833333333 0.26064814814814813 0.018552083333333337 0.0907685185185185
1 0.37821875 0.2634444444444444 0.01967708333333332 0.07995370370370372
0 0.7137083333333333 0.3665925925925926 0.009666666666666638 0.01696296296296301
2 0.02675 0.2303425925925926 0.032484375 0.06310185185185188