1 0.8486614583333334 0.4347314814814815 0.02691145833333337 0.0842685185185185
1 0.4959322916666667 0.4721111111111111 0.026734374999999963 0.08935185185185185
1 0.8858020833333333 0.44357407407407407 0.029536458333333352 0.09017592592592591
1 0.28531249999999997 0.6819537037037037 0.027723958333333344 0.10005555555555551
1 0.227484375 0.5091851851851852 0.02723437499999998 0.09609259259259256
1 0.5943802083333334 0.5316851851851853 0.02898437500000005 0.09280555555555557
1 0.09772916666666666 0.38787037037037037 0.025624999999999995 0.0827314814814815
1 0.8019114583333333 0.8872962962962962 0.03612500000000007 0.12989814814814812
1 0.1427864583333333 0.38783333333333336 0.02463020833333333 0.08005555555555559
1 0.37917708333333333 0.49643518518518515 0.02495833333333337 0.09323148148148153
1 0.5176458333333334 0.34329629629629627 0.025583333333333277 0.07643518518518515
1 0.37777083333333333 0.2921018518518519 0.02521354166666671 0.06742592592592586
2 0.7062135416666667 0.5078981481481482 0.02745833333333323 0.0864259259259259
1 0.32864583333333336 0.975925925925926 0.03854166666666667 0.04814814814814815
2 0.349640625 0.256037037037037 0.017635416666666615 0.06516666666666666