1 0.5352291666666668 0.8091018518518519 0.06533333333333337 0.10329629629629625
1 0.8570572916666667 0.6818518518518518 0.028026041666666637 0.1114166666666666
1 0.560765625 0.2783703703703704 0.01755208333333324 0.07012962962962964
1 0.723859375 0.5439907407407407 0.029781249999999915 0.09440740740740744
1 0.629484375 0.3434259259259259 0.020015624999999915 0.07070370370370371
1 0.108984375 0.7023055555555555 0.034375 0.12599999999999995
2 0.4888125 0.4980185185185185 0.022828124999999963 0.08994444444444448
1 0.7403489583333334 0.38239814814814815 0.024031249999999935 0.08478703703703698
1 0.24633333333333332 0.30397222222222225 0.018734375000000015 0.07881481481481482
1 0.46507291666666667 0.5296296296296297 0.027390624999999957 0.09937962962962957
1 0.3118385416666667 0.5085277777777778 0.03677604166666661 0.10395370370370369
1 0.9532760416666667 0.6922962962962963 0.02795833333333325 0.11509259259259255
1 0.7924427083333333 0.47242592592592597 0.022901041666666563 0.0984722222222222
1 0.4315208333333333 0.30317592592592596 0.018312500000000044 0.07975925925925925
1 0.9371041666666666 0.8774629629629629 0.044156250000000105 0.13732407407407402
1 0.6697135416666666 0.3852685185185185 0.032447916666666764 0.08217592592592593
1 0.8243489583333333 0.46861111111111114 0.029635416666666713 0.09564814814814811
1 0.24059895833333333 0.38078703703703703 0.022307291666666687 0.0820092592592592
1 0.5324479166666667 0.9114351851851853 0.03919791666666672 0.13828703703703707
1 0.6301510416666667 0.2944814814814815 0.015588541666666582 0.05798148148148149
0 0.32728125 0.5478981481481482 0.009249999999999996 0.02521296296296298