2 0.05533333333333333 0.41926851851851854 0.02377083333333334 0.09113888888888884
1 0.4735625 0.5270185185185184 0.037833333333333385 0.08989814814814807
1 0.48467708333333337 0.411962962962963 0.035255208333333364 0.09068518518518513
1 0.3666875 0.45250000000000007 0.04146354166666662 0.09310185185185187
1 0.6291927083333333 0.5063703703703704 0.045067708333333435 0.11074999999999996
1 0.40121875 0.3688425925925926 0.02890625 0.07475000000000001
1 0.7855989583333333 0.4240555555555556 0.0311770833333334 0.07953703703703702
1 0.537359375 0.7259907407407408 0.03447395833333336 0.12197222222222225
1 0.3560833333333333 0.37200925925925926 0.024901041666666637 0.08613888888888886
1 0.5992395833333333 0.46408333333333335 0.026374999999999933 0.08867592592592596
1 0.5948541666666666 0.5434814814814816 0.029171875000000114 0.10775925925925936
1 0.12178125 0.7128425925925926 0.03564062499999999 0.128037037037037
1 0.34128125 0.5143611111111112 0.03987499999999997 0.10523148148148151
1 0.22846354166666666 0.3847592592592593 0.026078125000000025 0.09808333333333329
1 0.04947395833333333 0.5579722222222222 0.03080208333333334 0.11891666666666673
1 0.34854687500000003 0.4192407407407407 0.03527083333333335 0.0783611111111111
0 0.35956770833333335 0.4036018518518518 0.008989583333333329 0.016425925925925934