1 0.7633697916666667 0.2724722222222222 0.023203125000000095 0.09717592592592594
1 0.200515625 0.5165740740740741 0.04186458333333333 0.11461111111111108
1 0.3251354166666667 0.7711759259259259 0.04975520833333332 0.1579444444444444
2 0.851296875 0.4976388888888889 0.031385416666666784 0.11492592592592588
1 0.362953125 0.3429814814814815 0.029697916666666657 0.10337962962962961
0 0.5199479166666666 0.7113518518518518 0.014682291666666696 0.02381481481481484
1 0.08346875 0.5791018518518518 0.04935937499999999 0.12997222222222232
1 0.607359375 0.6466018518518519 0.04823958333333327 0.13149999999999998
1 0.4263645833333333 0.4884814814814814 0.034916666666666644 0.11646296296296293
1 0.41960416666666667 0.6510462962962963 0.046177083333333376 0.12235185185185195
1 0.2867395833333333 0.2249722222222222 0.03039583333333328 0.09762037037037037
1 0.38789583333333333 0.37112962962962964 0.03433333333333337 0.10703703703703706
1 0.7780677083333334 0.2564444444444444 0.016895833333333363 0.09770370370370368
2 0.9072395833333334 0.03256481481481482 0.022442708333333408 0.06512962962962963