2 0.24309895833333334 0.35741666666666666 0.022083333333333323 0.10403703703703705
1 0.32982812499999997 0.3661111111111111 0.030098958333333314 0.09978703703703702
1 0.650171875 0.3471666666666667 0.04837500000000006 0.09735185185185184
0 0.29424479166666667 0.42221296296296296 0.014124999999999943 0.020620370370370355
1 0.8043125 0.617037037037037 0.04489062500000003 0.13656481481481483
1 0.18902083333333333 0.429287037037037 0.042197916666666654 0.12571296296296294
1 0.16903645833333333 0.32149074074074074 0.024734375000000006 0.09488888888888891
1 0.252453125 0.5550555555555556 0.039802083333333314 0.128175925925926
1 0.7407291666666667 0.8377407407407408 0.04289062499999995 0.14841666666666664
1 0.6842343750000001 0.4453518518518519 0.028671875000000093 0.12001851851851847
1 0.7710104166666666 0.45282407407407416 0.02443750000000004 0.12313888888888895
1 0.37377604166666667 0.4415925925925926 0.030484374999999987 0.11301851851851857
1 0.48794270833333336 0.30330555555555555 0.024130208333333295 0.0992222222222222
1 0.7589114583333333 0.41360185185185183 0.022177083333333295 0.11392592592592589