1 0.9007239583333334 0.5909722222222222 0.046036458333333266 0.11762037037037035
1 0.474609375 0.4017962962962963 0.0359375 0.09346296296296291
1 0.65134375 0.5314444444444445 0.0379791666666667 0.11800000000000005
1 0.7622291666666666 0.3224444444444445 0.02695833333333345 0.08283333333333337
1 0.5425729166666666 0.34449074074074076 0.03139583333333338 0.08416666666666664
2 0.3264791666666667 0.44867592592592587 0.03231249999999998 0.09835185185185183
1 0.2870729166666666 0.6128888888888888 0.0335572916666667 0.11574074074074074
1 0.08679687500000001 0.5231018518518519 0.027968749999999994 0.11612037037037039
1 0.5941927083333333 0.39367592592592593 0.0281979166666666 0.08686111111111117
1 0.4654166666666667 0.32466666666666666 0.019687499999999976 0.0750555555555555
1 0.08145312499999999 0.4139722222222222 0.02897395833333333 0.0941111111111111
1 0.024229166666666666 0.7272222222222222 0.041421875000000004 0.13597222222222213
1 0.33645833333333336 0.5982777777777778 0.032125000000000035 0.11829629629629629
2 0.10925520833333334 0.27678703703703705 0.02841145833333334 0.07933333333333328
1 0.42128125 0.3730925925925926 0.03337499999999996 0.08558333333333329
1 0.15913020833333333 0.31144444444444447 0.021859375000000014 0.07745370370370368
1 0.3936927083333333 0.3524351851851852 0.022921874999999994 0.09089814814814812
1 0.16830208333333332 0.4250648148148148 0.021713541666666693 0.10455555555555551
1 0.213984375 0.2977037037037037 0.022031249999999978 0.05933333333333337
1 0.47958854166666665 0.327712962962963 0.014979166666666661 0.07858333333333334
0 0.7558229166666667 0.35508333333333336 0.01008854166666661 0.017175925925925883