2 0.839265625 0.5550277777777778 0.0312656250000001 0.1161481481481482
1 0.5745364583333333 0.8863240740740741 0.037557291666666735 0.15363888888888885
1 0.8997395833333334 0.6158240740740741 0.03816145833333332 0.13167592592592595
1 0.17661979166666666 0.5594537037037037 0.04327604166666668 0.12690740740740736
1 0.566671875 0.3996111111111111 0.03106770833333338 0.10145370370370375
1 0.750984375 0.33329629629629626 0.03010416666666676 0.08536111111111105
1 0.415015625 0.6693611111111111 0.0437864583333333 0.14212962962962963
1 0.25533854166666664 0.4555370370370371 0.029677083333333344 0.1136018518518519
1 0.4682604166666666 0.39939814814814817 0.030223958333333318 0.09092592592592597
1 0.23645833333333333 0.6200185185185185 0.03665104166666667 0.12069444444444435
1 0.4975625 0.5799537037037037 0.037635416666666664 0.1316296296296297
1 0.431078125 0.44499074074074074 0.03603645833333336 0.09473148148148154
1 0.50509375 0.4698981481481482 0.03260937499999995 0.10285185185185183
1 0.8473385416666667 0.39812962962962967 0.033046874999999906 0.1076574074074074
1 0.49466666666666664 0.3756851851851852 0.03195833333333328 0.08436111111111112
1 0.18609895833333334 0.45310185185185187 0.026848958333333308 0.09650925925925928
1 0.6484062500000001 0.3995648148148148 0.024567708333333372 0.11042592592592591
0 0.5126875 0.410462962962963 0.013260416666666686 0.01780555555555557
2 0.7555 0.2071574074074074 0.020578125000000114 0.08466666666666667