1 0.8244166666666667 0.6129351851851852 0.029453125000000094 0.11574074074074074
1 0.14963020833333335 0.40628703703703706 0.027927083333333335 0.09024074074074077
1 0.19347395833333333 0.5760555555555555 0.03206770833333336 0.10743518518518516
1 0.7390104166666667 0.6836203703703703 0.02548958333333336 0.10858333333333332
1 0.07029166666666667 0.5820555555555555 0.030109375 0.11519444444444452
1 0.5314427083333333 0.49383333333333335 0.026552083333333285 0.08828703703703701
1 0.6220312499999999 0.45107407407407407 0.023208333333333307 0.08255555555555552
1 0.88146875 0.7664722222222222 0.03779166666666664 0.12404629629629632
1 0.36347395833333335 0.365 0.022677083333333313 0.07020370370370375
1 0.7320781249999999 0.5447777777777778 0.030854166666666554 0.10385185185185193
1 0.45803125 0.358 0.01828645833333328 0.07150000000000002
1 0.33119791666666665 0.3322407407407407 0.019166666666666644 0.06966666666666667
2 0.1905625 0.4547407407407407 0.020989583333333308 0.09479629629629624
1 0.49151041666666667 0.5714722222222223 0.024473958333333337 0.0982129629629629
1 0.5599947916666667 0.4588796296296296 0.025057291666666735 0.0978148148148148
1 0.41108854166666664 0.7649259259259259 0.027598958333333336 0.12300925925925918
1 0.7158385416666667 0.52025 0.023177083333333334 0.1015092592592592
1 0.13216666666666665 0.9827499999999999 0.04713020833333334 0.03449074074074074
0 0.2353333333333333 0.4125 0.009739583333333357 0.018379629629629652