2 0.31683333333333336 0.40328703703703705 0.04716666666666664 0.11061111111111115
1 0.3779635416666667 0.3035925925925926 0.027994791666666668 0.08841666666666667
1 0.5740312500000001 0.3248333333333333 0.0315677083333334 0.09290740740740744
1 0.7357447916666667 0.44914814814814813 0.03134374999999991 0.11191666666666666
1 0.6553697916666666 0.8033333333333333 0.043343749999999896 0.15139814814814814
1 0.7774270833333333 0.5776111111111112 0.04338541666666676 0.1449444444444444
1 0.4392552083333333 0.2961481481481481 0.030333333333333337 0.09251851851851849
1 0.33529166666666665 0.5283148148148149 0.04843229166666667 0.13707407407407404
1 0.7187291666666666 0.5176018518518518 0.035812500000000115 0.11989814814814816
1 0.7338229166666667 0.6331481481481481 0.03294791666666678 0.13427777777777777
0 0.3711302083333334 0.34097222222222223 0.011567708333333352 0.0205740740740741