1 0.23263541666666668 0.38065740740740744 0.03922916666666669 0.10616666666666663
1 0.13542708333333334 0.32072222222222224 0.027374999999999986 0.10234259259259257
1 0.4721614583333333 0.19182407407407406 0.024041666666666708 0.08522222222222224
1 0.18320833333333333 0.23912037037037037 0.023098958333333346 0.09345370370370373
1 0.5254114583333334 0.17816666666666667 0.024260416666666628 0.08337962962962964
1 0.2981979166666667 0.48886111111111114 0.029369791666666718 0.10422222222222217
1 0.5858177083333334 0.27350925925925923 0.02687499999999995 0.0996759259259259
1 0.33280729166666667 0.2769537037037037 0.027463541666666678 0.10027777777777776
2 0.265921875 0.2604259259259259 0.02460937499999997 0.08806481481481483
1 0.7595052083333333 0.35371296296296295 0.025473958333333258 0.10378703703703707
1 0.5680885416666667 0.3879722222222222 0.02536458333333324 0.10544444444444444
1 0.659390625 0.2634722222222222 0.024562499999999925 0.10577777777777779
1 0.6988229166666666 0.6406388888888889 0.03540625000000001 0.13625925925925933
1 0.5948802083333333 0.8004814814814815 0.03781249999999995 0.15208333333333332
1 0.39122395833333334 0.1611388888888889 0.019765625000000023 0.08875925925925927
0 0.5609114583333333 0.8648333333333333 0.012947916666666733 0.02177777777777776
1 0.67746875 0.26015740740740745 0.022093750000000037 0.11114814814814813