1 0.3470234375 0.455625 0.04024218749999999 0.08980555555555551
1 0.678390625 0.8460555555555556 0.04724218750000002 0.13254166666666675
1 0.3049296875 0.33993055555555557 0.03845312500000002 0.07401388888888888
2 0.309578125 0.52125 0.02817968750000004 0.10390277777777786
1 0.5295078125 0.8767638888888889 0.05386718750000004 0.1310833333333335
1 0.5321796875 0.6138888888888889 0.041796875 0.11116666666666662
1 0.430953125 0.45868055555555554 0.03632031250000001 0.09890277777777783
1 0.14790625 0.488375 0.04178906250000001 0.09618055555555556
1 0.5017890625 0.2894583333333333 0.031257812499999996 0.07345833333333332
1 0.76621875 0.5679861111111111 0.04582812500000007 0.10551388888888892
1 0.6847109375 0.3476944444444445 0.028421875000000086 0.07580555555555553
1 0.3631015625 0.6292222222222222 0.051265625 0.10398611111111111
0 0.5099843749999999 0.31709722222222225 0.007468749999999957 0.016097222222222186