1 0.7502265625 0.5080555555555556 0.042953125000000016 0.1180277777777778
0 0.45146875 0.3074722222222222 0.012453125000000042 0.01831944444444444
1 0.764953125 0.6226805555555556 0.0541015625 0.12876388888888893
1 0.711421875 0.7193611111111112 0.05044531249999995 0.1417638888888888
1 0.37227343749999997 0.5273194444444445 0.052976562499999956 0.1251944444444444
1 0.6226796875 0.48516666666666663 0.050093749999999916 0.11991666666666671
1 0.3115 0.41865277777777776 0.04021875000000001 0.11338888888888887
1 0.4887890625 0.3002222222222222 0.03618749999999995 0.10190277777777779
1 0.3658828125 0.2679722222222222 0.028703125000000006 0.09029166666666666
1 0.0334140625 0.4490416666666667 0.04120312499999999 0.1237083333333334
1 0.3828671875 0.38333333333333336 0.04210156249999999 0.10931944444444446
2 0.18910156250000001 0.36215277777777777 0.03826562500000001 0.09986111111111108
1 0.344578125 0.2755 0.019140625 0.08840277777777775