0 0.358375 0.4557361111111111 0.013484374999999993 0.019041666666666717
1 0.5353359375 0.5429583333333333 0.03662500000000009 0.13299999999999998
1 0.664328125 0.3798194444444445 0.046632812500000044 0.07680555555555553
1 0.47021875 0.4119444444444445 0.04333593750000002 0.06805555555555555
1 0.474046875 0.679625 0.03865625000000002 0.1541944444444445
1 0.7468125 0.3570277777777778 0.02706250000000008 0.11197222222222222
1 0.9379375 0.341375 0.0435546875 0.1165416666666667
1 0.8541484374999999 0.41616666666666663 0.03230468749999993 0.12154166666666666
1 0.9014296875 0.47968055555555555 0.031625000000000014 0.13131944444444438
1 0.7907968750000001 0.4525416666666666 0.031851562499999986 0.1295138888888889
1 0.8775546875 0.4225972222222222 0.029085937500000013 0.11272222222222218