1 0.758828125 0.4434722222222222 0.03275781250000005 0.10536111111111113
2 0.46121093750000003 0.4231388888888889 0.02796093749999997 0.10091666666666663
1 0.563421875 0.31544444444444447 0.034476562500000085 0.06945833333333332
1 0.3896015625 0.2977916666666667 0.025515624999999976 0.07634722222222218
1 0.2813671875 0.4982638888888889 0.030304687499999972 0.121875
1 0.2214296875 0.37369444444444444 0.035421875000000026 0.09558333333333337
1 0.6966015624999999 0.43752777777777774 0.034554687500000014 0.1011388888888888
1 0.392203125 0.4567361111111111 0.03201562500000001 0.10411111111111117
1 0.5448671875 0.6518333333333334 0.03685937500000005 0.12798611111111108
1 0.6773828125 0.8685972222222222 0.042593749999999986 0.15850000000000017
1 0.703515625 0.3790138888888889 0.03196875000000006 0.08566666666666664
1 0.1034453125 0.5648194444444444 0.035546875 0.1322222222222223
1 0.4156953125 0.36872222222222223 0.022359374999999914 0.0941111111111111
1 0.8905390625 0.7198888888888889 0.03358593749999983 0.1424166666666666
1 0.8828515625 0.5726805555555555 0.03082812500000003 0.12748611111111105
1 0.5703203125 0.247 0.024320312500000087 0.0733611111111111
1 0.909140625 0.5606666666666666 0.025687500000000085 0.1149027777777778
1 0.29772656249999996 0.39975 0.03484375000000002 0.09737500000000002
1 0.689625 0.5939722222222222 0.03166406249999998 0.13097222222222216
1 0.526578125 0.3522222222222222 0.02982812500000005 0.09593055555555555
1 0.3678203125 0.17365277777777777 0.032125 0.0705277777777778