1 0.9153828125000001 0.5887222222222223 0.05131249999999987 0.12094444444444451
1 0.185234375 0.398 0.025796874999999986 0.12913888888888891
1 0.6613671875 0.5399444444444444 0.0451171875 0.1191666666666666
2 0.20325000000000001 0.3094027777777778 0.030429687500000014 0.09956944444444445
1 0.41546874999999994 0.45563888888888887 0.059046874999999985 0.04300000000000005
1 0.0824609375 0.542125 0.04371875000000001 0.11372222222222221
1 0.3223828125 0.41988888888888887 0.02901562499999999 0.12088888888888884
1 0.378515625 0.5370694444444445 0.03782812499999997 0.13209722222222225
1 0.30934375 0.7755972222222222 0.036398437500000026 0.14052777777777786
1 0.26075781249999996 0.5501527777777778 0.03041406249999996 0.13474999999999998
1 0.626375 0.4877222222222223 0.03618749999999995 0.10162499999999994
1 0.06071093749999999 0.7797222222222222 0.036789062500000004 0.15206944444444445
1 0.0490234375 0.3592222222222222 0.032523437499999995 0.12061111111111116
1 0.487796875 0.46758333333333335 0.05392187499999999 0.038749999999999965
0 0.513671875 0.4390833333333333 0.012765624999999937 0.02052777777777774