1 0.3645703125 0.521125 0.053953124999999956 0.14523611111111118
1 0.45786718750000005 0.31663888888888886 0.03214843750000007 0.10338888888888889
1 0.24748437499999998 0.44858333333333333 0.051492187499999974 0.12262499999999996
1 0.3808671875 0.3648472222222222 0.03148437499999997 0.11584722222222218
1 0.856296875 0.56125 0.04917968749999986 0.15387499999999996
1 0.5068984375000001 0.40770833333333334 0.030757812499999915 0.14297222222222217
1 0.348046875 0.352375 0.04389062499999996 0.11308333333333336
1 0.587203125 0.42983333333333335 0.032578125000000034 0.12155555555555553
2 0.039281250000000004 0.4014444444444445 0.044882812499999994 0.12606944444444443
1 0.40853124999999996 0.44893055555555555 0.03036718749999996 0.15288888888888894
1 0.431609375 0.42041666666666666 0.027851562500000072 0.14505555555555552
1 0.5695781249999999 0.3359722222222222 0.028562499999999956 0.10477777777777778
0 0.15818749999999998 0.38373611111111117 0.0134765625 0.02673611111111111
1 0.48483593750000004 0.36687499999999995 0.021960937499999923 0.11829166666666666
1 0.5489296875 0.32476388888888885 0.02937499999999993 0.11665277777777774