1 0.40941406249999995 0.38330555555555557 0.027171874999999977 0.09601388888888888
1 0.026437500000000003 0.6752777777777778 0.043296875 0.13286111111111107
1 0.5378125 0.5257222222222222 0.028531249999999987 0.11161111111111113
1 0.15032812499999998 0.3876388888888889 0.028882812499999976 0.10544444444444442
1 0.509 0.42268055555555556 0.03233593750000008 0.09700000000000004
1 0.365453125 0.41075 0.023867187499999963 0.09677777777777787
1 0.5385390625 0.44090277777777775 0.023445312499999992 0.07733333333333327
1 0.6028984375 0.5549166666666667 0.04664843750000003 0.11754166666666666
1 0.47654687500000004 0.3905833333333334 0.02775781249999998 0.0899583333333333
2 0.02790625 0.45394444444444443 0.0266484375 0.11369444444444446
1 0.5790859375 0.5298333333333334 0.036734374999999986 0.11088888888888894
1 0.6531328125 0.45087499999999997 0.02898437499999993 0.10447222222222226
1 0.3749921875 0.4621527777777778 0.027664062499999975 0.10280555555555553
1 0.2210859375 0.411375 0.024570312500000035 0.11202777777777774
1 0.6121484374999999 0.44638888888888884 0.01908593750000005 0.10906944444444441
1 0.187703125 0.2048333333333333 0.019195312499999995 0.07948611111111112
1 0.1814375 0.288375 0.018914062499999985 0.08916666666666664
1 0.6273515625 0.4615277777777778 0.024445312499999972 0.10391666666666674