1 0.408609375 0.4340833333333334 0.03156250000000003 0.06575000000000004
1 0.028429687500000002 0.3743888888888889 0.02634375 0.07245833333333332
2 0.13182812500000002 0.2762222222222222 0.027007812499999995 0.06738888888888886
1 0.135046875 0.16406944444444443 0.020437500000000018 0.05508333333333331
1 0.2524765625 0.3651527777777778 0.020296875000000013 0.0683888888888889
1 0.2955078125 0.3153472222222222 0.016468750000000032 0.07470833333333336
1 0.30659375 0.3892361111111111 0.029445312499999952 0.07588888888888887
1 0.4455703125 0.4376805555555556 0.02672656250000003 0.06834722222222227
1 0.334609375 0.33976388888888887 0.032132812499999996 0.05325000000000005
1 0.2007890625 0.3408611111111111 0.024015625000000006 0.07990277777777782
1 0.49205468750000003 0.3950833333333333 0.016843749999999956 0.056236111111111126
1 0.3501328125 0.3093194444444445 0.026171875 0.06693055555555555
1 0.16539062499999999 0.4700277777777778 0.025265625000000024 0.07908333333333326
1 0.0205234375 0.6291666666666667 0.022265624999999997 0.08470833333333334
1 0.089578125 0.21222222222222223 0.016664062499999986 0.059777777777777805
1 0.30110156250000003 0.35301388888888885 0.013718749999999957 0.056319444444444464
0 0.47348437499999996 0.3955416666666667 0.009664062499999914 0.01637499999999995