1 0.231203125 0.42216666666666663 0.01785937500000001 0.08599999999999994
1 0.8373046875 0.2512916666666667 0.021414062499999886 0.07950000000000002
1 0.4912734375 0.5450972222222222 0.03372656250000006 0.09611111111111117
1 0.1721484375 0.1713333333333333 0.027249999999999996 0.06526388888888889
1 0.474203125 0.7080138888888888 0.04034375000000008 0.12754166666666664
1 0.4384765625 0.33644444444444443 0.030984375000000064 0.09162500000000004
1 0.3500546875 0.5486944444444445 0.033210937499999996 0.10018055555555555
1 0.6280703125 0.5780277777777778 0.02628125000000008 0.11324999999999995
1 0.489 0.36094444444444446 0.027023437499999935 0.07677777777777774
2 0.1861484375 0.3249722222222222 0.021109374999999986 0.08670833333333335
1 0.9271015625000001 0.7930416666666666 0.0311406250000001 0.13676388888888893
1 0.420734375 0.24633333333333335 0.025460937499999937 0.07602777777777779
1 0.40324218749999996 0.2869305555555556 0.028046875000000027 0.07741666666666668
1 0.5413671875 0.3692083333333333 0.026710937500000042 0.0681805555555556
1 0.6614453124999999 0.49827777777777776 0.029820312500000057 0.09995833333333337
1 0.19523437500000002 0.2625277777777778 0.01979687499999998 0.06713888888888886
1 0.4933203125 0.2912222222222222 0.021851562500000022 0.08606944444444448
1 0.8823593750000001 0.62075 0.03369531250000009 0.11776388888888883
1 0.246921875 0.4801111111111111 0.03082812500000003 0.09181944444444447