1 0.32953125 0.6559722222222222 0.044523437500000006 0.15136111111111106
1 0.6458437499999999 0.3646111111111111 0.027718750000000014 0.11172222222222226
1 0.677875 0.42297222222222225 0.03557031249999998 0.1284722222222222
1 0.7651640625 0.4995277777777778 0.04307812500000008 0.12618055555555557
1 0.44584375 0.5037222222222222 0.034218749999999964 0.13456944444444444
1 0.2490390625 0.6455277777777777 0.03829687499999999 0.14836111111111103
1 0.5796796875 0.3704861111111111 0.04094531250000007 0.0631388888888889
1 0.6258359375 0.4992777777777778 0.03827343750000001 0.12637500000000002
1 0.5491328125 0.3688055555555556 0.031960937500000064 0.11556944444444446
1 0.8502812499999999 0.8260555555555555 0.042242187500000125 0.1774583333333333
1 0.558453125 0.47550000000000003 0.027671875000000058 0.12865277777777778
1 0.61728125 0.41195833333333337 0.027374999999999972 0.09652777777777778
2 0.46615624999999994 0.6559861111111112 0.033500000000000085 0.14975000000000008