1 0.5180625 0.28718055555555555 0.03428906250000008 0.0683472222222222
1 0.2907265625 0.5152361111111111 0.03258593750000003 0.10179166666666661
1 0.31721875 0.482625 0.029398437499999996 0.10351388888888885
1 0.7597031249999999 0.509888888888889 0.02416406250000005 0.09061111111111113
1 0.608015625 0.27298611111111115 0.027351562499999992 0.07941666666666668
1 0.06528125 0.7993888888888888 0.035445312500000006 0.14981944444444428
1 0.9805781250000001 0.42893055555555554 0.028929687500000155 0.1009305555555555
2 0.5490781250000001 0.14733333333333334 0.023625000000000007 0.06936111111111112
1 0.5224296875000001 0.6319166666666667 0.030539062499999936 0.1212083333333333
1 0.627234375 0.5176388888888889 0.03857031249999991 0.11226388888888894
1 0.81925 0.25098611111111113 0.0310546875 0.08062500000000002
1 0.19251562500000002 0.6376944444444445 0.03477343750000002 0.11669444444444442
2 0.666875 0.6530277777777778 0.03628906250000004 0.11413888888888882
1 0.810296875 0.3443333333333333 0.03371093750000007 0.08155555555555552
1 0.290484375 0.43858333333333327 0.02265625 0.09243055555555549
0 0.6134765625 0.29783333333333334 0.007273437499999957 0.01320833333333332
0 0.7239296875 0.5397916666666667 0.050437499999999955 0.06268055555555554