2 0.340515625 0.5420833333333334 0.04207031250000002 0.13134722222222228
1 0.12603124999999998 0.6581388888888889 0.04293749999999998 0.15151388888888886
1 0.5610625 0.5565138888888889 0.041617187499999986 0.12736111111111117
1 0.474515625 0.5285972222222222 0.03534375000000001 0.1245416666666666
1 0.5824765625 0.39465277777777774 0.04631249999999998 0.10175
1 0.6893671875 0.8014027777777778 0.04048437499999995 0.17299999999999993
1 0.26530468749999997 0.8128194444444444 0.04928906250000002 0.17000000000000012
1 0.63584375 0.31256944444444446 0.04213281250000005 0.09188888888888884
1 0.43550781250000004 0.8568888888888889 0.04916406250000005 0.18145833333333347
1 0.10046875 0.9206944444444444 0.048093750000000005 0.15155555555555572
1 0.4142265625 0.43869444444444444 0.03203906249999999 0.10948611111111117
1 0.809359375 0.6066111111111111 0.04216406249999993 0.1435277777777778
1 0.6554609375 0.45305555555555554 0.03698437499999994 0.11823611111111111
1 0.6719609375 0.4284861111111111 0.03080468750000005 0.11420833333333336
1 0.21228125000000003 0.32022222222222224 0.024710937499999995 0.12220833333333335