1 0.415125 0.4573611111111111 0.03535937499999999 0.08326388888888896
2 0.12834375 0.4712222222222222 0.04081250000000001 0.08915277777777786
1 0.275734375 0.5693888888888888 0.0454140625 0.09358333333333332
0 0.552734375 0.5620972222222222 0.011195312499999943 0.016277777777777815
1 0.2315859375 0.5085277777777778 0.0415 0.09066666666666663
1 0.2095703125 0.3635138888888889 0.036507812500000014 0.08308333333333337
1 0.6552421875000001 0.5442916666666666 0.038304687499999976 0.09038888888888895
1 0.0712890625 0.7665972222222223 0.042437499999999996 0.12929166666666664
1 0.7885078125 0.40543055555555557 0.036757812500000056 0.06959722222222224
1 0.601078125 0.5458194444444444 0.03577343749999997 0.07923611111111105
1 0.22596093750000001 0.4369722222222222 0.03608593750000004 0.07133333333333335
1 0.0400390625 0.342875 0.030015625000000008 0.06797222222222225
1 0.0436015625 0.4039027777777778 0.0335703125 0.09244444444444452
1 0.1481484375 0.6618611111111111 0.03534375000000001 0.11479166666666664
1 0.00940625 0.42380555555555555 0.018546874999999997 0.08941666666666666
2 0.98321875 0.9209722222222223 0.03356250000000003 0.13937499999999986