2 0.39631249999999996 0.4044166666666667 0.03342968749999997 0.10306944444444445
1 0.6495390624999999 0.30797222222222226 0.028648437500000058 0.09048611111111107
1 0.6144140625000001 0.4064027777777778 0.037328124999999976 0.09516666666666664
1 0.1529296875 0.6828194444444444 0.047398437500000015 0.12370833333333324
0 0.49274218750000004 0.6425694444444444 0.013906249999999964 0.02102777777777776
1 0.71521875 0.3168472222222222 0.02810156250000002 0.09770833333333337
1 0.836578125 0.45590277777777777 0.03405468750000011 0.10919444444444446
1 0.3465859375 0.604388888888889 0.040023437500000016 0.1199861111111111
1 0.5686328125 0.2899027777777778 0.022281249999999985 0.09376388888888888
1 0.1828203125 0.4023888888888889 0.031125000000000024 0.10344444444444446
1 0.420328125 0.3323472222222222 0.02657031249999999 0.09094444444444442
1 0.77965625 0.43036111111111114 0.023398437500000036 0.10616666666666674
1 0.47727343749999995 0.3705555555555556 0.03158593750000005 0.10180555555555554
1 0.5849765625 0.3331527777777778 0.024890624999999923 0.0949166666666667
1 0.6842734375 0.3325 0.023390625000000043 0.09297222222222222
1 0.0399765625 0.299875 0.034171875000000004 0.10099999999999996
1 0.6166484375 0.3257083333333333 0.02405468749999997 0.07040277777777781
1 0.22940624999999998 0.5018750000000001 0.03795312500000003 0.10043055555555548
1 0.546921875 0.29008333333333336 0.023820312500000006 0.09958333333333332