1 0.75340625 0.5714583333333333 0.03194531250000008 0.10847222222222225
1 0.9007265625 0.601875 0.03777343749999993 0.1367222222222223
1 0.269671875 0.5686388888888889 0.0568359375 0.05587500000000002
1 0.68259375 0.6903055555555555 0.03720312499999991 0.13784722222222223
1 0.738359375 0.6974722222222223 0.032210937500000016 0.14272222222222228
1 0.6250859375 0.45745833333333336 0.026093750000000072 0.12677777777777774
1 0.45859375 0.6510972222222222 0.034601562499999974 0.15052777777777776
1 0.7407109375 0.466625 0.03236718750000005 0.12005555555555564
1 0.5930859374999999 0.4961388888888889 0.031828125000000006 0.10984722222222226
1 0.837953125 0.49084722222222227 0.024445312499999972 0.1284305555555556
2 0.4183515625 0.7692222222222223 0.04561718750000003 0.14938888888888882
1 0.6451484375 0.7435277777777778 0.03629687500000003 0.14520833333333327
1 0.983203125 0.525 0.03359375 0.09444444444444444
2 0.6704921875000001 0.303875 0.032546875000000065 0.10341666666666664
0 0.36848437500000003 0.5004583333333333 0.013046875000000036 0.022708333333333365