2 0.97365625 0.5236527777777777 0.036476562500000045 0.11990277777777783
1 0.863140625 0.3478333333333333 0.028953124999999958 0.09841666666666668
1 0.750671875 0.45919444444444446 0.028687500000000022 0.11793055555555551
1 0.6019609375 0.45818055555555554 0.03860937500000006 0.06590277777777784
1 0.8467421875 0.5782638888888889 0.02613281249999986 0.12509722222222214
1 0.9535 0.2880972222222222 0.02514062499999987 0.09143055555555553
1 0.41903125 0.6214861111111112 0.021812500000000058 0.1189027777777778
1 0.54625 0.3960694444444445 0.02461718749999999 0.10209722222222221
1 0.390078125 0.5305277777777778 0.03405468750000003 0.11302777777777777
1 0.9257265625000001 0.4664444444444444 0.03093749999999993 0.12983333333333336
1 0.314078125 0.48568055555555556 0.03089062499999997 0.11762499999999992
1 0.6608906250000001 0.5942638888888889 0.04301562499999996 0.12431944444444443
2 0.928046875 0.23168055555555556 0.027242187499999914 0.08393055555555556