2 0.9012421875 0.5091527777777778 0.030765625000000085 0.1004166666666666
1 0.5397421875 0.4946666666666667 0.04642187500000006 0.09138888888888883
1 0.7616953125 0.5230555555555556 0.04208593749999991 0.07640277777777776
1 0.79578125 0.402875 0.04623437500000005 0.09229166666666673
1 0.385625 0.609 0.05334374999999998 0.10584722222222227
1 0.9867109375 0.434875 0.026578124999999987 0.09718055555555559
1 0.3092890625 0.7729027777777778 0.03384375000000004 0.13131944444444438
1 0.7318203125 0.5916388888888889 0.03490625000000005 0.10175
1 0.576765625 0.4353611111111111 0.033117187500000075 0.09513888888888888
1 0.6692421875 0.37056944444444445 0.04137500000000003 0.09143055555555557
1 0.530375 0.4228888888888889 0.024515625000000086 0.08169444444444451
0 0.6942421875 0.6279861111111111 0.012562499999999944 0.01886111111111117
1 0.9755312500000001 0.2945833333333333 0.03378124999999983 0.07965277777777781
2 0.7321015625 0.16959722222222223 0.024843749999999963 0.07095833333333333