2 0.28725 0.3810555555555556 0.03464843750000002 0.09515277777777777
1 0.650921875 0.7789027777777777 0.06696093750000003 0.13945833333333338
1 0.332328125 0.25427777777777777 0.04012500000000001 0.09551388888888887
1 0.012859375000000001 0.17841666666666667 0.025718750000000002 0.08008333333333335
1 0.2495078125 0.3219444444444445 0.027078124999999974 0.09406944444444447
1 0.3745234375 0.4765416666666667 0.04635156250000003 0.10504166666666666
1 0.419140625 0.4935833333333333 0.04010937499999998 0.10275000000000002
1 0.7092890625 0.611 0.04473437499999999 0.11919444444444452
1 0.5426562500000001 0.3725 0.03137500000000006 0.09624999999999997
1 0.59075 0.3753055555555556 0.03055468749999992 0.09243055555555553
1 0.167140625 0.6365694444444444 0.03284375000000002 0.12590277777777775
1 0.06902343749999999 0.33259722222222227 0.027828125000000002 0.10297222222222224
1 0.6358203125 0.4095416666666667 0.036140624999999996 0.09684722222222225
1 0.27740624999999997 0.571 0.029617187499999975 0.11356944444444442
0 0.590359375 0.4161388888888889 0.009492187500000072 0.016416666666666736