1 0.9544296875 0.47358333333333336 0.0357421875 0.1449305555555556
1 0.5122890625000001 0.3739305555555556 0.04596874999999993 0.07158333333333332
1 0.6657578125 0.2099583333333333 0.028304687500000016 0.10854166666666669
1 0.71671875 0.34484722222222225 0.030679687499999986 0.13091666666666668
1 0.903328125 0.3201805555555556 0.04237499999999983 0.1425694444444445
1 0.39429687500000005 0.3192638888888889 0.03321093750000004 0.11627777777777781
1 0.8955546875 0.5065277777777778 0.0498046875 0.12420833333333327
1 0.451953125 0.48886111111111114 0.03415625000000002 0.14252777777777778
1 0.2719140625 0.45331944444444444 0.03881249999999996 0.1040555555555555
1 0.5934140625000001 0.6043194444444444 0.039640625000000006 0.1509305555555555
2 0.529890625 0.07834722222222222 0.041054687499999964 0.08093055555555558
1 0.1646484375 0.5233888888888889 0.04449218749999999 0.11590277777777784
1 0.6834765625 0.13330555555555557 0.024343750000000063 0.1073472222222222
0 0.26815625 0.45795833333333336 0.009679687499999989 0.02045833333333336
1 0.324671875 0.3468333333333333 0.03498437499999998 0.12963888888888886