1 0.698609375 0.4141666666666666 0.049406250000000006 0.10275000000000002
1 0.63525 0.7144722222222222 0.053695312500000016 0.14211111111111102
1 0.3413828125 0.33981944444444445 0.03379687499999999 0.10965277777777777
1 0.4945390625 0.45337500000000003 0.03376562500000002 0.10912500000000007
2 0.28875 0.5533611111111111 0.04789843749999996 0.1327361111111112
1 0.1301796875 0.43730555555555556 0.037382812500000015 0.0926111111111112
1 0.19975 0.6169305555555555 0.04347656249999998 0.13731944444444444
1 0.5378828125 0.5772083333333333 0.046531249999999955 0.15124999999999997
1 0.5675859375 0.5036666666666666 0.030234375000000036 0.11819444444444448
1 0.665171875 0.5021527777777778 0.03100000000000005 0.1158888888888888
1 0.4691015625 0.5338888888888889 0.034812499999999955 0.10101388888888892
1 0.6157734375 0.4378888888888888 0.030874999999999986 0.12495833333333337
1 0.5853671874999999 0.3497222222222222 0.03200000000000003 0.114875
1 0.18410937499999996 0.4809583333333334 0.036320312499999986 0.1399166666666667
1 0.5474453125000001 0.3754166666666667 0.029749999999999943 0.11959722222222224
1 0.3875703125 0.4425277777777778 0.035960937500000026 0.11672222222222217
0 0.5778125000000001 0.5591805555555556 0.012242187500000057 0.02177777777777771