1 0.4716171875 0.5236388888888889 0.03441406249999997 0.08474999999999998
1 0.435171875 0.3765277777777778 0.03341406249999999 0.06658333333333337
2 0.7623046875 0.4093194444444444 0.030484374999999987 0.08558333333333334
1 0.2376640625 0.5072083333333334 0.036453124999999975 0.0935972222222222
1 0.7170859375 0.7901388888888888 0.04890624999999993 0.11251388888888887
1 0.6216875 0.5947222222222222 0.04016406250000006 0.09176388888888896
1 0.8854374999999999 0.28641666666666665 0.03069531249999997 0.08049999999999997
1 0.679578125 0.4710555555555556 0.03882812500000003 0.09712499999999993
1 0.8819765625 0.39434722222222224 0.027429687500000098 0.09455555555555557
1 0.33503125 0.31009722222222225 0.023281249999999965 0.07704166666666662
1 0.75959375 0.22266666666666665 0.02290624999999995 0.06024999999999999
1 0.7637031249999999 0.35615277777777776 0.0234375 0.07584722222222225
1 0.62446875 0.3693055555555555 0.02449999999999992 0.06929166666666665
1 0.6273359375 0.33955555555555555 0.021312499999999977 0.06262499999999996
1 0.1881328125 0.47731944444444446 0.04243750000000002 0.09438888888888894
1 0.5761953125 0.44027777777777777 0.027015624999999942 0.0764444444444444
1 0.7038828125000001 0.385375 0.021515624999999972 0.08138888888888893
1 0.9346484374999999 0.40331944444444445 0.021312500000000158 0.09427777777777777
2 0.289609375 0.1657361111111111 0.02642187500000004 0.06768055555555554
0 0.6663125 0.5123888888888889 0.010343750000000007 0.021208333333333308