1 0.85403125 0.38731944444444444 0.039429687499999845 0.09709722222222218
1 0.5053046875 0.6200833333333333 0.039328124999999936 0.10851388888888888
1 0.7129453125 0.6595 0.048148437500000085 0.11261111111111116
1 0.622453125 0.4555277777777778 0.025046874999999958 0.08944444444444441
1 0.597953125 0.5753611111111111 0.03470312500000006 0.1073333333333333
1 0.8970859375 0.63425 0.0368281249999999 0.12137499999999998
1 0.45317968750000004 0.5598194444444444 0.03738281249999993 0.10699999999999996
1 0.5486796875 0.4395833333333333 0.043265625000000085 0.09484722222222217
2 0.7841484375000001 0.19793055555555555 0.0279296875 0.07347222222222222
1 0.6628828125 0.5094861111111111 0.05254687499999999 0.11006944444444444
0 0.589453125 0.6196527777777777 0.010679687500000057 0.022847222222222286