2 0.1814765625 0.421375 0.049859375 0.09400000000000008
1 0.2662890625 0.4195277777777778 0.031070312499999985 0.09566666666666666
1 0.3396640625 0.18502777777777776 0.03987499999999997 0.06849999999999999
1 0.2987109375 0.5050416666666666 0.029781250000000002 0.10130555555555563
1 0.658109375 0.424375 0.042640624999999946 0.09269444444444445
0 0.49193749999999997 0.5871944444444444 0.011726562499999992 0.017486111111111154
1 0.4005546875 0.7380555555555556 0.04739062500000002 0.12549999999999994
1 0.34745312500000003 0.5806666666666667 0.05122656249999995 0.10684722222222215
1 0.34782812500000004 0.4604722222222222 0.04304687500000002 0.09770833333333337
1 0.4548984375 0.5491111111111111 0.03967187499999998 0.09988888888888883
1 0.7810390625 0.5333888888888889 0.04667187499999992 0.10263888888888886
1 0.5654296875 0.30201388888888886 0.03911718749999995 0.0822777777777778
1 0.766390625 0.3850555555555556 0.044624999999999915 0.09779166666666662
1 0.3884921875 0.6135 0.025156250000000036 0.1163472222222222
1 0.21467187499999998 0.328125 0.03695312499999999 0.09937499999999998