1 0.1785625 0.7764305555555555 0.05817968750000002 0.15751388888888893
1 0.72003125 0.7066111111111111 0.03508593750000007 0.15458333333333327
1 0.4916875 0.7004166666666668 0.03598437499999996 0.1615277777777778
1 0.4645546875 0.3029305555555556 0.028312500000000008 0.09444444444444444
1 0.1576953125 0.4879722222222222 0.03639062499999999 0.12338888888888894
1 0.569140625 0.3218333333333333 0.029898437499999986 0.09355555555555553
1 0.1693515625 0.4098888888888889 0.029148437500000002 0.10201388888888895
1 0.21232812499999998 0.5293472222222222 0.038742187500000025 0.11504166666666672
2 0.5868671875 0.5100972222222222 0.02614062500000003 0.11627777777777781
1 0.4955 0.41468055555555555 0.03694531249999997 0.09470833333333326
1 0.8602812500000001 0.48512500000000003 0.043343750000000014 0.10713888888888887
1 0.591328125 0.3514027777777778 0.025890625000000077 0.08709722222222223
1 0.6524062500000001 0.3988055555555555 0.023835937499999994 0.10595833333333332
1 0.5952734375000001 0.4524444444444444 0.030242187500000028 0.08633333333333329
1 0.632703125 0.371875 0.033890625000000084 0.07968055555555556