1 0.5675234375 0.5117916666666666 0.034531250000000034 0.10116666666666671
1 0.6047421875000001 0.672875 0.036710937500000006 0.13254166666666675
1 0.709640625 0.6185694444444445 0.03898437500000007 0.13188888888888894
1 0.5859687499999999 0.8275833333333333 0.042109375000000074 0.1588333333333332
1 0.713375 0.5276666666666667 0.030289062499999984 0.08225000000000003
1 0.7737265625 0.5193055555555556 0.025218749999999977 0.10556944444444444
1 0.2611328125 0.6663749999999999 0.02510937499999999 0.13605555555555554
1 0.5571875000000001 0.6950972222222223 0.049046874999999976 0.1388888888888889
1 0.8374921875 0.5820277777777778 0.029429687500000058 0.13004166666666667
1 0.1669453125 0.6001388888888889 0.028515625 0.12834722222222217
1 0.46224218749999996 0.5333333333333333 0.03727343750000003 0.11468055555555547
2 0.494546875 0.5662777777777778 0.027968749999999966 0.1200694444444445
1 0.6388203125 0.5320138888888889 0.037226562500000074 0.12793055555555558
1 0.6431250000000001 0.45765277777777774 0.0279296875 0.11570833333333326
1 0.8133515625 0.5597916666666667 0.023296875000000127 0.133875