1 0.528375 0.27281944444444445 0.021875 0.056861111111111105
1 0.5622421875 0.4647083333333333 0.02746093750000007 0.08545833333333329
1 0.0344296875 0.31098611111111113 0.029132812500000004 0.08295833333333336
1 0.2346640625 0.30145833333333333 0.023406250000000028 0.07673611111111112
1 0.5777187500000001 0.36376388888888894 0.02251562499999995 0.07997222222222224
1 0.1459453125 0.48388888888888887 0.036406250000000015 0.09312499999999993
1 0.47163281250000005 0.2270277777777778 0.01682031249999998 0.06643055555555553
1 0.38786718750000004 0.3731111111111111 0.02104687500000004 0.08202777777777774
1 0.28084375 0.25701388888888893 0.02282031250000003 0.0765277777777778
1 0.4956796875 0.6022083333333333 0.05310156250000002 0.09886111111111104
1 0.42739062499999997 0.23444444444444446 0.018812499999999944 0.07552777777777778
1 0.1891328125 0.22 0.019359375000000022 0.060388888888888916
1 0.7143359375 0.2247638888888889 0.022117187499999958 0.07125000000000002
1 0.519765625 0.328125 0.018046874999999928 0.07947222222222226
2 0.6635859375 0.273125 0.020882812500000014 0.07383333333333336
1 0.692703125 0.31937499999999996 0.02190624999999997 0.07784722222222219
1 0.39115625 0.23631944444444444 0.016273437500000033 0.07219444444444446
1 0.6238984375000001 0.16947222222222222 0.018796874999999956 0.06600000000000002
1 0.6489765625 0.15141666666666667 0.01749218750000008 0.05838888888888888
1 0.5256875 0.21206944444444445 0.02421875 0.06461111111111109
1 0.5026796874999999 0.2543472222222222 0.02201562500000005 0.06868055555555554
2 0.39791406250000005 0.878263888888889 0.041234375000000024 0.12625000000000014
2 0.317359375 0.10475 0.014937500000000003 0.05886111111111111
0 0.213 0.25045833333333334 0.0080078125 0.013875000000000012