1 0.14059375000000002 0.5038055555555556 0.03878124999999999 0.11004166666666669
1 0.39978125000000003 0.367375 0.03500781249999996 0.08423611111111108
1 0.532828125 0.5015972222222221 0.025101562500000084 0.10890277777777774
1 0.8160703125 0.370375 0.029703124999999986 0.09209722222222226
1 0.8017265625000001 0.6679027777777777 0.030976562500000072 0.12887499999999996
2 0.34850781249999996 0.5494305555555555 0.032929687499999985 0.11704166666666664
1 0.55915625 0.40705555555555556 0.02767968750000005 0.10268055555555548
1 0.5943203125000001 0.45002777777777775 0.026515625000000043 0.10451388888888889
1 0.48940625000000004 0.3981111111111111 0.03720312499999991 0.08827777777777775
1 0.08175 0.670375 0.0371796875 0.13562499999999997
1 0.4928515625 0.5826805555555555 0.04304687499999993 0.13519444444444448
1 0.4089921875 0.4923472222222222 0.02732031250000002 0.11019444444444448
1 0.43824218750000005 0.4117777777777778 0.02788281250000004 0.0914444444444445
1 0.4534140625 0.34320833333333334 0.02464062499999997 0.0869305555555556
1 0.7702656250000001 0.6672361111111111 0.0357421875 0.12890277777777787
1 0.42800781250000003 0.45195833333333335 0.03155468750000008 0.09452777777777786
1 0.672921875 0.459 0.02756249999999998 0.11415277777777785
1 0.7050703125 0.8194166666666667 0.044164062499999976 0.1478333333333334
0 0.43822656249999997 0.40365277777777775 0.009289062500000079 0.017416666666666615