1 0.431421875 0.5044583333333333 0.021117187499999978 0.07856944444444451
1 0.498203125 0.5234305555555555 0.031117187499999942 0.08220833333333341
1 0.220359375 0.7934583333333333 0.02658593749999998 0.10626388888888888
1 0.38831249999999995 0.7347361111111111 0.024968749999999984 0.10106944444444442
1 0.24100000000000002 0.6174583333333333 0.02566406250000002 0.08836111111111111
1 0.30095312500000004 0.5446805555555556 0.02174218750000003 0.08555555555555559
1 0.6111640625 0.4857222222222223 0.024343750000000063 0.07449999999999998
1 0.0968046875 0.6142361111111111 0.019476562500000006 0.08987500000000005
1 0.3152421875 0.43827777777777777 0.017281250000000005 0.06304166666666665
1 0.794046875 0.4136666666666666 0.020554687500000047 0.07522222222222218
1 0.8009296875 0.43024999999999997 0.015351562500000072 0.07131944444444448
1 0.505859375 0.6162638888888888 0.017687500000000078 0.09308333333333331
1 0.30256249999999996 0.44534722222222217 0.018187499999999978 0.07105555555555551
1 0.2814453125 0.5578333333333333 0.018359375 0.08295833333333336
1 0.52059375 0.6138472222222222 0.015140625000000085 0.09312499999999993