2 0.1978515625 0.6197777777777778 0.03103125000000002 0.10116666666666671
1 0.44683593750000006 0.712375 0.030984375000000064 0.09881944444444449
1 0.6487890625 0.5173055555555556 0.029460937500000027 0.08272222222222231
2 0.9635703124999999 0.6204583333333333 0.040460937499999974 0.09148611111111112
1 0.5068515625 0.32633333333333336 0.01964843750000007 0.07068055555555558
1 0.3343203125 0.49543055555555554 0.02838281250000003 0.08975000000000001
1 0.099765625 0.6712916666666666 0.027812499999999997 0.10505555555555554
1 0.4771328125 0.6697222222222222 0.027039062499999923 0.0901666666666666
1 0.5287265624999999 0.6853333333333333 0.033492187499999916 0.11580555555555555
1 0.1676328125 0.7774027777777778 0.03563281250000001 0.12268055555555546
1 0.065109375 0.685875 0.027695312499999993 0.11311111111111102
1 0.705578125 0.6534861111111111 0.029476562500000015 0.10461111111111102
1 0.40784374999999995 0.4550138888888889 0.027523437500000015 0.0933333333333334
1 0.9129687499999999 0.6251666666666666 0.027054687500000084 0.09126388888888894
1 0.3736953125 0.6541944444444444 0.03174999999999999 0.10316666666666663
1 0.6942421875 0.5203333333333333 0.026843749999999923 0.08947222222222216
1 0.35745312500000004 0.6141388888888889 0.02341406250000002 0.09533333333333331
1 0.20544531250000003 0.3561666666666667 0.027742187499999994 0.08163888888888884
1 0.5400625 0.561763888888889 0.020031250000000077 0.09115277777777778
1 0.52621875 0.5875 0.020882812500000014 0.0933333333333334
0 0.6970468750000001 0.45769444444444446 0.012390624999999923 0.017916666666666636