2 0.2256328125 0.5386388888888889 0.031156249999999996 0.10151388888888893
1 0.5584687500000001 0.3475833333333333 0.03401562499999997 0.09076388888888892
1 0.558953125 0.6128888888888888 0.033624999999999974 0.11291666666666661
1 0.3067890625 0.35073611111111114 0.03186718749999997 0.08809722222222223
1 0.35412499999999997 0.36668055555555557 0.028453124999999968 0.08859722222222222
1 0.44504687499999995 0.4115416666666667 0.031648437499999994 0.08508333333333332
1 0.1432890625 0.4325 0.02897656249999998 0.10581944444444452
1 0.349328125 0.4816666666666667 0.02443749999999998 0.0890277777777778
1 0.25440625 0.3617916666666667 0.02840625000000001 0.08143055555555555
1 0.682421875 0.6821111111111111 0.03985156249999999 0.10461111111111102
1 0.7164531249999999 0.690763888888889 0.027718750000000014 0.1094305555555555
1 0.1607109375 0.343125 0.020648437500000005 0.08431944444444446
1 0.3201640625 0.40769444444444447 0.02742968750000001 0.09295833333333327
1 0.1753203125 0.3179861111111111 0.021578125000000004 0.08941666666666666
1 0.34485156250000004 0.5880277777777778 0.02511718749999998 0.12237500000000003