2 0.731125 0.4126111111111111 0.024031249999999994 0.09145833333333336
1 0.4759765625 0.30930555555555556 0.026335937500000028 0.06593055555555559
1 0.6654296875 0.34143055555555557 0.03461718749999996 0.08119444444444442
1 0.6682890625 0.6378888888888888 0.04327343750000008 0.10538888888888888
1 0.45764843749999995 0.48531944444444447 0.037109375 0.09348611111111119
1 0.9169296875 0.5397916666666667 0.053125 0.1040555555555555
1 0.058148437500000004 0.4371944444444444 0.02890625 0.09787500000000003
1 0.7072265625 0.3358055555555555 0.03685156250000006 0.07723611111111109
1 0.5832421875 0.5387777777777778 0.029531249999999964 0.10145833333333328
1 0.8856171875 0.4912361111111111 0.03418750000000017 0.09208333333333327
1 0.49846874999999996 0.3559027777777778 0.03058593750000007 0.0791527777777778
1 0.4319453125 0.4328333333333333 0.02924218750000005 0.0876527777777778
1 0.5235546875 0.23966666666666667 0.022390625000000063 0.0705972222222222
1 0.4687265625 0.3564861111111111 0.023273437499999973 0.08288888888888886
0 0.5180625 0.29654166666666665 0.009734375000000028 0.012944444444444436
2 0.467671875 0.1911111111111111 0.02357812500000005 0.06126388888888891