2 0.3245625 0.4663055555555556 0.02670312499999996 0.11227777777777782
1 0.620765625 0.5419444444444445 0.03526562500000008 0.10966666666666672
1 0.48782812499999995 0.4444722222222222 0.029164062499999942 0.10230555555555551
1 0.5332578125 0.41005555555555556 0.0333984375 0.09580555555555557
1 0.30865624999999997 0.5805833333333333 0.034734375000000026 0.12861111111111115
1 0.1134140625 0.7953472222222222 0.04662500000000001 0.1480833333333335
1 0.3744375 0.41425 0.03325781250000004 0.11279166666666672
1 0.32492187499999997 0.7413055555555556 0.03440624999999997 0.14074999999999996
1 0.1604140625 0.47883333333333333 0.026578124999999987 0.10726388888888891
1 0.571203125 0.44377777777777777 0.026835937499999928 0.1154722222222222
1 0.032695312500000004 0.5509027777777777 0.037828125000000004 0.13536111111111115
1 0.2748125 0.5594305555555555 0.02867968750000003 0.1326388888888889
1 0.010562499999999999 0.52375 0.021124999999999998 0.1264444444444444