2 0.3657265625 0.4211527777777778 0.03849999999999998 0.1095833333333333
1 0.49940625 0.852625 0.056625000000000016 0.17587499999999984
1 0.47569531249999997 0.4620416666666667 0.038414062500000054 0.1149583333333333
1 0.529953125 0.5133611111111112 0.05941406249999996 0.07586111111111112
1 0.2196640625 0.693625 0.039070312499999996 0.14497222222222222
1 0.6371328125 0.43436111111111114 0.03232812500000008 0.08752777777777775
1 0.10472656250000001 0.4789305555555555 0.03444531250000001 0.12377777777777778
1 0.6197109375000001 0.3757222222222222 0.029023437500000072 0.08388888888888886
1 0.7350859375 0.7092638888888889 0.03927343749999999 0.14869444444444452
1 0.74271875 0.4771388888888889 0.04421874999999993 0.13544444444444442
1 0.2852109375 0.5958055555555556 0.034914062499999954 0.14370833333333338
0 0.275609375 0.27170833333333333 0.013468750000000007 0.01729166666666665
1 0.1520546875 0.3829166666666666 0.03282031249999999 0.1289861111111111