2 0.8457734374999999 0.3755833333333334 0.020656250000000043 0.07843055555555559
1 0.22781250000000003 0.5018472222222222 0.031210937500000036 0.10102777777777779
1 0.8647890625000001 0.4743472222222222 0.02318749999999987 0.07866666666666665
1 0.46599218750000004 0.689361111111111 0.03923437500000002 0.10965277777777777
0 0.2836796875 0.396375 0.009109374999999975 0.012305555555555575
1 0.3776328125 0.48168055555555556 0.030406249999999968 0.09929166666666668
1 0.2091328125 0.38230555555555557 0.023843749999999986 0.08941666666666666
1 0.643015625 0.5081944444444444 0.025226562499999973 0.09173611111111105
1 0.7490859375000001 0.45058333333333334 0.025242187499999957 0.08461111111111105
1 0.4533203125 0.416875 0.0265625 0.08593055555555557
1 0.4880234375 0.36841666666666667 0.019664062500000058 0.08177777777777777
1 0.51078125 0.3252361111111111 0.025546875000000035 0.07137500000000002
1 0.529390625 0.3587638888888889 0.017125000000000057 0.08101388888888891
1 0.8319296875 0.3080833333333333 0.025124999999999887 0.07958333333333335
1 0.9181250000000001 0.4136944444444445 0.021976562500000085 0.0910416666666666
1 0.6336640625000001 0.3864444444444445 0.01925000000000008 0.06661111111111112
1 0.9691796874999999 0.5873055555555555 0.0263671875 0.10393055555555561
1 0.545609375 0.31983333333333336 0.01945312500000007 0.0710555555555556
1 0.6447499999999999 0.3696527777777777 0.012039062500000064 0.07930555555555559
1 0.6584453124999999 0.2779583333333333 0.017210937499999978 0.06948611111111107
2 0.2158203125 0.2266111111111111 0.018703125000000043 0.07209722222222226
1 0.6551796875 0.24394444444444444 0.01615625000000005 0.052569444444444474