1 0.28218229166666664 0.24539814814814812 0.02464062499999997 0.10633333333333336
1 0.2775625 0.30992592592592594 0.02659374999999997 0.11133333333333334
1 0.35221874999999997 0.4572222222222223 0.03221874999999995 0.1206203703703704
1 0.08895833333333333 0.37121296296296297 0.03231250000000001 0.12337037037037038
1 0.35315104166666667 0.3352685185185185 0.026161458333333342 0.10849074074074071
2 0.16990625 0.5368333333333333 0.04021875000000001 0.13676851851851854
1 0.6164583333333333 0.2853148148148148 0.028598958333333258 0.09292592592592594
1 0.2798697916666667 0.6254444444444445 0.03247916666666664 0.1515925925925926
1 0.30147395833333335 0.5016944444444444 0.023630208333333277 0.12155555555555553
1 0.4750416666666667 0.5238981481481481 0.03765104166666665 0.12895370370370368
1 0.4388697916666667 0.39310185185185187 0.0277708333333333 0.13337962962962968
1 0.5000260416666666 0.43068518518518517 0.025156249999999977 0.13221296296296292
1 0.7004010416666666 0.5841574074074074 0.030328125000000008 0.14535185185185187