1 0.28603645833333335 0.41788888888888887 0.027437500000000035 0.08613888888888886
1 0.395625 0.5282129629629629 0.03952604166666672 0.09807407407407415
2 0.4890625 0.6786851851851852 0.029239583333333385 0.11642592592592593
1 0.8789166666666667 0.42807407407407405 0.022276041666666656 0.09406481481481485
1 0.5357447916666668 0.5649722222222222 0.03121354166666664 0.10439814814814814
1 0.5559999999999999 0.43369444444444444 0.021713541666666693 0.10301851851851851
1 0.24785416666666665 0.5368333333333333 0.023307291666666667 0.09651851851851853
1 0.36388541666666663 0.49312037037037043 0.01843229166666672 0.09748148148148146
1 0.39838541666666666 0.3732592592592593 0.018437500000000048 0.06970370370370368
1 0.21156770833333333 0.44922222222222224 0.029489583333333336 0.10387962962962957
1 0.24721354166666665 0.47130555555555553 0.022984374999999998 0.061629629629629576
1 0.307828125 0.5182314814814816 0.017880208333333297 0.10749999999999997
1 0.32439062500000004 0.5474537037037037 0.02396354166666666 0.10434259259259264
1 0.34053645833333335 0.5385925925925925 0.020749999999999956 0.0956296296296296
1 0.3265885416666666 0.4542314814814814 0.01821875000000001 0.06965740740740738
1 0.32998958333333334 0.4084074074074074 0.014874999999999972 0.059148148148148144
1 0.34209895833333337 0.45002777777777775 0.023031250000000014 0.0672592592592593
1 0.3765208333333333 0.5099444444444444 0.016973958333333292 0.09050925925925926
1 0.40444791666666663 0.42383333333333334 0.01686458333333339 0.09379629629629625
2 0.710109375 0.1934537037037037 0.013906249999999905 0.07325925925925926
1 0.6183489583333334 0.19244444444444445 0.01864062499999998 0.06449074074074078