1 0.17659375 0.23605555555555555 0.030781250000000013 0.08793518518518521
1 0.6635000000000001 0.3175 0.028322916666666722 0.09389814814814812
1 0.6288802083333334 0.36824074074074076 0.029458333333333305 0.0996759259259259
1 0.46253645833333334 0.2301574074074074 0.028375000000000008 0.07826851851851849
1 0.5601822916666667 0.3740833333333333 0.030031249999999923 0.10273148148148152
2 0.23433854166666668 0.4606851851851852 0.034703124999999994 0.11187037037037041
1 0.21858333333333332 0.3314722222222222 0.03964583333333334 0.10970370370370372
1 0.8730260416666666 0.4270462962962962 0.04030208333333339 0.10667592592592591
1 0.8070364583333334 0.3065648148148148 0.036630208333333296 0.09604629629629631
1 0.6995208333333333 0.31319444444444444 0.026093749999999954 0.09220370370370375
1 0.19554687499999998 0.7081481481481481 0.03300000000000001 0.14352777777777778
1 0.7302864583333334 0.29712962962962963 0.02474999999999999 0.09562037037037036
0 0.512296875 0.17781481481481481 0.008562500000000028 0.01625925925925926