0 0.7782239583333334 0.3913333333333333 0.012057291666666714 0.018444444444444406
1 0.03357291666666666 0.5345648148148149 0.043385416666666655 0.10752777777777767
1 0.10480208333333334 0.5081666666666668 0.03772916666666667 0.06733333333333336
1 0.751046875 0.511638888888889 0.04740104166666678 0.10124074074074071
1 0.6788645833333333 0.12167592592592592 0.03550520833333337 0.07337962962962963
1 0.6514322916666667 0.3874444444444444 0.03860416666666661 0.09071296296296298
1 0.28733854166666667 0.0799537037037037 0.027046875000000033 0.06889814814814814
1 0.7335052083333333 0.4024351851851852 0.036802083333333256 0.10253703703703705
2 0.29502083333333334 0.29694444444444446 0.0401458333333333 0.08834259259259257
1 0.3746145833333333 0.24687962962962962 0.025453124999999945 0.08338888888888886
1 0.7708958333333332 0.2831296296296296 0.035927083333333346 0.08512962962962968
1 0.14776041666666667 0.33101851851851855 0.03453124999999999 0.09465740740740743
1 0.13525520833333332 0.23157407407407407 0.03501562500000001 0.09358333333333332
1 0.36180729166666664 0.19198148148148148 0.017989583333333316 0.07316666666666664
1 0.20586458333333332 0.6824166666666667 0.04748437499999998 0.12715740740740733
1 0.59203125 0.8284814814814815 0.03682291666666657 0.13646296296296306
1 0.119375 0.4219351851851852 0.03990104166666667 0.09421296296296296
2 0.9714583333333333 0.9566851851851852 0.03850000000000004 0.08662037037037043