1 0.61134375 0.5634537037037036 0.0395260416666666 0.11925925925925922
1 0.8393333333333334 0.414962962962963 0.035302083333333435 0.10445370370370376
1 0.44645833333333335 0.43277777777777776 0.04287499999999997 0.08843518518518517
1 0.4137552083333333 0.3863055555555555 0.031171874999999953 0.09237962962962962
1 0.25717708333333333 0.4677777777777778 0.03655208333333337 0.11072222222222226
1 0.79790625 0.6855925925925926 0.03600520833333339 0.12310185185185189
1 0.3111041666666667 0.4117962962962963 0.03313541666666661 0.10022222222222223
1 0.46840625 0.6353611111111112 0.03528125000000001 0.12272222222222219
1 0.129609375 0.5273703703703703 0.02090104166666668 0.1128703703703704
1 0.6468385416666667 0.29839814814814813 0.02957812499999998 0.07522222222222223
1 0.8614895833333333 0.601037037037037 0.03527083333333323 0.11526851851851852
1 0.11088020833333333 0.39718518518518514 0.02595833333333335 0.09215740740740738
1 0.5918281249999999 0.42883333333333334 0.03356250000000003 0.09614814814814812
1 0.582265625 0.3477314814814815 0.03671875 0.07568518518518519
2 0.6808645833333333 0.1657685185185185 0.024963541666666582 0.06681481481481484
1 0.6011822916666667 0.32239814814814816 0.027072916666666676 0.0768611111111111
1 0.3935677083333333 0.677787037037037 0.03876041666666671 0.12200925925925925
1 0.56634375 0.3316388888888889 0.02493229166666661 0.05884259259259255
2 0.7792708333333334 0.45141666666666663 0.03681770833333336 0.10575925925925929
0 0.6075937499999999 0.35120370370370374 0.007708333333333428 0.013768518518518522