2 0.653484375 0.3591944444444444 0.0334322916666667 0.10501851851851848
1 0.9236458333333334 0.5502592592592592 0.04892187499999991 0.10486111111111111
1 0.44104687499999995 0.8602222222222222 0.05463020833333339 0.12896296296296295
1 0.37233333333333335 0.12029629629629629 0.03209895833333339 0.08644444444444446
1 0.12472916666666665 0.2929074074074074 0.034604166666666665 0.09990740740740739
1 0.40970833333333334 0.33121296296296293 0.035343749999999945 0.10581481481481479
1 0.08995312500000001 0.27019444444444446 0.03684375 0.09072222222222225
1 0.3383333333333333 0.7276111111111112 0.06368229166666665 0.1333611111111111
1 0.8036510416666667 0.22214814814814815 0.04244791666666667 0.09480555555555557
1 0.47879687499999996 0.12798148148148147 0.02073437499999997 0.0747962962962963
1 0.7604843750000001 0.4716944444444445 0.042765625000000064 0.11231481481481483
1 0.15504166666666666 0.7212407407407407 0.05491666666666665 0.13487037037037045
1 0.4986614583333333 0.09749074074074074 0.025937499999999978 0.08419444444444443
0 0.6330364583333333 0.6107314814814815 0.014572916666666677 0.025064814814814755
1 0.4921979166666667 0.9166851851851852 0.06609375000000005 0.14074074074074075
1 0.6068333333333332 0.4305833333333333 0.03442708333333329 0.10800925925925929
1 0.09764583333333333 0.04510185185185185 0.026041666666666668 0.06286111111111112