2 0.8560833333333334 0.7565185185185185 0.037312499999999936 0.1224166666666667
1 0.39551041666666664 0.5119074074074074 0.03692708333333338 0.08018518518518515
1 0.6671822916666666 0.45354629629629634 0.03886979166666672 0.08543518518518523
1 0.3037447916666667 0.5364351851851852 0.030729166666666665 0.05838888888888884
1 0.23975520833333333 0.5867314814814815 0.04434895833333332 0.09441666666666669
1 0.4415104166666667 0.5949074074074074 0.03129166666666663 0.09780555555555566
1 0.2784583333333333 0.8003518518518519 0.05295312500000001 0.10669444444444447
1 0.8119947916666667 0.6712870370370371 0.03941145833333337 0.09142592592592594
1 0.6693958333333333 0.8324444444444444 0.05478124999999991 0.12987037037037036
1 0.7372916666666666 0.9564537037037038 0.04928124999999994 0.08185185185185194
1 0.46489583333333334 0.48924999999999996 0.026500000000000058 0.0955740740740741
1 0.973640625 0.9793888888888889 0.032515624999999916 0.04122222222222221
1 0.4107864583333333 0.7159166666666668 0.03451041666666666 0.11217592592592601
1 0.5525572916666667 0.9805462962962963 0.03680729166666671 0.03890740740740739
1 0.7346145833333334 0.677212962962963 0.03855208333333333 0.10107407407407415
1 0.239984375 0.6105 0.039046875000000016 0.046740740740740756
0 0.36981770833333333 0.4774351851851852 0.009901041666666662 0.013296296296296256