1 0.8964791666666667 0.5902037037037037 0.03848958333333338 0.12036111111111111
1 0.750859375 0.4804629629629629 0.023843750000000104 0.10531481481481482
1 0.5912968749999999 0.46205555555555555 0.027671875000000058 0.10242592592592588
1 0.46169270833333337 0.5535185185185185 0.02930729166666666 0.1149537037037038
1 0.4926979166666667 0.4697777777777778 0.024369791666666647 0.09593518518518515
1 0.5399270833333334 0.5150648148148148 0.025911458333333335 0.10478703703703705
1 0.9784375 0.6022592592592593 0.038270833333333344 0.1143425925925926
2 0.8041250000000001 0.6752407407407407 0.030375000000000086 0.12276851851851844
1 0.6544895833333333 0.4388148148148149 0.03146354166666659 0.09468518518518523
1 0.714515625 0.5587129629629629 0.030489583333333313 0.11026851851851845
1 0.6343645833333333 0.7049351851851853 0.030265625000000067 0.13335185185185183
1 0.43006770833333335 0.6978518518518518 0.028739583333333367 0.1231574074074074
1 0.7784479166666666 0.3482222222222222 0.030531249999999944 0.0897407407407407
1 0.42040625 0.4665277777777778 0.026614583333333285 0.10131481481481483
1 0.6730520833333333 0.5738703703703704 0.03439583333333331 0.11182407407407406
1 0.5137447916666666 0.3936851851851852 0.0300416666666667 0.08680555555555555
1 0.4450677083333333 0.5064444444444445 0.022572916666666623 0.10708333333333336
1 0.3505364583333333 0.42051851851851857 0.033218749999999984 0.041425925925925935
1 0.4675572916666667 0.4244351851851852 0.03454687499999996 0.09638888888888891