1 0.21492187499999998 0.7140462962962962 0.041796875 0.10421296296296292
1 0.10404166666666666 0.299 0.03708333333333333 0.07814814814814813
1 0.9633333333333333 0.3735833333333334 0.04208854166666664 0.09330555555555554
1 0.5806979166666667 0.5298888888888889 0.0396874999999999 0.10169444444444438
1 0.061661458333333335 0.5540462962962963 0.03947395833333333 0.09526851851851861
1 0.3327916666666667 0.17593518518518517 0.019791666666666666 0.0655185185185185
2 0.44797916666666665 0.2401388888888889 0.026744791666666618 0.07473148148148148
0 0.30240104166666665 0.6882037037037037 0.014161458333333361 0.02060185185185185
1 0.5131145833333333 0.39216666666666666 0.03285416666666663 0.08590740740740738
1 0.786578125 0.2675925925925926 0.03058333333333323 0.08572222222222223
1 0.7132083333333333 0.20033333333333334 0.02578125 0.08400000000000002
1 0.34990625000000003 0.11081481481481482 0.01647395833333339 0.06748148148148148
1 0.48266145833333335 0.7229351851851852 0.044812499999999984 0.11121296296296287
1 0.6100416666666667 0.769962962962963 0.028807291666666637 0.11774074074074081
1 0.1175 0.17272222222222222 0.01931770833333332 0.07753703703703704
1 0.28392708333333333 0.3486574074074074 0.021322916666666695 0.0852777777777778
2 0.9716145833333333 0.8472222222222222 0.05677083333333333 0.13703703703703704
1 0.6095781250000001 0.04612962962962963 0.02669791666666678 0.057129629629629634
1 0.10535416666666667 0.16543518518518519 0.014796875000000013 0.06713888888888889