1 0.48348437499999997 0.4634907407407407 0.03973958333333331 0.08400925925925923
1 0.6628281250000001 0.40925925925925927 0.04378124999999997 0.06824074074074078
2 0.266296875 0.3858518518518519 0.030765625000000026 0.07911111111111116
1 0.8628229166666667 0.2855648148148148 0.030140624999999942 0.061175925925925974
1 0.09026041666666668 0.3391851851851852 0.027182291666666667 0.08091666666666665
1 0.41221875 0.4040648148148148 0.03153645833333331 0.07254629629629632
0 0.6706197916666666 0.4775277777777778 0.009859374999999915 0.015712962962962988
1 0.5566666666666666 0.4384814814814814 0.021067708333333237 0.08537037037037036
1 0.1654375 0.30560185185185185 0.021656250000000023 0.07255555555555557
1 0.5491822916666667 0.33987962962962964 0.02525000000000001 0.08071296296296293
1 0.2976875 0.27635185185185185 0.021177083333333378 0.05824074074074072
1 0.715875 0.4898981481481482 0.041979166666666616 0.08177777777777771
1 0.15764583333333335 0.6548055555555556 0.0333020833333333 0.1099166666666667
1 0.57128125 0.42556481481481484 0.017708333333333333 0.08352777777777781