1 0.2601510416666667 0.7194166666666667 0.031796874999999974 0.11093518518518514
0 0.568640625 0.7070648148148148 0.011140624999999934 0.017259259259259353
2 0.7264895833333332 0.5057870370370371 0.032374999999999925 0.08273148148148145
1 0.28929166666666667 0.6411018518518519 0.028921874999999986 0.09135185185185193
1 0.5851458333333334 0.3115833333333333 0.02254687499999998 0.05508333333333334
1 0.475203125 0.6483796296296296 0.03467187499999997 0.07925925925925917
1 0.8385208333333334 0.5896666666666667 0.028104166666666687 0.08964814814814809
1 0.769765625 0.3179814814814815 0.024973958333333237 0.06519444444444442
1 0.5366562500000001 0.6807592592592593 0.036244791666666686 0.10125925925925916
1 0.646703125 0.41776851851851854 0.028885416666666684 0.06745370370370372
1 0.49019270833333334 0.3857407407407408 0.02690625000000004 0.06820370370370367
1 0.6856510416666667 0.2239074074074074 0.018203124999999907 0.05930555555555554
1 0.5019479166666667 0.35125925925925927 0.024885416666666653 0.06653703703703705
1 0.8916822916666667 0.45364814814814813 0.02847916666666658 0.08481481481481483
1 0.40866145833333334 0.4034907407407407 0.026197916666666644 0.07026851851851851
1 0.34875 0.2496111111111111 0.024411458333333278 0.06608333333333334
1 0.6209427083333333 0.2609166666666667 0.017869791666666638 0.05959259259259261
1 0.462296875 0.5411851851851852 0.030333333333333337 0.07981481481481485
2 0.7865468750000001 0.11707407407407407 0.015619791666666553 0.04926851851851851
1 0.8964635416666666 0.5546851851851852 0.029562500000000113 0.08866666666666666
1 0.48722916666666666 0.5838611111111112 0.018942708333333277 0.08165740740740746