1 0.1705 0.8103333333333335 0.041999999999999996 0.1585833333333334
1 0.21000000000000002 0.64925 0.038375000000000006 0.11997222222222222
1 0.31475 0.4904722222222222 0.031828125000000006 0.10144444444444439
1 0.35709375 0.4069722222222222 0.02949999999999999 0.08911111111111107
1 0.383765625 0.4703888888888889 0.024859375000000038 0.10247222222222219
1 0.39854687499999997 0.5765555555555556 0.03240625000000001 0.10863888888888892
1 0.5312812499999999 0.40311111111111114 0.04296875 0.08652777777777772
1 0.55121875 0.34744444444444444 0.02628125000000008 0.06797222222222223
1 0.53215625 0.5958888888888889 0.03890624999999996 0.12152777777777778
1 0.5559375 0.5153611111111112 0.034265624999999925 0.10736111111111105
1 0.681265625 0.4479444444444444 0.03989062499999996 0.10402777777777775
1 0.687875 0.3100555555555556 0.02553125000000005 0.07055555555555557
1 0.789453125 0.5384166666666667 0.03295312499999996 0.10194444444444441
1 0.8198281250000001 0.5363611111111111 0.03134374999999991 0.11844444444444441
1 0.8238749999999999 0.3976944444444444 0.02206249999999983 0.08858333333333329
1 0.8440468750000001 0.4979444444444444 0.03628125000000004 0.11638888888888882
0 0.513484375 0.43966666666666665 0.008609374999999985 0.016694444444444418