1 0.0140625 0.43400000000000005 0.027828125000000002 0.14316666666666672
1 0.152515625 0.38608333333333333 0.03504687500000001 0.14008333333333337
1 0.148015625 0.3286111111111111 0.034765625 0.10247222222222227
1 0.201453125 0.2831111111111111 0.02417187500000002 0.10688888888888887
1 0.279671875 0.38941666666666663 0.031265624999999984 0.12102777777777776
1 0.28546875 0.38169444444444445 0.04865624999999998 0.06433333333333337
1 0.42232812500000005 0.41080555555555553 0.03239062500000003 0.12772222222222224
1 0.42559375 0.3625 0.031671874999999974 0.14191666666666672
1 0.48539062499999996 0.3595277777777778 0.04543750000000006 0.12308333333333334
1 0.545421875 0.3822222222222222 0.06107812500000005 0.07566666666666669
1 0.5881875 0.46391666666666664 0.033531250000000054 0.1823333333333333