1 0.11881250000000002 0.5286944444444445 0.03374999999999999 0.1346666666666667
1 0.1856875 0.37525000000000003 0.036296875000000006 0.10924999999999996
1 0.2160625 0.37630555555555556 0.026187499999999985 0.11138888888888891
1 0.295828125 0.2977777777777778 0.025875000000000002 0.0990833333333333
1 0.182734375 0.15397222222222223 0.01684375 0.07149999999999998
1 0.393390625 0.36719444444444443 0.024953125 0.10388888888888886
1 0.432140625 0.39091666666666663 0.021031250000000057 0.10574999999999998
1 0.30578125 0.6016111111111111 0.027687500000000042 0.1410833333333334
1 0.340609375 0.6151388888888889 0.027968749999999966 0.14402777777777784
1 0.41796875 0.5415555555555556 0.02887500000000003 0.11750000000000003
1 0.40303125 0.6656666666666666 0.03821875000000001 0.14588888888888885
1 0.6543125 0.5128888888888888 0.0265625 0.12983333333333336
1 0.754515625 0.5416944444444444 0.020374999999999942 0.13652777777777772
1 0.71259375 0.30744444444444446 0.018562499999999992 0.09691666666666662
1 0.72721875 0.25166666666666665 0.017062499999999935 0.08194444444444444
1 0.747203125 0.2006111111111111 0.01931250000000002 0.06827777777777776
2 0.38714062500000007 0.4756944444444444 0.03478125000000003 0.10708333333333336
0 0.39234375 0.5772777777777778 0.011671875000000043 0.02297222222222217
2 0.769765625 0.07147222222222223 0.012921874999999972 0.045111111111111116