1 0.6203763020833333 0.7100393518518519 0.03700911458333327 0.18945138888888896
1 0.3002083333333333 0.5316388888888889 0.03869531250000004 0.14341666666666672
1 0.3648268229166666 0.6941666666666667 0.0318971354166667 0.18474074074074073
1 0.48094010416666666 0.7048541666666667 0.03765494791666661 0.15721296296296292
1 0.5262174479166667 0.6658981481481481 0.037962239583333356 0.1807893518518519
1 0.19318619791666666 0.5966574074074074 0.024947916666666656 0.17732638888888894
1 0.22288020833333333 0.5431018518518518 0.029455729166666642 0.16020833333333337
1 0.5937617187500001 0.6121134259259259 0.028171875000000075 0.17815046296296289
1 0.35944791666666664 0.5666365740740741 0.02736328124999995 0.14334722222222226
1 0.11319010416666667 0.6210185185185185 0.035531250000000014 0.19271990740740744
1 0.4600520833333333 0.6224351851851851 0.02514583333333332 0.18631481481481485
1 0.5498997395833333 0.5568587962962963 0.04801041666666664 0.14200231481481476
1 0.5036901041666667 0.5679421296296296 0.02629557291666664 0.12531944444444448