1 0.169453125 0.7765000000000001 0.07379687499999998 0.17775000000000002
1 0.269078125 0.7035555555555556 0.04815624999999999 0.18227777777777787
1 0.173578125 0.6045 0.04017187500000001 0.1511388888888888
1 0.576875 0.6044444444444445 0.040437499999999994 0.15524999999999997
1 0.5372656250000001 0.5693055555555555 0.03373437500000005 0.06355555555555555
1 0.5330625 0.5093333333333334 0.03032812499999995 0.04513888888888889
1 0.8345156250000001 0.4907222222222222 0.02770312500000003 0.10191666666666666
1 0.710828125 0.5129722222222222 0.03324999999999996 0.1018055555555555
1 0.411796875 0.48819444444444443 0.023421875000000016 0.09844444444444443
2 0.9104218749999999 0.5990555555555556 0.05215625000000017 0.14777777777777776
1 0.940328125 0.5199166666666666 0.04256250000000002 0.11488888888888893