1 0.221390625 0.56275 0.045187500000000026 0.1325833333333334
1 0.318953125 0.508638888888889 0.07504687499999996 0.06558333333333337
1 0.41624999999999995 0.5616111111111112 0.028921874999999986 0.14316666666666672
1 0.533390625 0.6449722222222222 0.04282812499999995 0.1475277777777778
1 0.531078125 0.5893055555555555 0.03237500000000004 0.12897222222222224
1 0.536140625 0.5306666666666666 0.033828124999999966 0.11225000000000007
1 0.5650000000000001 0.546138888888889 0.024843749999999963 0.14316666666666672
1 0.5899375 0.5006388888888889 0.03410937500000007 0.13725000000000007
1 0.623140625 0.6259166666666667 0.04542187500000008 0.14030555555555552
1 0.6635156249999999 0.4251388888888889 0.026125000000000044 0.13572222222222227
1 0.7208593750000001 0.47333333333333333 0.03206249999999997 0.1341666666666667
1 0.75428125 0.43983333333333335 0.027843750000000077 0.12902777777777774
1 0.789578125 0.4399444444444444 0.030312499999999964 0.13699999999999998
2 0.98834375 0.6627500000000001 0.023312500000000114 0.18305555555555564
0 0.38089062500000004 0.5341388888888888 0.013328124999999958 0.023805555555555538