2 0.6617578125 0.6371574074074075 0.03227604166666656 0.07653240740740738
1 0.2081796875 0.517775462962963 0.031186197916666637 0.06309259259259269
1 0.9339713541666667 0.48248611111111117 0.019803385416666687 0.060127314814814814
1 0.51774609375 0.500363425925926 0.027445312499999968 0.0527731481481481
1 0.4360247395833333 0.5917199074074074 0.02039322916666665 0.07148148148148152
1 0.7039322916666666 0.531462962962963 0.021117187500000037 0.06331018518518519
1 0.05382942708333334 0.6296319444444445 0.023041666666666672 0.08399537037037029
1 0.1914596354166667 0.650087962962963 0.024076822916666647 0.07671296296296289
1 0.5064544270833333 0.5317731481481482 0.019476562499999992 0.06332870370370369
1 0.41944140625 0.5224675925925926 0.022421874999999977 0.06784953703703696
1 0.30744921875000003 0.5740740740740741 0.031302083333333286 0.06929861111111109
1 0.7347213541666666 0.6601203703703703 0.03695442708333327 0.10283564814814815
1 0.5213893229166667 0.6093217592592592 0.02815755208333339 0.07662962962962962
0 0.0823984375 0.648261574074074 0.009622395833333346 0.016097222222222214
1 0.11560416666666667 0.6485810185185185 0.021773437500000003 0.08878935185185179
1 0.21907812499999998 0.6850185185185186 0.024782552083333322 0.08573611111111114
1 0.5471184895833333 0.5607962962962962 0.023231770833333342 0.06786342592592594
2 0.6471783854166666 0.4299398148148148 0.024906250000000085 0.0490601851851852
1 0.8457760416666668 0.5727777777777778 0.01646093750000001 0.08567129629629638