1 0.13221484375 0.6008680555555556 0.060855468750000016 0.20191203703703708
1 0.560875 0.43928935185185186 0.0676497395833333 0.17312731481481478
1 0.2041640625 0.6619884259259259 0.06273307291666666 0.23835416666666678
1 0.5603671875 0.6268194444444445 0.053867187500000094 0.20865046296296294
1 0.42680989583333334 0.40045601851851853 0.03642578125 0.17316203703703703
1 0.8558125000000001 0.6794027777777778 0.0709075520833333 0.21406018518518513
1 0.6794934895833333 0.37948842592592597 0.03435286458333332 0.15390972222222218
1 0.4529869791666667 0.44784722222222223 0.03829687499999999 0.17346990740740736
1 0.35342578125 0.44375462962962964 0.03641927083333331 0.17296296296296293
1 0.7522877604166667 0.5033472222222223 0.04177864583333341 0.18393749999999998
1 0.7173033854166667 0.3523310185185185 0.03535677083333345 0.14431249999999995
1 0.7253229166666666 0.5378657407407407 0.04020833333333324 0.20396759259259262
2 0.9807278645833333 0.6395231481481481 0.03854296875000003 0.2027708333333334
2 0.9650690104166666 0.2133587962962963 0.033248697916666715 0.11383796296296293
0 0.8145442708333334 0.3612523148148148 0.016847656249999923 0.030819444444444417