1 0.139484375 0.43127777777777776 0.02862499999999999 0.10605555555555557
1 0.18068749999999997 0.4217777777777778 0.040515624999999986 0.09686111111111112
1 0.181078125 0.3386388888888889 0.029156249999999995 0.08924999999999998
1 0.33703125 0.3557777777777778 0.024843749999999963 0.1098055555555556
1 0.370359375 0.3736111111111111 0.024281250000000032 0.07886111111111108
1 0.378390625 0.42786111111111114 0.029343750000000047 0.10508333333333329
1 0.40170312499999994 0.3600833333333333 0.02857812499999999 0.0949166666666667
1 0.473640625 0.3620555555555556 0.02921875000000007 0.08316666666666667
1 0.6168437499999999 0.39613888888888893 0.026953125 0.1082222222222222
1 0.645546875 0.31897222222222216 0.021546874999999945 0.09494444444444443
1 0.702734375 0.30916666666666665 0.03674999999999997 0.0753611111111111
1 0.788 0.28477777777777774 0.022187500000000072 0.09122222222222223
1 0.8563124999999999 0.31955555555555554 0.026578124999999987 0.0921944444444444
1 0.905453125 0.31024999999999997 0.023484374999999957 0.09513888888888888
1 0.9247343750000001 0.3249444444444445 0.020187500000000115 0.09708333333333338
1 0.9457812499999999 0.3026111111111111 0.02481250000000017 0.09944444444444447
1 0.93334375 0.5579999999999999 0.049515625000000084 0.13230555555555554
2 0.58709375 0.48133333333333334 0.029140624999999965 0.13172222222222227
2 0.842578125 0.2163888888888889 0.0159062500000001 0.07330555555555551