1 0.136015625 0.4845277777777778 0.03760937499999999 0.14819444444444452
1 0.2973125 0.5080277777777777 0.044703125000000024 0.13491666666666666
1 0.334625 0.4279722222222222 0.031140625000000012 0.12861111111111115
1 0.274328125 0.26969444444444446 0.02418750000000003 0.10755555555555556
1 0.24100000000000002 0.2175277777777778 0.020296875000000013 0.09369444444444441
1 0.395359375 0.15225 0.01687500000000002 0.08677777777777779
1 0.533921875 0.17938888888888888 0.019234374999999915 0.08074999999999997
1 0.680546875 0.15150000000000002 0.02581249999999997 0.0882777777777778
1 0.5526718749999999 0.24691666666666667 0.02109375 0.09519444444444447
1 0.421390625 0.37266666666666665 0.02993749999999995 0.12349999999999998
1 0.38551562500000003 0.5140555555555556 0.03926562500000004 0.12286111111111116
1 0.479390625 0.4047777777777778 0.023812500000000014 0.13647222222222222
1 0.5982968750000001 0.4762222222222222 0.027531250000000007 0.12861111111111115
1 0.625 0.5075833333333333 0.02837499999999995 0.14305555555555555
1 0.729140625 0.5259722222222222 0.03310937500000009 0.13763888888888892
1 0.8013125000000001 0.48691666666666666 0.04343749999999993 0.12888888888888883
1 0.502875 0.7096111111111112 0.08267187499999995 0.11286111111111118
2 0.7420312499999999 0.3467222222222222 0.02496875000000003 0.11988888888888884
1 0.915390625 0.3516944444444444 0.03412499999999987 0.12080555555555554
1 0.9830937499999999 0.42436111111111113 0.033812500000000155 0.1394722222222222
1 0.440234375 0.04416666666666667 0.025218749999999977 0.06058333333333333