2 0.3300989583333333 0.7870115740740741 0.01915755208333335 0.0699328703703703
1 0.5222734375 0.779238425925926 0.01457552083333328 0.0745208333333334
1 0.15851432291666667 0.8129791666666667 0.021225260416666634 0.07866203703703697
1 0.20384375 0.718775462962963 0.013563802083333344 0.054365740740740666
1 0.39868489583333333 0.7985810185185185 0.013490885416666624 0.06968518518518518
1 0.31921354166666666 0.7010925925925926 0.012156249999999957 0.058280092592592696
1 0.4808971354166667 0.7890578703703703 0.009756510416666704 0.07855092592592595
1 0.6628203125 0.846087962962963 0.018009114583333267 0.08378703703703705
1 0.16933723958333333 0.737 0.013722656249999984 0.05686574074074071
1 0.46746484375 0.7574444444444444 0.014574218750000038 0.06606018518518521
1 0.5901028645833333 0.8070694444444444 0.013888020833333315 0.07992592592592587
1 0.753234375 0.7511643518518519 0.01205468749999999 0.07485879629629637
1 0.36516015625 0.7351319444444444 0.009774739583333296 0.06491435185185192
1 0.61247265625 0.8121226851851852 0.014821614583333325 0.07711111111111109
1 0.6262877604166667 0.8221620370370369 0.016292968749999897 0.07688888888888885
1 0.5401940104166666 0.788587962962963 0.014554687500000026 0.07667824074074074
1 0.5585846354166667 0.7924953703703703 0.019126302083333258 0.07594444444444443
0 0.22141536458333333 0.7567708333333333 0.0060442708333333425 0.010527777777777676
1 0.3891458333333333 0.7589282407407408 0.017015625000000038 0.055324074074074074
1 0.37086588541666665 0.7214907407407408 0.00936197916666662 0.0593935185185185
1 0.490796875 0.7883819444444444 0.012436197916666695 0.07912962962962966
1 0.5780299479166667 0.8019143518518519 0.01165885416666678 0.07930787037037029