1 0.12245312500000001 0.4496388888888889 0.04857812500000001 0.1125
1 0.222671875 0.6113055555555555 0.06392187499999998 0.14588888888888885
1 0.240234375 0.5190555555555556 0.03004687500000003 0.11191666666666672
1 0.24571874999999999 0.4220277777777778 0.03160937500000003 0.08516666666666674
1 0.295109375 0.42844444444444446 0.03317187500000003 0.09241666666666662
1 0.334625 0.4708333333333333 0.030656250000000006 0.11024999999999999
1 0.56640625 0.4811388888888889 0.042546875000000026 0.1253055555555556
1 0.660484375 0.5834444444444444 0.036250000000000074 0.13474999999999998
1 0.707796875 0.5431666666666667 0.03207812499999996 0.13783333333333334
1 0.76128125 0.5308888888888889 0.03551562500000003 0.1356111111111111
1 0.79609375 0.5784166666666667 0.04240625000000007 0.14980555555555558
1 0.9300937499999999 0.7151666666666666 0.03909374999999997 0.1863055555555556
1 0.9169218750000001 0.4671944444444444 0.022796874999999873 0.10022222222222218