1 0.241703125 0.761361111111111 0.041000000000000016 0.1885833333333333
1 0.30253125000000003 0.5225 0.03540625000000004 0.12358333333333336
1 0.3250625 0.4945277777777778 0.031390624999999964 0.11922222222222227
1 0.35196875 0.5716944444444445 0.034734375000000026 0.1585
1 0.383765625 0.6056388888888888 0.03718749999999997 0.15094444444444438
1 0.41156249999999994 0.6199166666666667 0.03695312499999996 0.14775
1 0.42003124999999997 0.5254722222222222 0.02712500000000002 0.11763888888888895
1 0.525828125 0.5949166666666666 0.04229687500000008 0.1533333333333333
1 0.564 0.9248055555555555 0.057015625000000014 0.15038888888888885
1 0.42471875 0.44177777777777777 0.04096875000000004 0.053388888888888805
1 0.7053906249999999 0.45366666666666666 0.02418750000000003 0.1089166666666666
1 0.7932187500000001 0.4873888888888889 0.032421875000000086 0.12083333333333333
1 0.8055 0.6226944444444444 0.03465625000000001 0.16125000000000003
1 0.691671875 0.6034444444444444 0.03021875000000005 0.15847222222222226
2 0.6988125000000001 0.7048333333333333 0.044500000000000026 0.17472222222222217