1 0.19065625000000003 0.4899722222222222 0.033015625000000014 0.06688888888888884
1 0.25646874999999997 0.5043888888888889 0.013874999999999993 0.06483333333333327
1 0.26546875000000003 0.7342777777777777 0.026046875000000025 0.0915833333333334
1 0.43734375 0.8007777777777777 0.023265624999999977 0.09052777777777786
1 0.49424999999999997 0.6755277777777777 0.019624999999999913 0.08747222222222224
1 0.49743750000000003 0.6046388888888888 0.026015624999999966 0.06427777777777774
1 0.48243749999999996 0.4646944444444444 0.023546875000000078 0.06794444444444439
1 0.5286875 0.5098055555555555 0.020343749999999973 0.06019444444444449
1 0.628796875 0.5751388888888889 0.02192187499999996 0.06972222222222228
1 0.49134374999999997 0.33738888888888885 0.025437499999999957 0.05044444444444444
0 0.391890625 0.5641944444444444 0.010953124999999985 0.019444444444444445
1 0.85746875 0.6641944444444445 0.042828125000000127 0.08027777777777771