1 0.15997526041666665 0.828923611111111 0.02085546875000001 0.08368518518518529
1 0.7080325520833333 0.7703356481481481 0.01533203125 0.0544259259259259
2 0.4347330729166667 0.8095138888888889 0.017832031249999977 0.06882407407407401
1 0.18555468749999998 0.7377916666666667 0.017903645833333332 0.0562314814814815
1 0.8409726562500001 0.8071759259259259 0.018204427083333266 0.06637037037037043
1 0.47475911458333336 0.8167222222222221 0.018430989583333356 0.07402314814814809
1 0.5007005208333334 0.7359953703703703 0.025095052083333277 0.05437268518518526
1 0.7518815104166666 0.7679583333333333 0.020766927083333307 0.06377314814814815
1 0.786578125 0.7777222222222223 0.022153645833333256 0.055159722222222214
1 0.6326302083333334 0.7434027777777777 0.015100260416666582 0.06531481481481478
1 0.29846874999999995 0.7135300925925926 0.016613281250000018 0.051844907407407465
1 0.5784231770833334 0.7586273148148148 0.014828124999999895 0.06310879629629632
1 0.60820703125 0.7867500000000001 0.013503906249999887 0.058187499999999975
1 0.68736328125 0.7592476851851852 0.014127604166666667 0.0634837962962963
1 0.43512890625 0.7514861111111111 0.015839843749999954 0.060708333333333385
1 0.81315625 0.7736412037037037 0.013394531250000103 0.0554907407407408
1 0.45311328125 0.7580532407407408 0.01237239583333339 0.07183796296296299
1 0.43995963541666666 0.7254791666666667 0.008471354166666719 0.0560254629629629
1 0.82485546875 0.7764837962962963 0.017819010416666715 0.060305555555555654
0 0.8200572916666666 0.8366157407407407 0.007742187499999886 0.013402777777777694