1 0.195640625 0.571 0.03682812500000001 0.13027777777777771
1 0.21564062499999997 0.6150277777777777 0.03939062499999999 0.14655555555555552
1 0.25398437500000004 0.5010555555555556 0.03607812499999996 0.12408333333333338
1 0.5211718750000001 0.7914722222222222 0.05493749999999995 0.20586111111111116
1 0.35240625 0.4653611111111111 0.032937499999999974 0.11463888888888883
1 0.38909375 0.4541111111111111 0.040281250000000046 0.1084444444444445
1 0.466140625 0.41236111111111107 0.03292187500000008 0.10325000000000005
1 0.7073750000000001 0.5555277777777778 0.03471875000000004 0.14819444444444452
1 0.7403906250000001 0.5212777777777777 0.05232812500000002 0.12538888888888886
1 0.75296875 0.4053333333333333 0.02865625000000005 0.09899999999999996
1 0.8253281250000001 0.43044444444444446 0.03946874999999998 0.11661111111111117
1 0.29295312500000004 0.33538888888888885 0.02415624999999997 0.07977777777777778
0 0.358171875 0.6192777777777778 0.016984375000000006 0.03111111111111108