1 0.05615625 0.3430277777777778 0.020890625000000003 0.08736111111111113
1 0.10106250000000001 0.3387222222222222 0.02221875 0.07877777777777782
1 0.13671875 0.4382222222222222 0.023828125 0.09899999999999996
1 0.15146874999999999 0.37041666666666667 0.01578124999999999 0.08972222222222226
1 0.166609375 0.371 0.028374999999999994 0.09808333333333334
1 0.275984375 0.37625 0.02084374999999996 0.08950000000000004
1 0.249515625 0.6193055555555556 0.03626562499999997 0.15613888888888883
1 0.285578125 0.6234722222222222 0.030640625000000022 0.1668611111111111
1 0.36117187500000003 0.4509722222222222 0.047781249999999977 0.07922222222222217
1 0.37196875 0.4359444444444444 0.030484374999999987 0.09211111111111102
1 0.53221875 0.5348333333333333 0.025234374999999965 0.12305555555555558
1 0.70990625 0.4903888888888889 0.03207812499999996 0.11758333333333329
1 0.778546875 0.5335277777777777 0.040640624999999986 0.10375000000000006
1 0.8471718750000001 0.57975 0.03312500000000007 0.1485555555555556
1 0.389875 0.31383333333333335 0.018046875000000018 0.0742777777777778
1 0.953296875 0.6043055555555555 0.05500000000000007 0.12852777777777774
0 0.832921875 0.6324444444444445 0.012656249999999859 0.02272222222222224