1 0.47440625000000003 0.54175 0.03953124999999993 0.13369444444444442
1 0.49643750000000003 0.7370277777777777 0.050125000000000065 0.1970833333333334
1 0.57296875 0.6231388888888889 0.027515625000000023 0.13541666666666666
1 0.6087343749999999 0.5978611111111111 0.02514062500000005 0.13441666666666663
1 0.6485937500000001 0.5998611111111111 0.03239062500000003 0.13838888888888887
1 0.795953125 0.5663888888888889 0.02873437499999998 0.13591666666666669
1 0.8283906249999999 0.6578611111111111 0.03365624999999994 0.11558333333333329
1 0.853265625 0.6727222222222222 0.03742187500000007 0.13541666666666666
1 0.8828906249999999 0.5711111111111111 0.02835937500000014 0.13047222222222213
1 0.9146093750000001 0.6520277777777777 0.03184375000000017 0.1510277777777777
1 0.96640625 0.6708611111111111 0.0252812500000001 0.1490277777777777
1 0.98515625 0.5471944444444444 0.02234374999999993 0.11486111111111118
1 0.8385 0.5950277777777778 0.030171874999999914 0.06677777777777784