2 0.0245 0.44125 0.030000000000000006 0.1551666666666667
1 0.021453125 0.3946666666666667 0.037468749999999995 0.13738888888888887
1 0.432328125 0.5568888888888889 0.056906249999999936 0.16025
1 0.411546875 0.4474444444444445 0.044187499999999956 0.11625000000000006
1 0.456078125 0.4151666666666667 0.04332812500000003 0.15425000000000005
1 0.6657031250000001 0.43297222222222226 0.062281250000000024 0.08730555555555558
1 0.73490625 0.5619999999999999 0.04464062500000008 0.16447222222222216
1 0.687 0.7956666666666666 0.06584374999999998 0.20361111111111108
1 0.335140625 0.9178055555555557 0.06946874999999997 0.16438888888888875
1 0.88090625 0.6691944444444444 0.03129687499999996 0.1768333333333334
1 0.858421875 0.7325277777777777 0.042312499999999885 0.14663888888888887
1 0.8651249999999999 0.8929166666666666 0.05740625000000001 0.214138888888889