1 0.0676875 0.6230277777777777 0.04693750000000001 0.16252777777777774
1 0.15628124999999998 0.38169444444444445 0.022328124999999987 0.0973888888888889
1 0.24121874999999998 0.6967222222222222 0.05643750000000001 0.17947222222222226
1 0.290109375 0.7396111111111111 0.056984374999999955 0.19022222222222226
1 0.641140625 0.7138333333333334 0.04903124999999999 0.17130555555555552
1 0.370734375 0.44480555555555557 0.021937500000000033 0.10941666666666663
1 0.42945312500000005 0.45786111111111116 0.029265625000000028 0.12247222222222215
1 0.46484375 0.41300000000000003 0.037687500000000006 0.10780555555555556
1 0.3615625 0.29625 0.018265624999999997 0.06999999999999997
1 0.88696875 0.4513333333333333 0.04899999999999984 0.10941666666666663
1 0.8069843750000001 0.34044444444444444 0.028468750000000043 0.08336111111111108