1 0.06929687500000001 0.30630555555555555 0.026656250000000003 0.09400000000000001
1 0.154609375 0.4534722222222222 0.03925000000000001 0.10477777777777786
1 0.39035937500000006 0.3741111111111111 0.03515625000000004 0.09036111111111107
1 0.459078125 0.3260277777777778 0.02759374999999995 0.07930555555555559
1 0.48134375 0.3363333333333333 0.027156249999999993 0.09991666666666667
1 0.65821875 0.4476944444444444 0.04453125 0.10608333333333332
1 0.77509375 0.2625 0.023109374999999942 0.06563888888888887
1 0.8107656249999999 0.3571944444444445 0.03643749999999999 0.1029722222222222
1 0.8383125 0.5948333333333333 0.05093749999999986 0.1348888888888889
1 0.838453125 0.37163888888888885 0.025124999999999887 0.09061111111111113
1 0.8522343749999999 0.4520555555555556 0.04165625000000013 0.10708333333333336
1 0.914421875 0.3155833333333333 0.03207812499999996 0.08933333333333332
1 0.941828125 0.3086388888888889 0.03178124999999987 0.09088888888888888
2 0.729 0.40355555555555556 0.03751562499999998 0.10547222222222218