1 0.020999999999999998 0.6473055555555555 0.041999999999999996 0.15930555555555553
1 0.0314375 0.5487500000000001 0.0311875 0.12669444444444447
1 0.133125 0.7213055555555556 0.038531249999999996 0.15397222222222215
1 0.254265625 0.7809722222222222 0.040875000000000036 0.1617777777777778
1 0.44362500000000005 0.921138888888889 0.04476562499999996 0.15772222222222215
1 0.43796875 0.6516111111111111 0.046015625000000074 0.1484166666666667
1 0.570171875 0.722138888888889 0.037531249999999974 0.15008333333333326
1 0.5955781250000001 0.5586388888888889 0.031874999999999966 0.1158333333333333
1 0.6986718749999999 0.5962777777777778 0.03765625000000004 0.12974999999999995
1 0.760640625 0.5693888888888888 0.03424999999999993 0.10941666666666663
1 0.7771874999999999 0.5143333333333333 0.03754687499999996 0.11919444444444452
1 0.9225625000000001 0.6930000000000001 0.0428593750000001 0.1475833333333334
2 0.22559374999999998 0.7406111111111111 0.040953124999999965 0.15677777777777785
0 0.467609375 0.6258611111111111 0.01537500000000005 0.023277777777777765