1 0.130109375 0.4458888888888889 0.03439062499999999 0.13280555555555557
1 0.16775 0.3973055555555556 0.027171875000000022 0.1273055555555555
1 0.191140625 0.44816666666666666 0.028828125000000003 0.1190555555555556
1 0.191203125 0.3933055555555556 0.030765624999999998 0.10783333333333331
1 0.23148437500000002 0.35938888888888887 0.029609374999999983 0.13166666666666665
1 0.440546875 0.37897222222222227 0.030078125 0.10897222222222223
1 0.48817187500000003 0.31483333333333335 0.04412500000000001 0.08149999999999998
1 0.498859375 0.2648611111111111 0.02170312499999998 0.08244444444444446
1 0.49223437499999995 0.25066666666666665 0.01640625 0.08152777777777777
1 0.599984375 0.29786111111111113 0.02670312500000005 0.10258333333333335
1 0.503125 0.4110555555555555 0.02762499999999992 0.11813888888888893
1 0.5526718749999999 0.41930555555555554 0.022328124999999942 0.12547222222222226
1 0.630390625 0.26280555555555557 0.020515624999999992 0.0920555555555556
1 0.75634375 0.31194444444444447 0.02234374999999993 0.1055555555555556
1 0.77684375 0.23372222222222222 0.019500000000000028 0.08427777777777778
1 0.9777968749999999 0.3222777777777778 0.02312499999999993 0.11472222222222217
1 0.8360156249999999 0.5666388888888889 0.033453125000000125 0.15200000000000008
2 0.523046875 0.42291666666666666 0.03428125000000008 0.12830555555555556
2 0.70115625 0.2048888888888889 0.022749999999999916 0.06894444444444442
0 0.6111718749999999 0.33661111111111114 0.008312500000000079 0.01644444444444441