1 0.12015625 0.8421944444444445 0.043984375000000006 0.1450833333333334
1 0.296125 0.5287222222222222 0.03703124999999998 0.08377777777777785
1 0.43296875 0.5988055555555556 0.05284375000000008 0.1194166666666667
1 0.48098437499999996 0.47497222222222224 0.03881250000000005 0.08622222222222228
1 0.47209375 0.42163888888888884 0.036093750000000036 0.08138888888888893
1 0.5526093750000001 0.3569166666666667 0.02823437500000008 0.07794444444444446
1 0.614953125 0.3626666666666667 0.03381249999999998 0.08141666666666668
1 0.612390625 0.56425 0.037734374999999966 0.10924999999999996
1 0.62015625 0.7178333333333333 0.042703125000000064 0.13225000000000003
1 0.629359375 0.5245833333333333 0.03998437500000005 0.09425000000000001
1 0.6720312500000001 0.7198333333333333 0.02581249999999997 0.14966666666666664
1 0.680546875 0.65725 0.029265625000000028 0.1290555555555556
1 0.731734375 0.43102777777777773 0.03665625000000006 0.08408333333333329
1 0.9229687500000001 0.3155 0.03307812500000011 0.06480555555555559
2 0.691046875 0.5145 0.030671874999999994 0.09288888888888888
0 0.234140625 0.5821666666666667 0.015187500000000043 0.02616666666666671