1 0.078921875 0.2851944444444445 0.02032812500000001 0.1007222222222222
1 0.33171875 0.3516666666666666 0.017734375000000035 0.10497222222222224
1 0.342203125 0.3121388888888889 0.022093749999999978 0.08758333333333329
1 0.388484375 0.3031666666666667 0.02721874999999998 0.09911111111111114
1 0.41381249999999997 0.3339722222222222 0.023593750000000035 0.09105555555555556
1 0.45610937500000004 0.3373333333333333 0.02826562500000005 0.10580555555555561
1 0.438921875 0.4039444444444444 0.03610937500000002 0.11836111111111115
1 0.6051562500000001 0.40205555555555555 0.023265624999999977 0.10924999999999996
1 0.594828125 0.28491666666666665 0.034265624999999925 0.08408333333333336
1 0.74071875 0.5198611111111111 0.031984375000000044 0.1438055555555555
1 0.429875 0.5931666666666666 0.04214062500000004 0.14297222222222214
1 0.7646875 0.4744444444444445 0.02865625000000005 0.12533333333333335
1 0.785203125 0.5265555555555556 0.03348437500000001 0.14111111111111113
1 0.8463749999999999 0.5711944444444444 0.0337031249999999 0.15533333333333338
1 0.105375 0.32969444444444446 0.021968750000000002 0.11466666666666663