1 0.023203124999999998 0.4478333333333333 0.018249999999999995 0.08216666666666662
1 0.113546875 0.48933333333333334 0.02604687499999998 0.09827777777777777
1 0.174875 0.5186944444444445 0.020453125000000006 0.09505555555555548
1 0.189453125 0.524888888888889 0.0203125 0.10247222222222219
1 0.190140625 0.4512777777777778 0.02450000000000001 0.09902777777777771
1 0.24367187499999998 0.4706111111111111 0.02003124999999999 0.09802777777777784
1 0.2975625 0.49588888888888893 0.020437499999999977 0.09902777777777771
1 0.41759375 0.4894444444444444 0.023484374999999957 0.0960555555555555
1 0.443734375 0.5305833333333333 0.026968749999999986 0.1089166666666666
1 0.459765625 0.5128611111111111 0.017203124999999986 0.10074999999999995
1 0.581046875 0.5053055555555556 0.047843750000000004 0.038555555555555544