1 0.02978125 0.6302777777777778 0.03887500000000001 0.14477777777777778
1 0.25520312500000003 0.5675555555555556 0.033343749999999964 0.14758333333333332
1 0.40865625000000005 0.6651388888888888 0.03754687499999996 0.16427777777777774
1 0.45632812500000003 0.5399722222222222 0.03253125000000008 0.13144444444444442
1 0.5014062499999999 0.5221111111111111 0.03643750000000008 0.12919444444444442
1 0.554640625 0.6155 0.037843750000000044 0.1654166666666667
1 0.58028125 0.5583611111111111 0.03423437499999995 0.16822222222222222
1 0.5951875 0.5076111111111111 0.029531249999999964 0.13366666666666668
1 0.6139218750000001 0.4970277777777778 0.03720312499999991 0.12363888888888887
1 0.65390625 0.5279722222222222 0.03249999999999993 0.14650000000000002
1 0.6780625 0.48977777777777776 0.024343750000000063 0.14258333333333328
1 0.89315625 0.5873333333333334 0.037375000000000116 0.16486111111111118
1 0.928515625 0.47 0.05321874999999991 0.13647222222222222
2 0.7666875 0.6793333333333333 0.06201562499999991 0.1369722222222223