1 0.9014166666666666 0.5410370370370371 0.09496354166666662 0.26642592592592595
1 0.48369140625 0.5424884259259259 0.06569401041666663 0.28812268518518525
1 0.7628893229166667 0.544537037037037 0.07288802083333341 0.23155092592592597
1 0.1285078125 0.627800925925926 0.1567447916666667 0.12553935185185183
1 0.6803736979166667 0.5468217592592592 0.07334375000000008 0.22692592592592592
1 0.6219791666666666 0.5406087962962962 0.03825000000000003 0.1391875
1 0.37869140625 0.5997800925925927 0.11535026041666671 0.11944212962962958
1 0.28819661458333334 0.5340717592592593 0.04251562499999994 0.18664120370370368
2 0.3933125 0.5139027777777778 0.03287239583333334 0.09348148148148151
1 0.9805130208333334 0.5424143518518518 0.03897265624999993 0.16106481481481486
0 0.5545299479166667 0.5928171296296296 0.01658463541666677 0.031567129629629605