1 0.067765625 0.3922777777777778 0.027953125000000002 0.11383333333333334
1 0.102859375 0.38583333333333336 0.022734375000000008 0.10608333333333332
1 0.172453125 0.6244999999999999 0.03431250000000001 0.16066666666666676
1 0.294015625 0.4863333333333334 0.049812499999999996 0.13183333333333327
1 0.29546875 0.36416666666666664 0.02951562499999998 0.09372222222222225
1 0.315984375 0.3896944444444444 0.019796875000000026 0.11897222222222217
1 0.34968750000000004 0.3824722222222222 0.03356250000000003 0.08394444444444447
1 0.459296875 0.43633333333333335 0.03818750000000008 0.1246388888888889
1 0.49409375000000005 0.4435555555555556 0.043984374999999964 0.11844444444444441
1 0.49721875000000004 0.5634166666666667 0.04006249999999998 0.1467777777777777
1 0.545125 0.4657222222222222 0.04165624999999995 0.13183333333333327
1 0.58659375 0.520888888888889 0.03410937500000007 0.13905555555555557
1 0.63596875 0.4693333333333334 0.03046875 0.12875000000000006
1 0.77271875 0.5335 0.028484375000000027 0.13080555555555565
1 0.66753125 0.8092777777777778 0.04285937499999992 0.18741666666666673
1 0.906671875 0.4411111111111111 0.029625000000000058 0.11355555555555555
2 0.174546875 0.4558055555555556 0.026921874999999984 0.12488888888888883