1 0.053510416666666664 0.6056574074074074 0.05245703125 0.1889560185185185
1 0.34296484374999997 0.46531018518518513 0.038048177083333336 0.1333634259259259
1 0.2568619791666667 0.45487037037037037 0.05279817708333336 0.09784027777777779
1 0.7157369791666667 0.5532060185185185 0.05305078125000004 0.1719166666666667
1 0.56268359375 0.5669560185185185 0.04829296874999992 0.17395833333333333
1 0.15471614583333335 0.4320995370370371 0.04420703124999999 0.11609027777777783
1 0.9260091145833333 0.6142777777777777 0.036723958333333445 0.17978935185185177
1 0.8348736979166667 0.6019212962962963 0.034662760416666556 0.17288194444444452
1 0.7869388020833333 0.5357986111111112 0.02593489583333337 0.16558101851851856
1 0.91545703125 0.5150949074074074 0.03268750000000011 0.0880416666666667
1 0.8597838541666667 0.5492083333333333 0.033265624999999945 0.1716828703703704
1 0.32864322916666666 0.41058796296296296 0.03694401041666673 0.10496064814814811
1 0.8042734374999999 0.5887060185185186 0.034687499999999954 0.18556481481481488
1 0.9792773437500001 0.6212060185185185 0.03842968749999993 0.19368055555555552
1 0.9521393229166667 0.5742824074074074 0.02414973958333325 0.18516203703703696
0 0.17018619791666667 0.47756250000000006 0.013243489583333339 0.02353703703703705