1 0.7609140624999999 0.8267476851851853 0.023726562499999916 0.07198842592592587
1 0.1595234375 0.747087962962963 0.02239453125000003 0.060296296296296195
1 0.5574752604166666 0.8325902777777777 0.024321614583333446 0.0664027777777777
1 0.26313020833333334 0.8530324074074074 0.04280468750000003 0.07404166666666659
1 0.7977486979166667 0.8074675925925926 0.01361588541666663 0.07630324074074077
2 0.43036197916666663 0.781537037037037 0.02780208333333339 0.06801620370370369
1 0.50120703125 0.7733819444444445 0.019260416666666676 0.06757638888888895
1 0.7039153645833333 0.7584768518518519 0.013270833333333343 0.06488194444444444
1 0.6891848958333333 0.8079999999999999 0.017082031250000067 0.06828472222222218
1 0.4801536458333333 0.7760949074074074 0.015128906249999947 0.0630416666666667
1 0.3576770833333333 0.7218148148148148 0.024191406249999995 0.04944212962962966
1 0.6393736979166668 0.7617731481481482 0.011253906250000037 0.06790046296296294
1 0.5133033854166666 0.7318333333333333 0.0186888020833333 0.06270370370370373
1 0.6265390624999999 0.787712962962963 0.020654947916666562 0.06444675925925923
1 0.7639830729166667 0.7646712962962964 0.013479166666666724 0.05901157407407414
1 0.738765625 0.7748634259259259 0.014817708333333238 0.0789027777777777
1 0.77595703125 0.7893055555555556 0.014108072916666714 0.07754398148148144
1 0.7891276041666667 0.7722037037037037 0.01170052083333341 0.06837037037037029
1 0.7782747395833333 0.7342453703703704 0.012289062499999896 0.055032407407407356
1 0.7504661458333334 0.7588194444444444 0.013054687500000028 0.0628981481481482
0 0.8111510416666667 0.7691527777777777 0.00599479166666678 0.009717592592592491