1 0.091234375 0.5585 0.040249999999999994 0.15088888888888888
1 0.23084375000000001 0.5451666666666667 0.03239062500000003 0.13583333333333328
1 0.316875 0.46197222222222223 0.02993750000000004 0.1259722222222223
1 0.33709375 0.5818611111111112 0.037765625000000025 0.13666666666666663
1 0.40787500000000004 0.41905555555555557 0.029265625000000028 0.09816666666666675
1 0.48003125 0.4909722222222222 0.02843750000000007 0.1259722222222223
1 0.535078125 0.4023888888888889 0.029250000000000043 0.11991666666666671
1 0.6176875 0.5401111111111111 0.06234374999999996 0.12277777777777775
1 0.6195625 0.44819444444444445 0.028578124999999944 0.09555555555555549
1 0.60740625 0.3928333333333333 0.02809375000000003 0.10658333333333335
1 0.600890625 0.35108333333333336 0.025484374999999913 0.10427777777777776
1 0.6270625 0.3090555555555556 0.024015625000000006 0.08400000000000002
1 0.6613125 0.3373055555555556 0.04031249999999993 0.08544444444444442
1 0.6971875 0.3120833333333333 0.033781250000000006 0.08716666666666666
1 0.72971875 0.2805 0.028718749999999994 0.08777777777777776
1 0.8576874999999999 0.36558333333333337 0.033468750000000116 0.11008333333333332
1 0.42484374999999996 0.28441666666666665 0.035500000000000045 0.08688888888888889
2 0.41678125 0.4980555555555556 0.030781250000000072 0.13727777777777783
0 0.590921875 0.5899166666666666 0.012781249999999921 0.024333333333333308