1 0.07275000000000001 0.68325 0.036890624999999996 0.1408888888888888
1 0.22770312499999998 0.5705833333333333 0.03856250000000001 0.10836111111111109
1 0.09121875 0.5825 0.035421875000000005 0.11875
1 0.154390625 0.5498888888888889 0.030796875000000012 0.11061111111111109
1 0.768828125 0.5003888888888889 0.021609375000000063 0.08983333333333342
1 0.33206250000000004 0.5061666666666667 0.02943749999999996 0.06830555555555548
1 0.30565625 0.5636944444444445 0.05190625000000004 0.07119444444444444
2 0.54534375 0.5883055555555555 0.02873437499999998 0.12377777777777778
1 0.417078125 0.5091111111111111 0.01615625000000005 0.08352777777777776
1 0.45943750000000005 0.5021944444444444 0.020437500000000063 0.09352777777777782
1 0.564734375 0.5262777777777778 0.01785937499999992 0.07969444444444444
1 0.6325624999999999 0.4876666666666667 0.014109374999999957 0.0882777777777777
1 0.6819531249999999 0.5475833333333333 0.02039062499999993 0.10566666666666673