1 0.04951562500000001 0.3362222222222222 0.024781250000000005 0.10483333333333332
1 0.30721875 0.6967777777777778 0.031265624999999984 0.11966666666666662
1 0.424296875 0.5221666666666667 0.023265624999999977 0.09780555555555549
1 0.40043749999999995 0.2489722222222222 0.029218750000000026 0.06697222222222227
1 0.40653125 0.19741666666666666 0.02400000000000002 0.07727777777777776
1 0.40979687499999995 0.1474166666666667 0.017468749999999922 0.0803888888888889
1 0.44784375 0.4891944444444445 0.022531249999999937 0.104
1 0.45640625 0.40013888888888893 0.02514062500000005 0.08830555555555561
1 0.475390625 0.37088888888888893 0.025437499999999957 0.09941666666666668
1 0.470765625 0.3229444444444444 0.027749999999999986 0.07569444444444441
1 0.534265625 0.3413611111111111 0.021359374999999937 0.09452777777777778
1 0.5350625 0.3088888888888889 0.030203125000000063 0.09144444444444441
1 0.53825 0.6300277777777777 0.030781250000000072 0.1150555555555556
1 0.5872499999999999 0.21366666666666667 0.024406250000000008 0.09430555555555559
1 0.6682187500000001 0.45463888888888887 0.034093750000000075 0.10711111111111112
1 0.630171875 0.7536111111111111 0.029031250000000064 0.12763888888888894
1 0.753 0.6036111111111111 0.026734375000000022 0.11891666666666667
1 0.81309375 0.48480555555555555 0.03528124999999997 0.0926666666666667
1 0.7933749999999999 0.2742222222222222 0.024843750000000053 0.09944444444444447
1 0.82265625 0.24525000000000002 0.019624999999999913 0.09558333333333333
1 0.880875 0.40258333333333335 0.027296875000000043 0.10866666666666668