1 0.2868125 0.6211666666666666 0.042281250000000006 0.11897222222222217
1 0.358953125 0.6011111111111112 0.04190624999999999 0.11647222222222224
1 0.4125 0.44433333333333336 0.030796875000000012 0.10397222222222224
1 0.387796875 0.7309166666666667 0.044906250000000016 0.12522222222222226
1 0.427578125 0.7440833333333333 0.055656250000000004 0.13899999999999998
1 0.56065625 0.6962777777777777 0.05193750000000001 0.1343333333333333
1 0.6819375 0.5020277777777777 0.04221874999999997 0.10647222222222218
1 0.74790625 0.5214722222222222 0.047140624999999936 0.1077222222222223
1 0.792265625 0.5453055555555556 0.038843750000000024 0.11774999999999997
1 0.812109375 0.4885277777777778 0.027374999999999972 0.11086111111111102
1 0.7732187500000001 0.48697222222222225 0.024734375000000065 0.11400000000000006
1 0.80109375 0.42424999999999996 0.02120312499999999 0.0889444444444444
1 0.8813437499999999 0.3944722222222222 0.030000000000000072 0.09833333333333331
2 0.988296875 0.5888888888888889 0.023390625000000043 0.1484722222222222
0 0.58415625 0.7767222222222222 0.018765624999999987 0.028611111111110983