1 0.344265625 0.5788333333333333 0.042984374999999984 0.15688888888888894
1 0.41959375000000004 0.5296388888888889 0.026234374999999942 0.12200000000000004
1 0.43443750000000003 0.5024722222222222 0.02690625000000004 0.11922222222222227
1 0.5099843749999999 0.4774722222222222 0.023984375000000037 0.1089166666666666
1 0.49926562499999994 0.6357777777777778 0.03828125 0.1636388888888888
1 0.5696875 0.48680555555555555 0.038484374999999994 0.11566666666666663
1 0.641671875 0.44475000000000003 0.03735937499999995 0.12677777777777774
1 0.70684375 0.44316666666666665 0.033781250000000006 0.10775000000000005
1 0.775921875 0.50425 0.040234375 0.13469444444444448
1 0.826921875 0.46855555555555556 0.041796875 0.12677777777777774
1 0.846125 0.44633333333333336 0.026609374999999956 0.11408333333333331
1 0.8580625 0.41994444444444445 0.025937499999999857 0.11291666666666661
1 0.9077187500000001 0.5113888888888889 0.033749999999999857 0.1489722222222222
1 0.45295312499999996 0.4596388888888889 0.059484375000000075 0.04941666666666673
2 0.664328125 0.5816111111111111 0.04026562499999997 0.15452777777777776