1 0.241796875 0.5636666666666666 0.036328125 0.17325000000000002
1 0.376734375 0.5065000000000001 0.04117187500000004 0.17605555555555555
1 0.43178124999999995 0.5693611111111111 0.03520312499999996 0.18188888888888893
1 0.519515625 0.5479166666666667 0.03032812499999995 0.16683333333333333
1 0.528140625 0.5875 0.038171874999999925 0.1456388888888889
1 0.56853125 0.5692222222222222 0.03893749999999994 0.18438888888888888
1 0.609453125 0.5541666666666667 0.029843750000000037 0.17658333333333331
1 0.620515625 0.5706111111111111 0.037843750000000044 0.1816111111111111
1 0.678765625 0.5636666666666666 0.036734374999999986 0.18438888888888888
1 0.712875 0.56825 0.031234375000000016 0.1684999999999999
1 0.8700468750000001 0.6624722222222222 0.05700000000000003 0.17852777777777773
1 0.897640625 0.4920277777777778 0.03693750000000016 0.16936111111111118
1 0.96271875 0.4363888888888889 0.051031250000000125 0.15572222222222223