1 0.2963411458333333 0.6442361111111111 0.09723307291666666 0.3571527777777779
1 0.19586458333333334 0.6559050925925927 0.06343229166666665 0.2893310185185185
1 0.9171979166666666 0.652701388888889 0.06561979166666655 0.2966712962962963
1 0.6980559895833333 0.6199907407407408 0.04711197916666663 0.2788356481481481
1 0.44073307291666663 0.5947037037037036 0.047372395833333296 0.21565277777777775
1 0.16221093749999999 0.5838611111111112 0.033197916666666674 0.1346851851851852
1 0.7414414062500001 0.5977407407407407 0.05007942708333341 0.19240972222222222
1 0.6682630208333333 0.5764236111111112 0.03696875000000001 0.1410231481481482
1 0.39400520833333336 0.795037037037037 0.16742708333333337 0.12428009259259266
2 0.2404921875 0.6179328703703704 0.04295182291666665 0.18989583333333343
1 0.97342578125 0.6358564814814816 0.05314713541666668 0.3069328703703703
0 0.6596809895833334 0.8787268518518518 0.045981770833333255 0.07551157407407408