1 0.2763125 0.5231944444444444 0.020703125 0.10888888888888885
1 0.28645312500000003 0.5957222222222223 0.026078124999999997 0.11538888888888894
1 0.302328125 0.5992777777777778 0.024593750000000015 0.10825000000000008
1 0.32203125 0.5995833333333334 0.022750000000000003 0.11088888888888894
1 0.342375 0.5899166666666666 0.023328125000000012 0.11394444444444439
1 0.377328125 0.5906111111111111 0.03224999999999998 0.10927777777777786
1 0.36712500000000003 0.5692222222222222 0.02240624999999996 0.11130555555555553
1 0.40190625 0.5765555555555556 0.028921874999999986 0.10969444444444447
1 0.396234375 0.52575 0.021015624999999982 0.09563888888888891
1 0.37170312499999997 0.5164722222222222 0.02698437499999997 0.1011388888888888
1 0.6110781249999999 0.5516111111111112 0.017546875000000028 0.09441666666666669
1 0.6112968750000001 0.6151666666666666 0.022593750000000058 0.12372222222222228
1 0.7758125 0.5147222222222223 0.022734374999999928 0.11436111111111115
1 0.7497499999999999 0.6478333333333334 0.029031250000000064 0.13000000000000003
1 0.8649531250000001 0.5901944444444445 0.0268437500000001 0.1328888888888888
2 0.6514375 0.6310277777777777 0.024921875000000072 0.13916666666666672
2 0.769171875 0.3576944444444445 0.01860937499999995 0.08955555555555558
0 0.75346875 0.3979722222222222 0.009859374999999915 0.016222222222222152