1 0.043109375 0.9210555555555555 0.035734375 0.15197222222222231
1 0.078078125 0.7649444444444444 0.07115624999999999 0.1185833333333334
1 0.25787499999999997 0.56075 0.040234375 0.10330555555555555
1 0.325296875 0.48924999999999996 0.037093750000000016 0.08575
1 0.38725 0.3930833333333333 0.019828124999999995 0.07741666666666668
1 0.467375 0.33830555555555564 0.026406249999999964 0.0710277777777778
1 0.45168749999999996 0.5009444444444444 0.04523437500000007 0.09802777777777784
1 0.509171875 0.514888888888889 0.033140625000000055 0.09244444444444437
1 0.564359375 0.45594444444444443 0.030625000000000034 0.08325000000000007
1 0.614234375 0.5215833333333334 0.03626562500000006 0.09466666666666662
1 0.640890625 0.5088888888888888 0.026843749999999923 0.09997222222222225
1 0.5739375 0.8715555555555555 0.04034375000000008 0.1506111111111112
1 0.7123125 0.6110555555555556 0.045812500000000075 0.11191666666666672
1 0.829015625 0.4198333333333333 0.034546874999999845 0.08911111111111107
1 0.842109375 0.5158611111111111 0.03720312499999991 0.09997222222222225
1 0.9756562499999999 0.5982500000000001 0.048687500000000127 0.1113611111111112
1 0.99375 0.41388888888888886 0.0125 0.08888888888888889
2 0.8608437500000001 0.6068888888888888 0.04489062500000003 0.11191666666666672
0 0.6426093749999999 0.6567777777777778 0.012078125000000028 0.02191666666666663