1 0.15167187499999998 0.6705555555555555 0.03360937499999998 0.13711111111111107
1 0.339 0.4739722222222222 0.034250000000000023 0.09188888888888884
1 0.36178125 0.7550277777777777 0.03692187499999999 0.1511388888888888
1 0.42076562500000003 0.6555555555555556 0.026203124999999973 0.13091666666666665
1 0.4761875 0.5821666666666667 0.031140624999999922 0.11758333333333329
1 0.532296875 0.5947777777777777 0.03475000000000002 0.11902777777777784
1 0.599109375 0.5518888888888889 0.027640625000000085 0.11902777777777784
1 0.629609375 0.4671944444444444 0.030984375000000064 0.09974999999999991
1 0.653734375 0.5448611111111111 0.020265625000000044 0.1121388888888889
1 0.6816093750000001 0.6963055555555554 0.02776562499999997 0.14091666666666663
1 0.66609375 0.49494444444444446 0.027374999999999972 0.08255555555555563
1 0.690171875 0.5129722222222222 0.03475000000000002 0.09508333333333338
1 0.781828125 0.6116666666666666 0.028562499999999956 0.1279722222222222
1 0.790265625 0.52725 0.022281249999999985 0.1040833333333334
1 0.8378593750000001 0.6447777777777778 0.029328124999999972 0.13538888888888892
1 0.803484375 0.43394444444444447 0.022281249999999985 0.08394444444444436
1 0.86209375 0.5210833333333333 0.029328124999999972 0.10547222222222213
1 0.903515625 0.48788888888888887 0.02403125000000017 0.1076388888888889
0 0.660640625 0.40213888888888893 0.011546874999999979 0.01988888888888896