1 0.1933059895833333 0.2758333333333333 0.034195312499999984 0.12766666666666665
1 0.5587213541666666 0.4902152777777778 0.051368489583333364 0.1811805555555555
1 0.7144596354166667 0.4816736111111111 0.05073046875000008 0.15964583333333335
1 0.9234453125000001 0.30756944444444445 0.05134895833333341 0.15030555555555558
1 0.63358984375 0.6959097222222222 0.07029947916666662 0.2208541666666667
1 0.037959635416666665 0.4617106481481481 0.047263020833333336 0.17753009259259256
2 0.4097044270833334 0.5508101851851852 0.04985937500000001 0.1756666666666667
1 0.4379453125 0.340212962962963 0.030389322916666708 0.15091435185185192
2 0.65688671875 0.21218287037037037 0.03386328124999996 0.12662268518518519
1 0.22420833333333334 0.44547453703703704 0.03695703124999999 0.16919675925925923
1 0.22884765625 0.3317569444444445 0.03174739583333335 0.08642361111111109
1 0.26174739583333334 0.4494884259259259 0.03660156249999999 0.1643796296296296
1 0.8194361979166668 0.503025462962963 0.07593359375000001 0.18301851851851855
1 0.08926302083333333 0.46403240740740737 0.04231380208333334 0.18399537037037034
0 0.79259765625 0.5743425925925926 0.01682291666666676 0.034289351851851876