1 0.72146875 0.72675 0.062078125000000026 0.24755555555555556
2 0.146890625 0.5601111111111111 0.050312500000000024 0.1778333333333333
1 0.252296875 0.42266666666666663 0.03487499999999999 0.10805555555555549
1 0.57646875 0.47483333333333333 0.041796875 0.12983333333333336
1 0.76709375 0.49663888888888885 0.04540624999999991 0.13311111111111115
1 0.337203125 0.5635 0.049875000000000023 0.20433333333333334
1 0.42876562500000004 0.4920555555555555 0.03462499999999995 0.07330555555555551
1 0.46910937500000005 0.4632777777777778 0.050093749999999916 0.09916666666666664
1 0.35678125 0.43311111111111106 0.03351562499999998 0.12113888888888892
1 0.33865625 0.9418888888888889 0.06476562499999998 0.11619444444444456
1 0.54503125 0.47130555555555553 0.043265625000000085 0.06919444444444452
1 0.691390625 0.45561111111111113 0.036484375000000034 0.13947222222222216
1 0.7932500000000001 0.4398611111111111 0.030859375000000088 0.11800000000000005
1 0.742765625 0.46619444444444447 0.024906250000000085 0.13630555555555554