2 0.33734375 0.8024444444444444 0.024459635416666715 0.07284259259259265
1 0.7397473958333334 0.8268703703703704 0.01746223958333341 0.07744212962962967
1 0.16225781250000001 0.8121828703703704 0.020354166666666687 0.0792268518518519
1 0.7525546875 0.7545092592592593 0.015222656249999982 0.0643796296296296
1 0.54084765625 0.7595092592592593 0.018764322916666683 0.06226620370370365
1 0.23236458333333332 0.7290254629629629 0.025911458333333335 0.049895833333333375
1 0.5966901041666667 0.7776944444444445 0.013674479166666724 0.07057870370370362
1 0.6672200520833333 0.7861365740740741 0.020082031249999945 0.07513888888888898
1 0.42382552083333336 0.7470347222222222 0.011917968749999968 0.06390277777777786
1 0.3130729166666667 0.6994768518518518 0.011022135416666618 0.05253703703703705
1 0.42008203125 0.7986087962962962 0.012739583333333353 0.0672500000000001
1 0.3260768229166667 0.7291388888888889 0.018113281249999957 0.054127314814814795
1 0.61189453125 0.7697523148148148 0.01845182291666655 0.07036342592592598
1 0.6955377604166666 0.8011643518518519 0.015212239583333323 0.0700694444444444
1 0.6291966145833333 0.7880254629629629 0.015839843749999954 0.06664351851851844
1 0.39375 0.7334212962962964 0.013325520833333352 0.058863425925925916
1 0.5859492187500001 0.7616666666666667 0.011067708333333334 0.06850462962962954
1 0.49422005208333336 0.7748680555555555 0.011626302083333328 0.06993750000000003
1 0.6406341145833333 0.7780046296296297 0.01637760416666675 0.0713703703703703
0 0.35183854166666667 0.7004745370370371 0.0059934895833333 0.009060185185185261