1 0.332375 0.7172777777777779 0.035171874999999984 0.1271666666666666
1 0.44907812500000005 0.6163888888888889 0.03949999999999996 0.11866666666666659
1 0.529484375 0.6679166666666666 0.03643750000000008 0.11866666666666674
1 0.54934375 0.5751388888888889 0.026875000000000072 0.09805555555555559
1 0.595015625 0.67825 0.028312500000000008 0.10836111111111116
1 0.645390625 0.5630277777777778 0.026125000000000044 0.10991666666666665
1 0.679828125 0.5396944444444445 0.03265624999999996 0.09677777777777771
1 0.7110000000000001 0.6275833333333334 0.03989062499999996 0.12305555555555558
1 0.717890625 0.5170277777777778 0.026125000000000044 0.0926666666666667
1 0.739046875 0.508638888888889 0.022062500000000006 0.09911111111111114
1 0.774578125 0.5011666666666666 0.02059374999999992 0.0996388888888889
1 0.7935 0.5051666666666667 0.027999999999999935 0.09988888888888883
1 0.831703125 0.5741111111111111 0.034828124999999946 0.09858333333333336
1 0.8905 0.4663888888888889 0.03206249999999997 0.0996388888888889
1 0.291640625 0.5157222222222222 0.030562500000000003 0.09783333333333324
0 0.337453125 0.7609722222222222 0.013515624999999965 0.029694444444444596