1 0.129515625 0.2593333333333333 0.02046874999999999 0.07308333333333333
1 0.145265625 0.3118611111111111 0.0203125 0.08163888888888893
1 0.29235937500000003 0.2574444444444445 0.020437499999999977 0.06397222222222222
1 0.30321875 0.2177777777777778 0.01200000000000001 0.04897222222222221
1 0.316265625 0.22527777777777777 0.012453125000000042 0.05325000000000005
1 0.43409375 0.34669444444444447 0.02042187500000008 0.07627777777777776
1 0.454984375 0.3244444444444444 0.018453124999999914 0.08002777777777774
1 0.492375 0.2731111111111111 0.014828125000000015 0.060500000000000005
1 0.48565625 0.23077777777777778 0.01498437500000005 0.05086111111111112
1 0.545375 0.23277777777777778 0.013765624999999915 0.057555555555555554
1 0.5918125 0.28008333333333335 0.016171875000000037 0.06369444444444447
1 0.598140625 0.32969444444444446 0.02279687500000005 0.0717222222222222
1 0.6168437499999999 0.29483333333333334 0.01796875 0.0663888888888889
1 0.717875 0.2629444444444444 0.014937499999999914 0.061555555555555544
1 0.7946249999999999 0.30130555555555555 0.024187499999999938 0.07674999999999998
1 0.798640625 0.37383333333333335 0.028000000000000025 0.07486111111111107
1 0.839859375 0.3684444444444444 0.0235468749999999 0.07352777777777782
1 0.9035781249999999 0.32975 0.020687500000000015 0.07713888888888892
1 0.88746875 0.27305555555555555 0.018140624999999844 0.0579444444444444
1 0.6152656249999999 0.19849999999999998 0.010875000000000056 0.04438888888888888
2 0.33571875 0.2896388888888889 0.016484375000000016 0.07599999999999996