1 0.140578125 0.5080277777777777 0.02834374999999998 0.1261388888888888
1 0.193109375 0.3159722222222222 0.036171874999999985 0.0933055555555556
1 0.213421875 0.3777222222222222 0.034453125000000015 0.09691666666666662
1 0.458671875 0.4440555555555556 0.029390624999999913 0.09577777777777782
1 0.525390625 0.42844444444444446 0.03267187499999995 0.08686111111111106
1 0.4134375 0.23122222222222222 0.02829687500000002 0.06877777777777776
1 0.4618125 0.24225 0.023109374999999942 0.07130555555555552
1 0.66590625 0.31166666666666665 0.018843749999999916 0.0818611111111111
1 0.613453125 0.4389166666666666 0.04096875000000004 0.09938888888888882
1 0.723609375 0.3060833333333333 0.02762499999999992 0.0930277777777778
1 0.8146718749999999 0.39669444444444446 0.03253124999999999 0.09022222222222223
1 0.82415625 0.4831111111111111 0.043656250000000084 0.10694444444444444
1 0.832234375 0.5448611111111111 0.0325312499999999 0.12169444444444445
2 0.3355625 0.4031388888888889 0.036687500000000026 0.10233333333333339
0 0.6470625 0.46205555555555555 0.013671875 0.02169444444444445