1 0.028546875 0.4439444444444444 0.04773437500000001 0.15694444444444444
1 0.185453125 0.3209444444444444 0.04457812499999998 0.13316666666666663
1 0.38153125 0.5336111111111111 0.08628125000000005 0.16166666666666663
1 0.24059375 0.21500000000000002 0.034296874999999984 0.11969444444444445
1 0.4448125 0.3048888888888889 0.027578124999999964 0.10499999999999995
1 0.538 0.40725000000000006 0.035812499999999935 0.11925000000000002
1 0.47884374999999996 0.26461111111111113 0.030921874999999942 0.09986111111111116
1 0.53721875 0.2975277777777778 0.04273437500000003 0.11016666666666666
1 0.5529531249999999 0.2076666666666667 0.027328125000000016 0.09311111111111114
1 0.5785 0.27175 0.04049999999999994 0.1141388888888889
1 0.7455625 0.33166666666666667 0.042031249999999964 0.1466666666666667