1 0.272859375 0.4532777777777778 0.02315624999999999 0.10022222222222218
1 0.40700000000000003 0.6573333333333333 0.042109375000000025 0.1180277777777778
1 0.475296875 0.8276388888888888 0.048531249999999915 0.15197222222222231
1 0.4538125 0.63725 0.03379687499999999 0.12250000000000007
1 0.5330781250000001 0.5696388888888889 0.03706250000000004 0.11275000000000009
1 0.662609375 0.7254722222222223 0.05775000000000006 0.12886111111111107
1 0.671390625 0.5165555555555555 0.03767187500000002 0.10969444444444447
1 0.706921875 0.5201666666666667 0.02559374999999999 0.1113611111111112
1 0.7668125 0.6573333333333333 0.03248437499999994 0.12916666666666668
1 0.7911250000000001 0.48280555555555554 0.040312500000000015 0.10358333333333339
1 0.894953125 0.5773333333333334 0.051953125 0.12808333333333338
1 0.9554843749999999 0.5146111111111111 0.03500000000000014 0.10858333333333342
0 0.6046875 0.7794444444444445 0.014046875000000014 0.02488888888888899