1 0.385765625 0.3526388888888889 0.02628124999999999 0.07461111111111107
1 0.326796875 0.45369444444444446 0.03757812500000002 0.11777777777777772
1 0.36553125 0.44838888888888884 0.02659374999999997 0.11277777777777784
1 0.35040625 0.6170277777777777 0.035531250000000014 0.13225000000000003
1 0.4380625 0.4146666666666667 0.025796874999999986 0.09549999999999999
1 0.478515625 0.39402777777777775 0.02517187500000002 0.11000000000000003
1 0.56546875 0.3625277777777777 0.021859375000000014 0.09719444444444447
1 0.5958125 0.37911111111111107 0.021374999999999922 0.08852777777777779
1 0.649125 0.40658333333333335 0.027640625000000085 0.1071944444444445
1 0.7189062500000001 0.3442777777777778 0.019796874999999936 0.08019444444444446
1 0.617609375 0.5331388888888889 0.03674999999999997 0.11497222222222218
1 0.5905625 0.5608611111111111 0.028125 0.12863888888888889
1 0.7287343749999999 0.4415555555555556 0.01750000000000007 0.08797222222222227
1 0.7409687500000001 0.4726388888888889 0.021875 0.1194722222222222
1 0.742859375 0.6988611111111112 0.03693749999999998 0.15088888888888888
1 0.860078125 0.5614166666666667 0.03707812500000003 0.12697222222222215
1 0.9059375 0.35347222222222224 0.026875000000000072 0.09022222222222223
1 0.98203125 0.3402777777777778 0.0359375 0.09166666666666666
2 0.578921875 0.5161944444444445 0.028890625000000014 0.11741666666666661