1 0.037484375 0.5645555555555556 0.05665625 0.1283333333333333
1 0.295609375 0.4606111111111111 0.03496874999999999 0.09502777777777772
1 0.38153125 0.5508888888888889 0.041640624999999966 0.10494444444444437
1 0.40609375 0.5921388888888889 0.055031250000000045 0.1239722222222222
1 0.6227031249999999 0.5663611111111111 0.03959375000000005 0.12794444444444444
1 0.8233593750000001 0.5653611111111111 0.06143749999999999 0.12991666666666662
1 0.887515625 0.5068333333333334 0.03129687499999996 0.12002777777777772
1 0.9237968750000001 0.5084166666666666 0.03909374999999997 0.12319444444444451
1 0.9394218750000001 0.5629722222222222 0.03464062500000011 0.10930555555555561
1 0.9563750000000001 0.48044444444444445 0.03284374999999997 0.11883333333333342
1 0.982609375 0.5005000000000001 0.03395312500000003 0.12319444444444451
2 0.5145625 0.5058333333333334 0.030906249999999958 0.10613888888888884