2 0.7607122395833333 0.5788587962962963 0.023716145833333258 0.08068749999999993
1 0.5356171875 0.568875 0.02752213541666671 0.08311574074074084
1 0.7608294270833333 0.44418981481481484 0.020415364583333446 0.04780092592592593
1 0.6435078125 0.514349537037037 0.022553385416666554 0.06393518518518514
1 0.6663828125 0.653099537037037 0.03227604166666656 0.09358101851851841
1 0.7237669270833333 0.4817916666666667 0.020212239583333277 0.058652777777777804
1 0.8589075520833334 0.5684537037037036 0.027335937500000067 0.0846550925925926
1 0.7593763020833334 0.5182685185185185 0.013437500000000095 0.06579861111111111
1 0.3696067708333333 0.5653541666666666 0.014852864583333295 0.08272453703703701
1 0.6927239583333333 0.46750925925925924 0.014238281250000047 0.059569444444444425
1 0.14464453124999999 0.4806643518518518 0.01713281249999999 0.07313194444444446
1 0.6289153645833333 0.45328703703703704 0.018213541666666562 0.05549305555555556
1 0.5809765625 0.47915046296296293 0.020861979166666583 0.0711782407407407
2 0.6617486979166666 0.408712962962963 0.014811197916666666 0.0550671296296296
1 0.4429661458333333 0.5285925925925926 0.013993489583333367 0.08008796296296307
1 0.7716263020833334 0.5179768518518518 0.016649739583333437 0.06628240740740744