2 0.6840598958333334 0.6074629629629629 0.02224869791666677 0.08162037037037045
1 0.94494140625 0.5792476851851852 0.031424479166666686 0.0837152777777777
1 0.22657031249999998 0.5073333333333333 0.024820312499999986 0.06573379629629636
1 0.468984375 0.6746342592592592 0.03763802083333338 0.1037916666666667
1 0.9911731770833333 0.5238611111111111 0.017653645833333325 0.06919444444444446
1 0.6497135416666667 0.6128888888888888 0.017654947916666684 0.08889351851851841
1 0.3897747395833333 0.7460462962962963 0.04592057291666667 0.10645138888888886
1 0.3113502604166667 0.6502777777777777 0.027726562499999947 0.0858449074074075
1 0.4239765625 0.5585949074074075 0.028488281249999994 0.07747916666666667
1 0.5756263020833334 0.4901018518518518 0.021346354166666734 0.06165740740740738
1 0.8258411458333333 0.6475740740740741 0.03134374999999991 0.09595601851851845
1 0.7508320312500001 0.5140208333333334 0.012598958333333361 0.06285185185185174
1 0.60942578125 0.5597106481481481 0.016408854166666723 0.07280555555555565
1 0.9672057291666667 0.46679629629629626 0.012067708333333371 0.06261342592592588
1 0.23272265625 0.749099537037037 0.030684895833333316 0.10515046296296296
1 0.6157955729166668 0.5204513888888889 0.014963541666666675 0.06748148148148138
1 0.6607356770833334 0.5629837962962964 0.016226562500000104 0.07248148148148145
1 0.4937838541666667 0.5153472222222223 0.018338541666666687 0.07119212962962967
2 0.70665234375 0.4290439814814815 0.013985677083333314 0.05014583333333336