1 0.23195312499999998 0.5070277777777777 0.03664062499999998 0.11963888888888886
1 0.2709375 0.5769444444444444 0.03345312500000004 0.14030555555555552
1 0.28328125000000004 0.6404444444444445 0.029921874999999966 0.13872222222222222
1 0.331265625 0.66225 0.06237500000000003 0.1478055555555555
1 0.37712500000000004 0.6407777777777778 0.04120312500000001 0.14561111111111108
1 0.42298437499999997 0.5539166666666666 0.034140625000000036 0.14125000000000007
1 0.477234375 0.5255277777777778 0.03148437499999997 0.12527777777777785
1 0.50571875 0.5586111111111111 0.026718750000000034 0.14438888888888893
1 0.508984375 0.49919444444444444 0.01735937500000002 0.11022222222222224
1 0.52265625 0.5098611111111111 0.025296875000000087 0.1315555555555556
1 0.58403125 0.5241111111111111 0.035171874999999984 0.12558333333333327
1 0.67196875 0.4643888888888889 0.032859374999999955 0.12213888888888896
1 0.715625 0.47725 0.030203125000000063 0.11649999999999999
1 0.72903125 0.4620277777777778 0.028796874999999923 0.12686111111111115
1 0.870671875 0.6007777777777777 0.040406249999999845 0.13777777777777783
1 0.923265625 0.6218055555555555 0.03443749999999994 0.13588888888888892
2 0.74915625 0.6133333333333334 0.042593749999999986 0.15033333333333335
2 0.31946875 0.52075 0.016609374999999992 0.027972222222222204