1 0.50234375 0.8763888888888889 0.0640625 0.24722222222222223
1 0.28484375 0.5520555555555556 0.033828124999999966 0.11233333333333333
1 0.723640625 0.42783333333333334 0.021859375000000014 0.07030555555555557
1 0.15178125 0.42047222222222225 0.025562499999999978 0.07027777777777781
1 0.5085625 0.44675000000000004 0.019421874999999922 0.0743333333333333
1 0.234921875 0.3721944444444445 0.01864062500000001 0.052361111111111136
1 0.868390625 0.38469444444444445 0.0198125000000001 0.061277777777777785
1 0.323484375 0.3879166666666667 0.018921875000000022 0.05116666666666671
1 0.339203125 0.41383333333333333 0.023406250000000028 0.06794444444444439
1 0.493046875 0.4625555555555556 0.019562499999999972 0.07805555555555561
1 0.7390625 0.3605277777777778 0.014750000000000086 0.04555555555555553
1 0.9302343750000001 0.4091111111111111 0.03368749999999991 0.08208333333333337
1 0.469140625 0.37119444444444444 0.013671875 0.044027777777777805
2 0.6423593750000001 0.4285555555555556 0.019687500000000035 0.06913888888888885
1 0.287734375 0.3556388888888889 0.01512500000000001 0.04455555555555557
1 0.48835937500000004 0.3516388888888889 0.008156250000000042 0.037388888888888874
1 0.495875 0.39358333333333334 0.012765624999999937 0.06041666666666667
1 0.502796875 0.3684444444444444 0.01023437499999993 0.04719444444444447
1 0.54440625 0.35455555555555557 0.011562499999999965 0.04850000000000002