1 0.567453125 0.42666666666666664 0.03539062499999997 0.0996944444444444
1 0.47581249999999997 0.637 0.052046874999999916 0.19661111111111104
1 0.04925 0.4626944444444444 0.04075 0.12822222222222213
1 0.77625 0.537611111111111 0.04787499999999998 0.15138888888888888
1 0.51375 0.42977777777777776 0.027687500000000042 0.09830555555555552
1 0.132046875 0.46605555555555556 0.029640624999999997 0.13361111111111118
1 0.29390625 0.46605555555555556 0.03307812500000003 0.13033333333333338
2 0.165609375 0.4311388888888889 0.026812499999999996 0.12413888888888888
1 0.45376562500000006 0.4350555555555556 0.030171874999999914 0.12844444444444447
1 0.757921875 0.461 0.030171874999999914 0.12433333333333331
1 0.698453125 0.47705555555555557 0.027312500000000028 0.13272222222222216
1 0.66734375 0.37075 0.03728125000000002 0.07488888888888887
1 0.3645625 0.4058333333333333 0.022171874999999997 0.10947222222222225
1 0.385578125 0.4101666666666667 0.02162499999999996 0.09750000000000006
1 0.41224999999999995 0.40355555555555556 0.02464062499999997 0.09530555555555556