1 0.4094375 0.5559166666666666 0.031265624999999984 0.13438888888888886
1 0.510921875 0.641361111111111 0.031234375000000016 0.15319444444444438
1 0.585890625 0.6002500000000001 0.033265624999999945 0.14055555555555563
1 0.59675 0.6680555555555555 0.03470312500000006 0.14724999999999996
1 0.65003125 0.7768055555555555 0.06731250000000007 0.1688611111111111
1 0.639453125 0.5949722222222222 0.03165624999999998 0.14288888888888887
1 0.667359375 0.5963888888888889 0.028031250000000084 0.12769444444444453
1 0.6882343750000001 0.5634166666666667 0.029187499999999922 0.14419444444444451
1 0.8046562500000001 0.5047777777777778 0.04337499999999998 0.11713888888888893
1 0.738984375 0.7623888888888888 0.04367187500000007 0.1503611111111111
1 0.91734375 0.7858333333333333 0.0495000000000001 0.17663888888888898
1 0.967875 0.8216666666666667 0.044703124999999844 0.19155555555555565
1 0.98359375 0.5277777777777778 0.0328125 0.12222222222222222