1 0.299828125 0.4927777777777778 0.05045312500000003 0.15936111111111112
1 0.345890625 0.5264166666666666 0.047578124999999985 0.1649722222222222
1 0.397453125 0.39869444444444446 0.06023437499999997 0.14811111111111108
1 0.4404375 0.4894444444444444 0.046656250000000024 0.1446111111111111
1 0.506921875 0.442 0.03790624999999999 0.13013888888888894
1 0.5150625 0.36722222222222217 0.04212500000000006 0.10388888888888886
1 0.554578125 0.4315277777777778 0.04271875000000005 0.1467777777777777
1 0.6622343749999999 0.4080833333333333 0.04089062499999994 0.11863888888888888
1 0.7095 0.37297222222222226 0.03440624999999997 0.10738888888888892
1 0.923890625 0.40422222222222226 0.03792187499999997 0.1457222222222222
1 0.884828125 0.5816666666666667 0.04728124999999998 0.17891666666666672
1 0.819234375 0.7364444444444445 0.05784374999999997 0.20166666666666672
1 0.9113749999999999 0.7435555555555555 0.04606250000000003 0.19174999999999992
2 0.500296875 0.5712222222222222 0.06837499999999999 0.14463888888888887