1 0.229828125 0.5401388888888888 0.030562500000000003 0.09355555555555557
1 0.702140625 0.4431111111111111 0.02706250000000008 0.07105555555555551
1 0.345125 0.5909444444444445 0.035296874999999964 0.12636111111111115
1 0.39196875000000003 0.5635555555555556 0.03239062500000003 0.1036944444444444
1 0.9814999999999999 0.4275277777777778 0.030406250000000058 0.07783333333333328
1 0.67015625 0.5207222222222222 0.02960937500000007 0.10425000000000008
1 0.7868125 0.4361111111111111 0.02257812500000007 0.08269444444444439
1 0.765671875 0.4315555555555556 0.02300000000000004 0.08850000000000004
1 0.9030781250000001 0.4748888888888889 0.030375000000000086 0.10608333333333332
1 0.816203125 0.4467222222222222 0.014124999999999943 0.07813888888888888
1 0.56346875 0.42083333333333334 0.02204687500000002 0.056972222222222195
0 0.359625 0.6351388888888889 0.013593749999999983 0.024305555555555556