1 0.21475 0.3569722222222222 0.020718749999999987 0.07152777777777777
1 0.27365625 0.4101388888888889 0.03117187499999998 0.08613888888888886
1 0.33303125 0.5618055555555556 0.038406249999999975 0.10194444444444441
1 0.35757812499999997 0.39216666666666666 0.02614062500000003 0.08241666666666671
1 0.43034375 0.3904444444444444 0.026687500000000065 0.08391666666666665
1 0.505 0.41075 0.02681249999999995 0.09480555555555555
1 0.4645625 0.5056666666666666 0.02960937500000007 0.11113888888888887
1 0.49279687499999997 0.5310833333333334 0.04562500000000007 0.11980555555555554
1 0.5649375 0.6409722222222223 0.04073437500000008 0.15372222222222232
1 0.5848125 0.5437222222222222 0.034468749999999916 0.12030555555555557
1 0.56946875 0.42786111111111114 0.026093750000000072 0.09430555555555552
1 0.612625 0.4367777777777778 0.030140624999999942 0.10222222222222226
1 0.732609375 0.3593333333333334 0.02335937500000007 0.08863888888888892
1 0.79528125 0.5574722222222223 0.03296874999999995 0.14036111111111105
1 0.821703125 0.48794444444444446 0.025859374999999928 0.1228055555555555
1 0.8772500000000001 0.5030833333333333 0.02960937500000007 0.1183333333333334
1 0.929171875 0.6424722222222222 0.03168749999999996 0.15669444444444453
2 0.13674999999999998 0.48177777777777775 0.026437499999999982 0.11786111111111112