1 0.054531249999999996 0.3335555555555556 0.024531250000000004 0.10697222222222223
1 0.09009375 0.5163055555555556 0.038640625 0.13094444444444442
1 0.161609375 0.5125555555555555 0.03540624999999999 0.1190555555555556
1 0.5482812499999999 0.6651111111111111 0.05021874999999998 0.14874999999999997
1 0.63415625 0.6212777777777778 0.05095312500000002 0.11836111111111115
1 0.208890625 0.28661111111111115 0.022140625000000004 0.08805555555555553
1 0.18515625 0.1428611111111111 0.018062500000000002 0.058333333333333334
1 0.25396874999999997 0.11644444444444445 0.015749999999999976 0.0566111111111111
1 0.26296875000000003 0.20827777777777778 0.017390624999999993 0.07616666666666665
1 0.313140625 0.20805555555555558 0.016484375000000016 0.07444444444444445
1 0.39121875 0.1891388888888889 0.022281249999999985 0.07102777777777776
1 0.3785625 0.2592777777777778 0.020796875000000003 0.0842222222222222
1 0.455234375 0.2903055555555556 0.022265625 0.08672222222222221
1 0.49225 0.23663888888888887 0.019656250000000063 0.08927777777777773
1 0.528359375 0.2036388888888889 0.018906250000000034 0.0748611111111111
1 0.583265625 0.2936944444444445 0.02006250000000005 0.08955555555555558
1 0.678015625 0.4154722222222222 0.026437499999999937 0.09891666666666671
1 0.6875 0.4086666666666667 0.043187499999999976 0.11041666666666666
1 0.8990625 0.1779722222222222 0.02659374999999997 0.07463888888888891
2 0.36059375 0.19952777777777778 0.02106250000000003 0.07572222222222222
0 0.528921875 0.6884722222222222 0.012421875000000072 0.027583333333333352