1 0.4524765625 0.667587962962963 0.05523958333333331 0.24647685185185178
1 0.8310924479166667 0.6257754629629629 0.056846354166666654 0.21342361111111105
1 0.8911067708333333 0.3328726851851852 0.06818489583333331 0.16465740740740745
1 0.5938372395833333 0.6136087962962963 0.04857552083333327 0.20023611111111123
1 0.40513802083333333 0.6015902777777777 0.0620729166666667 0.21616203703703696
1 0.037128906249999996 0.2672800925925926 0.043613281250000004 0.08633564814814818
1 0.3196497395833333 0.5466574074074074 0.06705208333333333 0.09948379629629618
1 0.7961653645833333 0.8122523148148147 0.06145833333333333 0.2762384259259258
1 0.2903893229166667 0.4401574074074074 0.07066015625000001 0.18087500000000004
1 0.32201562499999997 0.6771712962962964 0.06257942708333329 0.2081481481481481
1 0.5725651041666667 0.5475092592592592 0.03995182291666666 0.170275462962963
1 0.025343749999999998 0.3735902777777778 0.050687499999999996 0.16239814814814812