1 0.197515625 0.6169444444444444 0.03296875000000001 0.16958333333333336
1 0.2095625 0.6706944444444444 0.03921875000000001 0.18583333333333327
1 0.242046875 0.7216666666666667 0.03496874999999999 0.22033333333333338
1 0.235796875 0.5627777777777777 0.03140625000000004 0.1446111111111111
1 0.27071875 0.5863888888888888 0.036531249999999994 0.1640277777777778
1 0.27575 0.5020833333333333 0.026484374999999984 0.12636111111111115
1 0.327078125 0.534 0.030937500000000017 0.13866666666666672
1 0.32975 0.45663888888888887 0.027374999999999972 0.11883333333333326
1 0.40374999999999994 0.45644444444444443 0.025796874999999986 0.1382777777777777
1 0.497265625 0.4346111111111111 0.020875000000000022 0.11844444444444441
1 0.513671875 0.42469444444444443 0.020203124999999923 0.12241666666666665
1 0.52528125 0.5572222222222222 0.03448437500000008 0.16525000000000004
1 0.67303125 0.6389444444444444 0.04428125000000005 0.18586111111111117
1 0.8056093750000001 0.6657500000000001 0.04157812499999993 0.17988888888888893
1 0.8348437499999999 0.4939444444444444 0.0330937500000001 0.14580555555555558
1 0.7249218749999999 0.46952777777777777 0.029765624999999928 0.14066666666666663
2 0.670578125 0.6843888888888888 0.043828124999999926 0.19336111111111115