1 0.8251875 0.7198055555555556 0.07084374999999996 0.24469444444444452
1 0.48168749999999994 0.35238888888888886 0.025437499999999957 0.10877777777777776
1 0.326984375 0.5735555555555555 0.06859374999999997 0.19875000000000004
1 0.240265625 0.42016666666666663 0.04162499999999998 0.14180555555555557
1 0.850671875 0.3463611111111111 0.031218750000000028 0.12177777777777783
1 0.678515625 0.3044722222222222 0.03039062500000007 0.10027777777777776
1 0.904921875 0.28197222222222224 0.032421875 0.0992777777777778
1 0.9760781250000001 0.3179722222222222 0.03235937500000006 0.11644444444444449
0 0.2363125 0.777888888888889 0.028031249999999997 0.05097222222222229
1 0.81925 0.3021388888888889 0.0325312499999999 0.1273611111111111
1 0.476 0.21988888888888888 0.019906250000000014 0.07719444444444443
1 0.715359375 0.3159166666666667 0.02315625000000008 0.10986111111111106
1 0.698140625 0.2981388888888889 0.016281249999999935 0.11452777777777776
1 0.96371875 0.24105555555555555 0.024500000000000098 0.06963888888888888