1 0.210890625 0.3972777777777778 0.033546874999999976 0.10725000000000004
1 0.304125 0.5482222222222223 0.04857812499999996 0.17277777777777775
1 0.5369843750000001 0.39749999999999996 0.03428125000000008 0.09977777777777783
1 0.13874999999999998 0.3627222222222223 0.026578124999999987 0.10302777777777775
1 0.305171875 0.34911111111111115 0.023453124999999984 0.10013888888888892
1 0.548140625 0.46649999999999997 0.04118750000000002 0.138
2 0.260765625 0.3536944444444444 0.02553124999999996 0.10238888888888885
1 0.159765625 0.37911111111111107 0.027046875000000005 0.1056111111111111
1 0.883453125 0.3577222222222222 0.029843749999999857 0.08680555555555555
1 0.423265625 0.39741666666666664 0.03068749999999998 0.1184722222222222
1 0.46153125 0.4783333333333333 0.04112500000000008 0.14049999999999996
1 0.48157812499999997 0.35111111111111115 0.027312500000000028 0.06669444444444442
1 0.479046875 0.3992222222222222 0.025437499999999957 0.08736111111111108
1 0.44701562499999997 0.34175 0.018859375000000077 0.06397222222222226