1 0.345890625 0.6660833333333334 0.05060937499999998 0.14941666666666673
1 0.419703125 0.6366111111111111 0.042906250000000014 0.16550000000000004
1 0.386375 0.5711944444444444 0.03959374999999996 0.16336111111111112
1 0.3940625 0.4398611111111111 0.03989062499999996 0.09372222222222225
1 0.55390625 0.5153055555555556 0.033828124999999966 0.1400555555555556
1 0.6373593750000001 0.5596666666666666 0.030953124999999915 0.16713888888888892
1 0.65046875 0.47108333333333335 0.03245312499999997 0.11058333333333334
1 0.7570781249999999 0.44027777777777777 0.04962499999999999 0.11863888888888884
1 0.9200312500000001 0.4907777777777778 0.06639062500000001 0.1446111111111111
2 0.992046875 0.6608333333333334 0.0159062500000001 0.18180555555555553
0 0.513046875 0.5366666666666666 0.01548437499999995 0.024972222222222246