1 0.12262500000000001 0.6005833333333334 0.037921875000000015 0.13558333333333333
1 0.18056250000000001 0.38705555555555554 0.0361875 0.09886111111111108
1 0.20659375 0.349 0.03178124999999998 0.09244444444444445
1 0.22368749999999998 0.42175 0.025203124999999993 0.0985555555555556
1 0.306640625 0.48977777777777776 0.037406249999999995 0.12308333333333334
1 0.306015625 0.36727777777777776 0.03615624999999998 0.09830555555555552
1 0.365140625 0.44183333333333336 0.025796874999999986 0.10524999999999997
1 0.47301562500000005 0.3518055555555556 0.02829687500000002 0.0868611111111111
1 0.691390625 0.4584166666666667 0.03060937500000005 0.09661111111111119
1 0.7415625 0.46886111111111106 0.03687500000000003 0.10913888888888895
0 0.74728125 0.5033333333333333 0.010671875000000063 0.02091666666666659