1 0.14109765625 0.495 0.05424348958333334 0.15631481481481477
1 0.35416015624999997 0.5086250000000001 0.04641927083333333 0.18179398148148151
1 0.061009114583333336 0.4094259259259259 0.036061197916666655 0.14240277777777774
1 0.6337408854166667 0.549349537037037 0.03431901041666663 0.18336805555555552
1 0.28201171875 0.4823634259259259 0.04985026041666669 0.17025000000000007
1 0.14062239583333333 0.38613657407407403 0.03157421874999999 0.09584490740740745
1 0.873578125 0.5474976851851852 0.038949218749999896 0.18652777777777782
1 0.7156171874999999 0.532587962962963 0.03183463541666664 0.18841898148148153
1 0.51323046875 0.5193773148148149 0.029984374999999966 0.17090046296296296
1 0.6077434895833334 0.517775462962963 0.036446614583333314 0.17092361111111112
1 0.4782825520833333 0.5197523148148148 0.035966145833333366 0.17767592592592585
1 0.43605468750000004 0.528037037037037 0.03295182291666663 0.17660648148148156
1 0.8360924479166666 0.5107384259259259 0.041315104166666575 0.20547222222222225
0 0.7835065104166666 0.3176574074074074 0.018149739583333258 0.03060185185185181
1 0.9022877604166666 0.5423217592592593 0.039402343750000075 0.184125