1 0.149484375 0.6850277777777778 0.061484374999999994 0.22547222222222219
1 0.5710468750000001 0.6838888888888889 0.049515625000000084 0.21955555555555553
1 0.7402656249999999 0.6306388888888889 0.05314062499999998 0.18086111111111108
1 0.48315625000000006 0.42105555555555557 0.028140624999999985 0.10186111111111115
1 0.35190625 0.44925 0.03596874999999997 0.1334444444444445
1 0.2536875 0.4010277777777778 0.030921875000000033 0.09947222222222223
1 0.58075 0.41344444444444445 0.030515624999999956 0.11997222222222222
1 0.63840625 0.4245833333333333 0.030656250000000006 0.11388888888888889
1 0.42709374999999994 0.4262222222222222 0.045656250000000044 0.061527777777777716
1 0.6052500000000001 0.41530555555555554 0.03734374999999997 0.11238888888888883
1 0.128109375 0.4314444444444444 0.02909375000000001 0.11277777777777784
1 0.28021875 0.45433333333333337 0.02734375 0.13211111111111112
1 0.72859375 0.5167777777777778 0.02915624999999995 0.13066666666666674
1 0.7443593749999999 0.4731944444444444 0.02329687499999995 0.12008333333333339
1 0.6776093750000001 0.39852777777777776 0.021140624999999958 0.09994444444444446
2 0.092 0.4503611111111111 0.032499999999999994 0.13230555555555554